card_id	review_th	delta_t	rating	i	r_history	t_history	y	stability	p
1471.0	8175.0	32.0	4.0	2.0	3	0	1.0	11.67913818359375	0.749251742246213
899.0	8177.0	48.0	3.0	3.0	2,4	0,14	1.0	11.67913818359375	0.6485472799829566
523.0	8178.0	29.0	2.0	8.0	3,2,1,2,4,4,3	0,42,64,11,2,4,13	1.0	11.67913818359375	0.7698062075881518
4766.0	8180.0	35.0	4.0	2.0	3	0	1.0	11.67913818359375	0.7292460982067378
1387.0	8181.0	12.0	2.0	6.0	2,3,4,2,2	0,2,3,8,11	1.0	11.67913818359375	0.8973986472960032
1416.0	8184.0	34.0	2.0	2.0	3	0	1.0	11.67913818359375	0.7358545787948659
1521.0	8185.0	31.0	3.0	2.0	2	0	1.0	11.67913818359375	0.7560415154193999
957.0	8187.0	5.0	2.0	4.0	2,4,1	0,12,42	1.0	11.67913818359375	0.955895875535145
539.0	8188.0	59.0	3.0	4.0	3,2,2	0,40,66	1.0	11.67913818359375	0.5872796270249686
1013.0	8190.0	47.0	4.0	3.0	2,4	0,12	1.0	11.67913818359375	0.6544244620766146
1039.0	8191.0	5.0	4.0	10.0	2,1,3,2,2,2,2,4,1	0,6,2,3,4,4,5,6,18	1.0	11.67913818359375	0.955895875535145
1999.0	8195.0	5.0	4.0	2.0	2	0	1.0	11.67913818359375	0.955895875535145
5350.0	8197.0	6.0	4.0	2.0	2	0	1.0	11.67913818359375	0.9473112726532938
4852.0	8200.0	32.0	4.0	2.0	3	0	1.0	11.67913818359375	0.749251742246213
2006.0	8203.0	5.0	4.0	2.0	2	0	1.0	11.67913818359375	0.955895875535145
4851.0	8206.0	32.0	4.0	2.0	3	0	1.0	11.67913818359375	0.749251742246213
4811.0	8208.0	33.0	4.0	2.0	3	0	1.0	11.67913818359375	0.7425229459093547
1390.0	8210.0	36.0	4.0	2.0	3	0	1.0	11.67913818359375	0.722696966322745
1179.0	8212.0	33.0	4.0	5.0	2,4,4,4	0,1,3,8	1.0	11.67913818359375	0.7425229459093547
4863.0	8214.0	31.0	4.0	2.0	3	0	1.0	11.67913818359375	0.7560415154193999
1096.0	8218.0	5.0	4.0	9.0	2,2,3,2,2,3,2,1	0,1,2,3,7,6,10,14	1.0	11.67913818359375	0.955895875535145
1028.0	8220.0	28.0	3.0	4.0	2,4,2	0,7,19	1.0	11.67913818359375	0.7767822468045106
4765.0	8222.0	35.0	4.0	2.0	3	0	1.0	11.67913818359375	0.7292460982067378
4830.0	8224.0	33.0	4.0	2.0	3	0	1.0	11.67913818359375	0.7425229459093547
4853.0	8225.0	32.0	4.0	2.0	3	0	1.0	11.67913818359375	0.749251742246213
895.0	8226.0	48.0	1.0	3.0	2,4	0,14	0.0	11.67913818359375	0.6485472799829566
5127.0	8227.0	7.0	2.0	5.0	2,1,1,2	0,5,1,5	1.0	11.67913818359375	0.938803765413892
1165.0	8229.0	5.0	1.0	9.0	2,2,2,2,4,2,1,2	0,3,3,3,3,10,14,4	0.0	11.67913818359375	0.955895875535145
5332.0	8230.0	7.0	4.0	2.0	3	0	1.0	11.67913818359375	0.938803765413892
4873.0	8232.0	23.0	4.0	5.0	2,2,4,4	0,1,1,5	1.0	11.67913818359375	0.812622239184409
923.0	8233.0	47.0	2.0	3.0	2,4	0,14	1.0	11.67913818359375	0.6544244620766146
938.0	8235.0	19.0	4.0	5.0	3,1,4,4	0,33,2,5	1.0	11.67913818359375	0.842481229158821
5381.0	8236.0	5.0	3.0	2.0	2	0	1.0	11.67913818359375	0.955895875535145
895.0	8238.0	1.0	2.0	4.0	2,4,1	0,14,48	1.0	11.67913818359375	0.9910193117246737
1165.0	8239.0	1.0	2.0	10.0	2,2,2,2,4,2,1,2,1	0,3,3,3,3,10,14,4,5	1.0	11.67913818359375	0.9910193117246737
5340.0	8240.0	7.0	4.0	2.0	2	0	1.0	11.67913818359375	0.938803765413892
4699.0	8243.0	39.0	4.0	2.0	3	0	1.0	11.67913818359375	0.7034003568636636
4832.0	8245.0	34.0	4.0	2.0	3	0	1.0	11.67913818359375	0.7358545787948659
2007.0	8246.0	6.0	4.0	2.0	2	0	1.0	11.67913818359375	0.9473112726532938
4836.0	8247.0	34.0	4.0	2.0	3	0	1.0	11.67913818359375	0.7358545787948659
5057.0	8248.0	14.0	3.0	4.0	2,3,3	0,2,6	1.0	11.67913818359375	0.8813525099553019
4738.0	8250.0	38.0	4.0	2.0	3	0	1.0	11.67913818359375	0.7097746214849577
1351.0	8251.0	38.0	4.0	2.0	3	0	1.0	11.67913818359375	0.7097746214849577
1505.0	8253.0	32.0	4.0	2.0	3	0	1.0	11.67913818359375	0.749251742246213
1359.0	8254.0	37.0	4.0	2.0	3	0	1.0	11.67913818359375	0.7162066501506766
1380.0	8256.0	37.0	4.0	2.0	3	0	1.0	11.67913818359375	0.7162066501506766
1452.0	8257.0	34.0	4.0	2.0	3	0	1.0	11.67913818359375	0.7358545787948659
1369.0	8259.0	37.0	4.0	2.0	3	0	1.0	11.67913818359375	0.7162066501506766
4849.0	8262.0	33.0	4.0	2.0	3	0	1.0	11.67913818359375	0.7425229459093547
1222.0	8263.0	6.0	4.0	3.0	3,1	0,37	1.0	11.67913818359375	0.9473112726532938
1212.0	8265.0	18.0	2.0	5.0	2,4,2,2	0,3,10,12	1.0	11.67913818359375	0.8501158546473211
5329.0	8266.0	8.0	4.0	2.0	3	0	1.0	11.67913818359375	0.9303726614450073
1997.0	8268.0	6.0	2.0	2.0	2	0	1.0	11.67913818359375	0.9473112726532938
499.0	8269.0	130.0	1.0	3.0	3,4	0,39	0.0	11.67913818359375	0.3095104246058614
2003.0	8271.0	6.0	3.0	2.0	2	0	1.0	11.67913818359375	0.9473112726532938
1422.0	8272.0	35.0	4.0	2.0	3	0	1.0	11.67913818359375	0.7292460982067378
5339.0	8274.0	7.0	4.0	2.0	2	0	1.0	11.67913818359375	0.938803765413892
5360.0	8275.0	6.0	4.0	2.0	2	0	1.0	11.67913818359375	0.9473112726532938
1362.0	8277.0	37.0	4.0	2.0	3	0	1.0	11.67913818359375	0.7162066501506766
1463.0	8278.0	34.0	4.0	2.0	3	0	1.0	11.67913818359375	0.7358545787948659
5177.0	8280.0	8.0	3.0	3.0	2,2	0,5	1.0	11.67913818359375	0.9303726614450073
5344.0	8281.0	7.0	3.0	2.0	2	0	1.0	11.67913818359375	0.938803765413892
1394.0	8283.0	37.0	4.0	2.0	3	0	1.0	11.67913818359375	0.7162066501506766
4861.0	8284.0	32.0	4.0	2.0	3	0	1.0	11.67913818359375	0.749251742246213
5382.0	8286.0	6.0	2.0	2.0	1	0	1.0	11.67913818359375	0.9473112726532938
1378.0	8287.0	22.0	3.0	6.0	2,2,3,3,3	0,2,2,4,7	1.0	11.67913818359375	0.8199862803583516
1421.0	8289.0	5.0	1.0	6.0	2,3,4,1,1	0,2,4,20,4	0.0	11.67913818359375	0.955895875535145
1996.0	8290.0	6.0	4.0	3.0	1,2	0,1	1.0	11.67913818359375	0.9473112726532938
4803.0	8293.0	34.0	4.0	2.0	3	0	1.0	11.67913818359375	0.7358545787948659
4824.0	8298.0	34.0	4.0	2.0	3	0	1.0	11.67913818359375	0.7358545787948659
5178.0	8299.0	8.0	2.0	3.0	2,2	0,5	1.0	11.67913818359375	0.9303726614450073
4865.0	8301.0	32.0	4.0	2.0	3	0	1.0	11.67913818359375	0.749251742246213
5378.0	8302.0	6.0	3.0	2.0	2	0	1.0	11.67913818359375	0.9473112726532938
1812.0	8304.0	5.0	3.0	5.0	2,1,1,1	0,1,5,4	1.0	11.67913818359375	0.955895875535145
4882.0	8305.0	32.0	4.0	2.0	3	0	1.0	11.67913818359375	0.749251742246213
1761.0	8307.0	16.0	4.0	4.0	2,2,4	0,1,4	1.0	11.67913818359375	0.8655932891642663
4886.0	8308.0	32.0	4.0	2.0	3	0	1.0	11.67913818359375	0.749251742246213
1960.0	8310.0	8.0	4.0	2.0	3	0	1.0	11.67913818359375	0.9303726614450073
1816.0	8311.0	5.0	3.0	5.0	2,1,1,1	0,1,4,4	1.0	11.67913818359375	0.955895875535145
1248.0	8313.0	21.0	3.0	5.0	2,3,4,2	0,2,4,15	1.0	11.67913818359375	0.8274170550030222
4807.0	8314.0	34.0	3.0	2.0	3	0	1.0	11.67913818359375	0.7358545787948659
4754.0	8318.0	36.0	4.0	2.0	3	0	1.0	11.67913818359375	0.722696966322745
4782.0	8319.0	36.0	4.0	2.0	3	0	1.0	11.67913818359375	0.722696966322745
4745.0	8321.0	36.0	4.0	2.0	3	0	1.0	11.67913818359375	0.722696966322745
1929.0	8322.0	5.0	1.0	3.0	1,1	0,4	0.0	11.67913818359375	0.955895875535145
2029.0	8324.0	5.0	3.0	2.0	2	0	1.0	11.67913818359375	0.955895875535145
1969.0	8326.0	7.0	4.0	2.0	3	0	1.0	11.67913818359375	0.938803765413892
1660.0	8327.0	18.0	4.0	4.0	2,3,4	0,2,4	1.0	11.67913818359375	0.8501158546473211
2016.0	8329.0	5.0	2.0	3.0	2,2	0,1	1.0	11.67913818359375	0.955895875535145
1757.0	8330.0	6.0	1.0	8.0	2,1,1,1,1,2,2	0,1,4,1,4,1,4	0.0	11.67913818359375	0.9473112726532938
4780.0	8332.0	36.0	4.0	2.0	3	0	1.0	11.67913818359375	0.722696966322745
2002.0	8333.0	6.0	4.0	2.0	2	0	1.0	11.67913818359375	0.9473112726532938
1974.0	8335.0	7.0	1.0	2.0	3	0	0.0	11.67913818359375	0.938803765413892
1482.0	8337.0	22.0	3.0	5.0	2,3,4,3	0,1,3,7	1.0	11.67913818359375	0.8199862803583516
1995.0	8338.0	6.0	3.0	3.0	2,2	0,1	1.0	11.67913818359375	0.9473112726532938
5325.0	8340.0	8.0	3.0	2.0	3	0	1.0	11.67913818359375	0.9303726614450073
4773.0	8341.0	36.0	3.0	2.0	3	0	1.0	11.67913818359375	0.722696966322745
1952.0	8343.0	8.0	1.0	2.0	1	0	0.0	11.67913818359375	0.9303726614450073
1987.0	8344.0	7.0	4.0	2.0	3	0	1.0	11.67913818359375	0.938803765413892
1355.0	8346.0	37.0	4.0	2.0	3	0	1.0	11.67913818359375	0.7162066501506766
4776.0	8347.0	36.0	3.0	2.0	3	0	1.0	11.67913818359375	0.722696966322745
1643.0	8349.0	9.0	1.0	5.0	2,3,2,2	0,2,6,7	0.0	11.67913818359375	0.9220172745926841
1902.0	8361.0	5.0	3.0	4.0	2,1,1	0,1,4	1.0	11.67913818359375	0.955895875535145
4798.0	8362.0	35.0	4.0	2.0	3	0	1.0	11.67913818359375	0.7292460982067378
1964.0	8364.0	8.0	4.0	2.0	3	0	1.0	11.67913818359375	0.9303726614450073
1580.0	8365.0	10.0	1.0	8.0	2,1,2,1,3,3,2	0,1,3,3,1,3,8	0.0	11.67913818359375	0.9137369248651014
2034.0	8367.0	5.0	2.0	2.0	2	0	1.0	11.67913818359375	0.955895875535145
1738.0	8368.0	7.0	1.0	6.0	2,2,2,1,2	0,1,2,6,5	0.0	11.67913818359375	0.938803765413892
1606.0	8370.0	13.0	1.0	4.0	2,3,2	0,4,10	0.0	11.67913818359375	0.8893393897859383
1968.0	8371.0	8.0	4.0	2.0	3	0	1.0	11.67913818359375	0.9303726614450073
1519.0	8373.0	24.0	4.0	4.0	2,3,4	0,2,6	1.0	11.67913818359375	0.8053243321686963
1959.0	8374.0	8.0	4.0	2.0	3	0	1.0	11.67913818359375	0.9303726614450073
1985.0	8376.0	7.0	4.0	2.0	3	0	1.0	11.67913818359375	0.938803765413892
1622.0	8377.0	5.0	3.0	9.0	2,1,1,2,1,1,1,1	0,2,1,2,8,1,4,4	1.0	11.67913818359375	0.955895875535145
1530.0	8379.0	32.0	2.0	2.0	3	0	1.0	11.67913818359375	0.749251742246213
2013.0	8380.0	5.0	4.0	3.0	2,2	0,1	1.0	11.67913818359375	0.955895875535145
1905.0	8382.0	5.0	3.0	4.0	1,2,1	0,1,4	1.0	11.67913818359375	0.955895875535145
1983.0	8384.0	7.0	4.0	2.0	3	0	1.0	11.67913818359375	0.938803765413892
1492.0	8385.0	33.0	4.0	2.0	3	0	1.0	11.67913818359375	0.7425229459093547
4817.0	8387.0	34.0	4.0	2.0	3	0	1.0	11.67913818359375	0.7358545787948659
1944.0	8388.0	4.0	3.0	3.0	1,1	0,5	1.0	11.67913818359375	0.9645582727057019
1508.0	8390.0	12.0	2.0	5.0	2,3,2,2	0,3,6,11	1.0	11.67913818359375	0.8973986472960032
1534.0	8391.0	23.0	4.0	5.0	2,2,4,4	0,1,2,6	1.0	11.67913818359375	0.812622239184409
1498.0	8393.0	20.0	4.0	5.0	2,2,4,3	0,3,2,7	1.0	11.67913818359375	0.8349151678619319
4846.0	8394.0	33.0	4.0	2.0	3	0	1.0	11.67913818359375	0.7425229459093547
1207.0	8396.0	21.0	4.0	5.0	2,3,4,2	0,3,5,16	1.0	11.67913818359375	0.8274170550030222
1852.0	8397.0	8.0	3.0	3.0	2,3	0,5	1.0	11.67913818359375	0.9303726614450073
4870.0	8402.0	32.0	4.0	2.0	3	0	1.0	11.67913818359375	0.749251742246213
890.0	8403.0	34.0	2.0	3.0	3,2	0,29	1.0	11.67913818359375	0.7358545787948659
4868.0	8405.0	32.0	4.0	2.0	3	0	1.0	11.67913818359375	0.749251742246213
1887.0	8406.0	7.0	1.0	3.0	2,3	0,4	0.0	11.67913818359375	0.938803765413892
5330.0	8411.0	8.0	3.0	2.0	3	0	1.0	11.67913818359375	0.9303726614450073
4866.0	8417.0	32.0	4.0	2.0	3	0	1.0	11.67913818359375	0.749251742246213
5356.0	8423.0	7.0	4.0	2.0	3	0	1.0	11.67913818359375	0.938803765413892
1822.0	8424.0	9.0	4.0	4.0	2,2,3	0,1,4	1.0	11.67913818359375	0.9220172745926841
1424.0	8427.0	35.0	4.0	2.0	3	0	1.0	11.67913818359375	0.7292460982067378
1411.0	8428.0	35.0	4.0	2.0	3	0	1.0	11.67913818359375	0.7292460982067378
1957.0	8430.0	8.0	4.0	2.0	3	0	1.0	11.67913818359375	0.9303726614450073
1833.0	8431.0	9.0	4.0	3.0	2,3	0,4	1.0	11.67913818359375	0.9220172745926841
1558.0	8433.0	20.0	4.0	4.0	2,4,3	0,2,7	1.0	11.67913818359375	0.8349151678619319
4833.0	8434.0	33.0	4.0	2.0	3	0	1.0	11.67913818359375	0.7425229459093547
1427.0	8436.0	35.0	1.0	2.0	3	0	0.0	11.67913818359375	0.7292460982067378
1448.0	8437.0	35.0	4.0	2.0	3	0	1.0	11.67913818359375	0.7292460982067378
1403.0	8439.0	37.0	4.0	2.0	3	0	1.0	11.67913818359375	0.7162066501506766
1550.0	8440.0	30.0	4.0	2.0	3	0	1.0	11.67913818359375	0.7628928180053915
1433.0	8442.0	35.0	4.0	2.0	3	0	1.0	11.67913818359375	0.7292460982067378
1188.0	8443.0	22.0	4.0	5.0	2,4,4,2	0,2,5,16	1.0	11.67913818359375	0.8199862803583516
1446.0	8446.0	35.0	4.0	2.0	2	0	1.0	11.67913818359375	0.7292460982067378
1552.0	8448.0	30.0	4.0	2.0	3	0	1.0	11.67913818359375	0.7628928180053915
1575.0	8449.0	29.0	4.0	2.0	3	0	1.0	11.67913818359375	0.7698062075881518
1947.0	8451.0	8.0	4.0	2.0	3	0	1.0	11.67913818359375	0.9303726614450073
1242.0	8454.0	12.0	3.0	7.0	2,4,2,2,2,2	0,2,6,7,6,9	1.0	11.67913818359375	0.8973986472960032
1958.0	8455.0	8.0	4.0	2.0	3	0	1.0	11.67913818359375	0.9303726614450073
5326.0	8457.0	8.0	4.0	2.0	3	0	1.0	11.67913818359375	0.9303726614450073
4924.0	8458.0	30.0	4.0	2.0	3	0	1.0	11.67913818359375	0.7628928180053915
1799.0	8460.0	9.0	3.0	4.0	2,2,3	0,1,5	1.0	11.67913818359375	0.9220172745926841
1160.0	8461.0	30.0	2.0	5.0	2,2,3,4	0,3,4,9	1.0	11.67913818359375	0.7628928180053915
1545.0	8463.0	30.0	4.0	2.0	3	0	1.0	11.67913818359375	0.7628928180053915
5324.0	8464.0	8.0	4.0	2.0	3	0	1.0	11.67913818359375	0.9303726614450073
1383.0	8465.0	37.0	4.0	2.0	3	0	1.0	11.67913818359375	0.7162066501506766
1567.0	8466.0	29.0	4.0	2.0	3	0	1.0	11.67913818359375	0.7698062075881518
1562.0	8467.0	29.0	4.0	2.0	3	0	1.0	11.67913818359375	0.7698062075881518
4823.0	8468.0	33.0	4.0	2.0	3	0	1.0	11.67913818359375	0.7425229459093547
5348.0	8478.0	8.0	4.0	2.0	3	0	1.0	11.67913818359375	0.9303726614450073
5386.0	8479.0	6.0	3.0	2.0	2	0	1.0	11.67913818359375	0.9473112726532938
4724.0	8481.0	28.0	3.0	5.0	2,2,4,4	0,1,3,7	1.0	11.67913818359375	0.7767822468045106
2039.0	8483.0	5.0	1.0	2.0	2	0	0.0	11.67913818359375	0.955895875535145
4926.0	8485.0	31.0	4.0	2.0	3	0	1.0	11.67913818359375	0.7560415154193999
4777.0	8487.0	37.0	4.0	2.0	3	0	1.0	11.67913818359375	0.7162066501506766
3901.0	8489.0	126.0	3.0	3.0	3,4	0,38	1.0	11.67913818359375	0.32088307504496066
2015.0	8491.0	7.0	4.0	2.0	3	0	1.0	11.67913818359375	0.938803765413892
1460.0	8493.0	35.0	4.0	2.0	3	0	1.0	11.67913818359375	0.7292460982067378
4885.0	8495.0	33.0	4.0	2.0	3	0	1.0	11.67913818359375	0.7425229459093547
2005.0	8497.0	7.0	3.0	2.0	3	0	1.0	11.67913818359375	0.938803765413892
2046.0	8500.0	5.0	4.0	2.0	2	0	1.0	11.67913818359375	0.955895875535145
4848.0	8503.0	34.0	3.0	2.0	3	0	1.0	11.67913818359375	0.7358545787948659
4333.0	8505.0	48.0	3.0	3.0	2,4	0,13	1.0	11.67913818359375	0.6485472799829566
4911.0	8507.0	31.0	4.0	2.0	3	0	1.0	11.67913818359375	0.7560415154193999
4761.0	8509.0	37.0	4.0	2.0	3	0	1.0	11.67913818359375	0.7162066501506766
4815.0	8513.0	35.0	4.0	2.0	3	0	1.0	11.67913818359375	0.7292460982067378
2052.0	8515.0	5.0	4.0	2.0	2	0	1.0	11.67913818359375	0.955895875535145
4757.0	8517.0	37.0	4.0	2.0	3	0	1.0	11.67913818359375	0.7162066501506766
4805.0	8519.0	35.0	4.0	2.0	3	0	1.0	11.67913818359375	0.7292460982067378
1991.0	8521.0	8.0	4.0	2.0	3	0	1.0	11.67913818359375	0.9303726614450073
4895.0	8523.0	31.0	4.0	2.0	3	0	1.0	11.67913818359375	0.7560415154193999
1788.0	8525.0	6.0	3.0	5.0	2,2,1,1	0,1,5,4	1.0	11.67913818359375	0.9473112726532938
1409.0	8527.0	38.0	4.0	2.0	3	0	1.0	11.67913818359375	0.7097746214849577
2000.0	8529.0	7.0	4.0	2.0	3	0	1.0	11.67913818359375	0.938803765413892
4890.0	8531.0	31.0	4.0	2.0	3	0	1.0	11.67913818359375	0.7560415154193999
2008.0	8533.0	7.0	4.0	2.0	3	0	1.0	11.67913818359375	0.938803765413892
2047.0	8536.0	5.0	2.0	2.0	2	0	1.0	11.67913818359375	0.955895875535145
4810.0	8538.0	35.0	2.0	2.0	3	0	1.0	11.67913818359375	0.7292460982067378
1986.0	8540.0	8.0	4.0	2.0	3	0	1.0	11.67913818359375	0.9303726614450073
5367.0	8541.0	7.0	4.0	2.0	3	0	1.0	11.67913818359375	0.938803765413892
4858.0	8542.0	32.0	4.0	2.0	3	0	1.0	11.67913818359375	0.749251742246213
1526.0	8543.0	33.0	3.0	2.0	3	0	1.0	11.67913818359375	0.7425229459093547
5349.0	8545.0	8.0	4.0	2.0	3	0	1.0	11.67913818359375	0.9303726614450073
4856.0	8546.0	33.0	4.0	2.0	3	0	1.0	11.67913818359375	0.7425229459093547
2042.0	8548.0	5.0	1.0	2.0	2	0	0.0	11.67913818359375	0.955895875535145
1466.0	8549.0	34.0	4.0	2.0	3	0	1.0	11.67913818359375	0.7358545787948659
4602.0	8550.0	29.0	4.0	5.0	2,3,4,4	0,2,3,8	1.0	11.67913818359375	0.7698062075881518
5342.0	8552.0	8.0	3.0	2.0	3	0	1.0	11.67913818359375	0.9303726614450073
4908.0	8553.0	30.0	4.0	2.0	3	0	1.0	11.67913818359375	0.7628928180053915
4941.0	8554.0	30.0	4.0	2.0	3	0	1.0	11.67913818359375	0.7628928180053915
1418.0	8556.0	36.0	4.0	2.0	3	0	1.0	11.67913818359375	0.722696966322745
5359.0	8557.0	7.0	4.0	2.0	3	0	1.0	11.67913818359375	0.938803765413892
1493.0	8558.0	34.0	4.0	2.0	3	0	1.0	11.67913818359375	0.7358545787948659
5374.0	8560.0	7.0	4.0	2.0	3	0	1.0	11.67913818359375	0.938803765413892
1364.0	8561.0	4.0	4.0	8.0	2,4,4,1,2,1,2	0,2,5,20,1,5,1	1.0	11.67913818359375	0.9645582727057019
4918.0	8562.0	31.0	4.0	2.0	3	0	1.0	11.67913818359375	0.7560415154193999
5368.0	8564.0	7.0	4.0	2.0	3	0	1.0	11.67913818359375	0.938803765413892
1486.0	8565.0	34.0	4.0	2.0	3	0	1.0	11.67913818359375	0.7358545787948659
4841.0	8567.0	34.0	4.0	2.0	3	0	1.0	11.67913818359375	0.7358545787948659
2011.0	8568.0	7.0	4.0	2.0	3	0	1.0	11.67913818359375	0.938803765413892
3947.0	8569.0	115.0	4.0	3.0	3,4	0,33	1.0	11.67913818359375	0.35435904113889577
1479.0	8571.0	34.0	4.0	2.0	3	0	1.0	11.67913818359375	0.7358545787948659
4769.0	8572.0	37.0	4.0	2.0	3	0	1.0	11.67913818359375	0.7162066501506766
5328.0	8573.0	9.0	4.0	2.0	3	0	1.0	11.67913818359375	0.9220172745926841
4912.0	8575.0	31.0	4.0	2.0	3	0	1.0	11.67913818359375	0.7560415154193999
1294.0	8576.0	13.0	4.0	8.0	2,2,2,2,2,2,2	0,1,2,3,5,6,12	1.0	11.67913818359375	0.8893393897859383
4783.0	8577.0	37.0	4.0	2.0	3	0	1.0	11.67913818359375	0.7162066501506766
4335.0	8579.0	35.0	4.0	6.0	1,1,3,3,4	0,19,2,4,10	1.0	11.67913818359375	0.7292460982067378
5351.0	8580.0	8.0	4.0	2.0	3	0	1.0	11.67913818359375	0.9303726614450073
1450.0	8581.0	36.0	4.0	2.0	3	0	1.0	11.67913818359375	0.722696966322745
1455.0	8583.0	35.0	4.0	2.0	3	0	1.0	11.67913818359375	0.7292460982067378
5379.0	8584.0	7.0	4.0	2.0	3	0	1.0	11.67913818359375	0.938803765413892
1384.0	8586.0	38.0	2.0	2.0	3	0	1.0	11.67913818359375	0.7097746214849577
1490.0	8587.0	34.0	4.0	2.0	3	0	1.0	11.67913818359375	0.7358545787948659
5365.0	8590.0	7.0	3.0	2.0	3	0	1.0	11.67913818359375	0.938803765413892
1461.0	8591.0	12.0	1.0	8.0	2,1,2,4,2,2,2	0,1,3,2,4,4,9	0.0	11.67913818359375	0.8973986472960032
5323.0	8592.0	9.0	4.0	2.0	3	0	1.0	11.67913818359375	0.9220172745926841
5361.0	8594.0	7.0	4.0	2.0	3	0	1.0	11.67913818359375	0.938803765413892
4867.0	8595.0	33.0	4.0	2.0	3	0	1.0	11.67913818359375	0.7425229459093547
5345.0	8597.0	8.0	4.0	2.0	3	0	1.0	11.67913818359375	0.9303726614450073
2004.0	8598.0	7.0	4.0	2.0	3	0	1.0	11.67913818359375	0.938803765413892
1502.0	8599.0	33.0	4.0	2.0	3	0	1.0	11.67913818359375	0.7425229459093547
1857.0	8601.0	9.0	4.0	3.0	2,3	0,5	1.0	11.67913818359375	0.9220172745926841
1612.0	8602.0	4.0	2.0	7.0	2,1,1,3,2,1	0,2,1,3,8,10	1.0	11.67913818359375	0.9645582727057019
1867.0	8603.0	4.0	2.0	4.0	2,1,1	0,4,5	1.0	11.67913818359375	0.9645582727057019
1584.0	8605.0	29.0	4.0	2.0	3	0	1.0	11.67913818359375	0.7698062075881518
1563.0	8606.0	30.0	4.0	2.0	3	0	1.0	11.67913818359375	0.7628928180053915
1891.0	8607.0	5.0	2.0	4.0	2,2,2	0,1,6	1.0	11.67913818359375	0.955895875535145
1724.0	8609.0	4.0	3.0	6.0	2,3,2,1,2	0,2,7,8,1	1.0	11.67913818359375	0.9645582727057019
1615.0	8610.0	21.0	3.0	4.0	2,4,4	0,2,5	1.0	11.67913818359375	0.8274170550030222
1938.0	8611.0	4.0	2.0	4.0	1,1,2	0,5,1	1.0	11.67913818359375	0.9645582727057019
1647.0	8613.0	14.0	3.0	5.0	2,3,3,3	0,2,2,7	1.0	11.67913818359375	0.8813525099553019
1928.0	8614.0	6.0	3.0	3.0	1,2	0,4	1.0	11.67913818359375	0.9473112726532938
1886.0	8615.0	8.0	3.0	3.0	2,3	0,4	1.0	11.67913818359375	0.9303726614450073
1815.0	8617.0	6.0	1.0	5.0	2,1,1,3	0,1,4,4	0.0	11.67913818359375	0.9473112726532938
1568.0	8618.0	30.0	4.0	2.0	3	0	1.0	11.67913818359375	0.7628928180053915
1677.0	8619.0	14.0	4.0	5.0	2,2,3,3	0,1,2,7	1.0	11.67913818359375	0.8813525099553019
1845.0	8620.0	4.0	3.0	5.0	2,1,1,1	0,5,4,1	1.0	11.67913818359375	0.9645582727057019
1842.0	8621.0	4.0	4.0	5.0	2,1,1,2	0,5,4,1	1.0	11.67913818359375	0.9645582727057019
1881.0	8622.0	8.0	1.0	3.0	2,3	0,4	0.0	11.67913818359375	0.9303726614450073
1722.0	8623.0	13.0	3.0	4.0	2,3,3	0,2,7	1.0	11.67913818359375	0.8893393897859383
1687.0	8624.0	4.0	3.0	6.0	2,2,2,1,1	0,2,6,6,5	1.0	11.67913818359375	0.9645582727057019
1981.0	8630.0	9.0	3.0	2.0	3	0	1.0	11.67913818359375	0.9220172745926841
1523.0	8631.0	34.0	4.0	2.0	3	0	1.0	11.67913818359375	0.7358545787948659
1501.0	8632.0	34.0	2.0	2.0	3	0	1.0	11.67913818359375	0.7358545787948659
4774.0	8635.0	38.0	4.0	2.0	3	0	1.0	11.67913818359375	0.7097746214849577
4876.0	8637.0	34.0	3.0	2.0	3	0	1.0	11.67913818359375	0.7358545787948659
4448.0	8638.0	39.0	3.0	4.0	2,4,4	0,3,10	1.0	11.67913818359375	0.7034003568636636
1975.0	8640.0	9.0	4.0	2.0	3	0	1.0	11.67913818359375	0.9220172745926841
1950.0	8641.0	5.0	3.0	3.0	2,1	0,5	1.0	11.67913818359375	0.955895875535145
2061.0	8643.0	5.0	4.0	3.0	1,2	0,1	1.0	11.67913818359375	0.955895875535145
2058.0	8644.0	5.0	2.0	3.0	2,2	0,1	1.0	11.67913818359375	0.955895875535145
1951.0	8645.0	5.0	3.0	3.0	2,1	0,5	1.0	11.67913818359375	0.955895875535145
1948.0	8647.0	5.0	1.0	4.0	1,1,1	0,4,1	0.0	11.67913818359375	0.955895875535145
1934.0	8649.0	7.0	4.0	3.0	2,2	0,4	1.0	11.67913818359375	0.938803765413892
4829.0	8651.0	36.0	4.0	2.0	3	0	1.0	11.67913818359375	0.722696966322745
4943.0	8653.0	30.0	4.0	2.0	3	0	1.0	11.67913818359375	0.7628928180053915
4787.0	8655.0	38.0	4.0	2.0	3	0	1.0	11.67913818359375	0.7097746214849577
2012.0	8657.0	8.0	4.0	2.0	3	0	1.0	11.67913818359375	0.9303726614450073
3916.0	8666.0	126.0	4.0	3.0	3,4	0,39	1.0	11.67913818359375	0.32088307504496066
1977.0	8667.0	9.0	3.0	2.0	3	0	1.0	11.67913818359375	0.9220172745926841
1965.0	8669.0	5.0	1.0	3.0	1,1	0,5	0.0	11.67913818359375	0.955895875535145
1954.0	8670.0	5.0	1.0	3.0	1,1	0,5	0.0	11.67913818359375	0.955895875535145
4915.0	8672.0	32.0	3.0	2.0	3	0	1.0	11.67913818359375	0.749251742246213
4742.0	8678.0	38.0	4.0	2.0	3	0	1.0	11.67913818359375	0.7097746214849577
2010.0	8680.0	8.0	3.0	2.0	3	0	1.0	11.67913818359375	0.9303726614450073
1980.0	8681.0	9.0	4.0	2.0	3	0	1.0	11.67913818359375	0.9220172745926841
1978.0	8683.0	9.0	4.0	2.0	3	0	1.0	11.67913818359375	0.9220172745926841
5033.0	8684.0	17.0	4.0	4.0	2,3,3	0,1,7	1.0	11.67913818359375	0.8578196656610677
5358.0	8686.0	8.0	4.0	2.0	3	0	1.0	11.67913818359375	0.9303726614450073
4883.0	8687.0	34.0	4.0	2.0	3	0	1.0	11.67913818359375	0.7358545787948659
2054.0	8689.0	5.0	4.0	3.0	2,2	0,1	1.0	11.67913818359375	0.955895875535145
4812.0	8691.0	36.0	4.0	2.0	3	0	1.0	11.67913818359375	0.722696966322745
4759.0	8692.0	38.0	4.0	2.0	3	0	1.0	11.67913818359375	0.7097746214849577
4822.0	8694.0	36.0	4.0	2.0	3	0	1.0	11.67913818359375	0.722696966322745
4371.0	8695.0	39.0	3.0	4.0	2,3,4	0,7,11	1.0	11.67913818359375	0.7034003568636636
4930.0	8703.0	31.0	4.0	2.0	3	0	1.0	11.67913818359375	0.7560415154193999
2064.0	8704.0	5.0	4.0	3.0	1,2	0,1	1.0	11.67913818359375	0.955895875535145
2063.0	8706.0	5.0	1.0	3.0	1,2	0,1	0.0	11.67913818359375	0.955895875535145
4819.0	8707.0	36.0	3.0	2.0	3	0	1.0	11.67913818359375	0.722696966322745
4748.0	8709.0	38.0	4.0	2.0	3	0	1.0	11.67913818359375	0.7097746214849577
4880.0	8715.0	34.0	4.0	2.0	3	0	1.0	11.67913818359375	0.7358545787948659
4881.0	8716.0	34.0	4.0	2.0	3	0	1.0	11.67913818359375	0.7358545787948659
2043.0	8718.0	5.0	2.0	3.0	2,2	0,1	1.0	11.67913818359375	0.955895875535145
2031.0	8721.0	7.0	4.0	2.0	3	0	1.0	11.67913818359375	0.938803765413892
5404.0	8722.0	7.0	4.0	2.0	3	0	1.0	11.67913818359375	0.938803765413892
789.0	8724.0	4.0	1.0	4.0	1,2,1	0,60,53	0.0	11.67913818359375	0.9645582727057019
5363.0	8725.0	8.0	4.0	2.0	3	0	1.0	11.67913818359375	0.9303726614450073
4813.0	8727.0	36.0	4.0	2.0	3	0	1.0	11.67913818359375	0.722696966322745
4751.0	8728.0	38.0	4.0	2.0	3	0	1.0	11.67913818359375	0.7097746214849577
2063.0	8729.0	1.0	2.0	4.0	1,2,1	0,1,5	1.0	11.67913818359375	0.9910193117246737
2189.0	8730.0	1.0	2.0	2.0	2	0	1.0	11.67913818359375	0.9910193117246737
2190.0	8731.0	1.0	2.0	2.0	2	0	1.0	11.67913818359375	0.9910193117246737
789.0	8732.0	1.0	2.0	5.0	1,2,1,1	0,60,53,4	1.0	11.67913818359375	0.9910193117246737
1426.0	8733.0	38.0	4.0	2.0	3	0	1.0	11.67913818359375	0.7097746214849577
1011.0	8734.0	5.0	3.0	4.0	1,4,1	0,12,46	1.0	11.67913818359375	0.955895875535145
528.0	8736.0	129.0	2.0	3.0	3,4	0,40	1.0	11.67913818359375	0.31231523033311986
5383.0	8737.0	9.0	4.0	2.0	3	0	1.0	11.67913818359375	0.9220172745926841
5431.0	8739.0	6.0	3.0	2.0	1	0	1.0	11.67913818359375	0.9473112726532938
4826.0	8740.0	25.0	3.0	4.0	2,4,3	0,3,8	1.0	11.67913818359375	0.798091965380954
4879.0	8742.0	35.0	4.0	2.0	3	0	1.0	11.67913818359375	0.7292460982067378
5375.0	8743.0	9.0	4.0	2.0	3	0	1.0	11.67913818359375	0.9220172745926841
3921.0	8744.0	127.0	4.0	3.0	3,4	0,39	1.0	11.67913818359375	0.31800132417515375
1428.0	8745.0	38.0	4.0	2.0	3	0	1.0	11.67913818359375	0.7097746214849577
972.0	8747.0	24.0	2.0	5.0	2,3,2,2	0,11,13,15	1.0	11.67913818359375	0.8053243321686963
5428.0	8749.0	6.0	3.0	2.0	2	0	1.0	11.67913818359375	0.9473112726532938
785.0	8751.0	9.0	2.0	6.0	2,2,3,1,3	0,1,45,60,3	1.0	11.67913818359375	0.9220172745926841
4884.0	8753.0	35.0	4.0	2.0	3	0	1.0	11.67913818359375	0.7292460982067378
4925.0	8755.0	33.0	3.0	2.0	3	0	1.0	11.67913818359375	0.7425229459093547
5395.0	8757.0	8.0	4.0	2.0	3	0	1.0	11.67913818359375	0.9303726614450073
5214.0	8760.0	10.0	3.0	3.0	2,3	0,5	1.0	11.67913818359375	0.9137369248651014
4828.0	8762.0	37.0	4.0	2.0	3	0	1.0	11.67913818359375	0.7162066501506766
5364.0	8764.0	9.0	4.0	2.0	3	0	1.0	11.67913818359375	0.9220172745926841
5370.0	8766.0	9.0	3.0	2.0	3	0	1.0	11.67913818359375	0.9220172745926841
1396.0	8768.0	5.0	3.0	12.0	2,1,3,3,1,1,1,1,1,4,1	0,2,2,3,7,2,1,4,1,4,9	1.0	11.67913818359375	0.955895875535145
1536.0	8771.0	29.0	2.0	7.0	2,2,3,2,3,4	0,1,2,2,3,6	1.0	11.67913818359375	0.7698062075881518
1335.0	8773.0	37.0	3.0	6.0	2,2,3,3,4	0,1,1,4,9	1.0	11.67913818359375	0.7162066501506766
1227.0	8774.0	15.0	2.0	10.0	2,1,2,2,2,2,2,1,2	0,1,3,3,6,6,6,10,4	1.0	11.67913818359375	0.873437357802717
4758.0	8776.0	47.0	4.0	2.0	3	0	1.0	11.67913818359375	0.6544244620766146
5352.0	8777.0	18.0	4.0	2.0	3	0	1.0	11.67913818359375	0.8501158546473211
4956.0	8779.0	39.0	3.0	2.0	3	0	1.0	11.67913818359375	0.7034003568636636
5441.0	8780.0	14.0	3.0	2.0	2	0	1.0	11.67913818359375	0.8813525099553019
1600.0	8782.0	38.0	4.0	2.0	3	0	1.0	11.67913818359375	0.7097746214849577
1472.0	8784.0	44.0	3.0	2.0	3	0	1.0	11.67913818359375	0.6723774999759252
1467.0	8785.0	44.0	4.0	2.0	3	0	1.0	11.67913818359375	0.6723774999759252
1617.0	8786.0	38.0	4.0	2.0	3	0	1.0	11.67913818359375	0.7097746214849577
1485.0	8787.0	44.0	2.0	2.0	3	0	1.0	11.67913818359375	0.6723774999759252
4767.0	8790.0	47.0	4.0	2.0	3	0	1.0	11.67913818359375	0.6544244620766146
5355.0	8792.0	18.0	3.0	2.0	3	0	1.0	11.67913818359375	0.8501158546473211
5336.0	8793.0	18.0	3.0	2.0	3	0	1.0	11.67913818359375	0.8501158546473211
795.0	8795.0	13.0	2.0	13.0	1,1,1,2,2,2,2,2,2,2,2,1	0,59,8,1,2,3,3,3,6,6,9,13	1.0	11.67913818359375	0.8893393897859383
880.0	8796.0	13.0	2.0	8.0	1,3,1,2,2,1,1	0,19,28,1,6,8,5	1.0	11.67913818359375	0.8893393897859383
1609.0	8798.0	38.0	4.0	2.0	3	0	1.0	11.67913818359375	0.7097746214849577
900.0	8799.0	60.0	1.0	3.0	2,4	0,14	0.0	11.67913818359375	0.5820054517642075
1213.0	8801.0	35.0	2.0	6.0	2,1,3,3,3	0,1,4,4,10	1.0	11.67913818359375	0.7292460982067378
4967.0	8802.0	39.0	3.0	2.0	3	0	1.0	11.67913818359375	0.7034003568636636
1440.0	8805.0	46.0	4.0	2.0	3	0	1.0	11.67913818359375	0.6603549036170828
1497.0	8807.0	44.0	4.0	2.0	3	0	1.0	11.67913818359375	0.6723774999759252
4331.0	8808.0	48.0	4.0	5.0	2,2,3,4	0,3,8,11	1.0	11.67913818359375	0.6485472799829566
1201.0	8810.0	17.0	4.0	4.0	3,1,3	0,36,3	1.0	11.67913818359375	0.8578196656610677
1553.0	8811.0	41.0	4.0	2.0	3	0	1.0	11.67913818359375	0.6908230493696736
5338.0	8813.0	18.0	4.0	2.0	3	0	1.0	11.67913818359375	0.8501158546473211
1540.0	8814.0	41.0	4.0	2.0	3	0	1.0	11.67913818359375	0.6908230493696736
5347.0	8816.0	18.0	4.0	2.0	3	0	1.0	11.67913818359375	0.8501158546473211
1619.0	8817.0	38.0	4.0	2.0	3	0	1.0	11.67913818359375	0.7097746214849577
1541.0	8819.0	41.0	4.0	2.0	3	0	1.0	11.67913818359375	0.6908230493696736
5384.0	8820.0	16.0	4.0	2.0	3	0	1.0	11.67913818359375	0.8655932891642663
5449.0	8822.0	14.0	4.0	2.0	2	0	1.0	11.67913818359375	0.8813525099553019
5353.0	8823.0	18.0	4.0	2.0	3	0	1.0	11.67913818359375	0.8501158546473211
1577.0	8825.0	40.0	4.0	2.0	3	0	1.0	11.67913818359375	0.6970833375259179
5392.0	8826.0	16.0	3.0	2.0	3	0	1.0	11.67913818359375	0.8655932891642663
2030.0	8833.0	16.0	4.0	2.0	3	0	1.0	11.67913818359375	0.8655932891642663
1992.0	8835.0	13.0	2.0	3.0	1,1	0,5	1.0	11.67913818359375	0.8893393897859383
1990.0	8837.0	13.0	3.0	3.0	2,1	0,5	1.0	11.67913818359375	0.8893393897859383
5337.0	8839.0	18.0	1.0	2.0	2	0	0.0	11.67913818359375	0.8501158546473211
1425.0	8841.0	15.0	1.0	8.0	2,3,2,2,3,1,2	0,2,3,5,5,12,4	0.0	11.67913818359375	0.873437357802717
5362.0	8843.0	17.0	4.0	2.0	3	0	1.0	11.67913818359375	0.8578196656610677
1748.0	8845.0	27.0	4.0	3.0	2,4	0,5	1.0	11.67913818359375	0.7838215033899534
1769.0	8847.0	13.0	2.0	5.0	2,2,3,1	0,1,5,11	1.0	11.67913818359375	0.8893393897859383
2028.0	8849.0	16.0	4.0	2.0	3	0	1.0	11.67913818359375	0.8655932891642663
1777.0	8851.0	23.0	3.0	4.0	2,2,4	0,2,4	1.0	11.67913818359375	0.812622239184409
4775.0	8853.0	47.0	4.0	2.0	3	0	1.0	11.67913818359375	0.6544244620766146
5357.0	8857.0	18.0	4.0	2.0	3	0	1.0	11.67913818359375	0.8501158546473211
1971.0	8859.0	13.0	3.0	3.0	2,1	0,5	1.0	11.67913818359375	0.8893393897859383
1993.0	8861.0	13.0	1.0	3.0	1,1	0,5	0.0	11.67913818359375	0.8893393897859383
2214.0	8876.0	2.0	2.0	2.0	2	0	1.0	11.67913818359375	0.9821192762112462
2215.0	8877.0	2.0	2.0	2.0	1	0	1.0	11.67913818359375	0.9821192762112462
1425.0	8878.0	2.0	1.0	9.0	2,3,2,2,3,1,2,1	0,2,3,5,5,12,4,15	0.0	11.67913818359375	0.9821192762112462
2216.0	8879.0	2.0	2.0	2.0	1	0	1.0	11.67913818359375	0.9821192762112462
1354.0	8880.0	21.0	3.0	9.0	2,3,2,4,1,3,1,3	0,2,2,3,9,1,7,5	1.0	11.67913818359375	0.8274170550030222
4894.0	8881.0	43.0	4.0	2.0	3	0	1.0	11.67913818359375	0.6784706332369898
5354.0	8883.0	20.0	3.0	2.0	3	0	1.0	11.67913818359375	0.8349151678619319
1861.0	8884.0	15.0	1.0	4.0	2,1,1	0,4,6	0.0	11.67913818359375	0.873437357802717
1967.0	8886.0	16.0	1.0	3.0	2,2	0,5	0.0	11.67913818359375	0.8655932891642663
1605.0	8888.0	40.0	4.0	2.0	3	0	1.0	11.67913818359375	0.6970833375259179
2080.0	8889.0	15.0	2.0	2.0	2	0	1.0	11.67913818359375	0.873437357802717
2021.0	8891.0	18.0	4.0	2.0	3	0	1.0	11.67913818359375	0.8501158546473211
2049.0	8892.0	17.0	4.0	2.0	3	0	1.0	11.67913818359375	0.8578196656610677
2036.0	8894.0	18.0	4.0	2.0	3	0	1.0	11.67913818359375	0.8501158546473211
1522.0	8895.0	45.0	4.0	2.0	3	0	1.0	11.67913818359375	0.6663390872452982
1506.0	8897.0	45.0	4.0	2.0	3	0	1.0	11.67913818359375	0.6663390872452982
2027.0	8898.0	18.0	4.0	2.0	3	0	1.0	11.67913818359375	0.8501158546473211
1835.0	8900.0	21.0	1.0	3.0	2,3	0,5	0.0	11.67913818359375	0.8274170550030222
2020.0	8901.0	18.0	4.0	2.0	3	0	1.0	11.67913818359375	0.8501158546473211
2051.0	8903.0	17.0	4.0	2.0	3	0	1.0	11.67913818359375	0.8578196656610677
1998.0	8904.0	19.0	4.0	2.0	3	0	1.0	11.67913818359375	0.842481229158821
1517.0	8916.0	45.0	4.0	2.0	3	0	1.0	11.67913818359375	0.6663390872452982
1569.0	8924.0	42.0	4.0	2.0	3	0	1.0	11.67913818359375	0.6846189829098743
5346.0	8926.0	20.0	3.0	2.0	3	0	1.0	11.67913818359375	0.8349151678619319
555.0	8927.0	132.0	4.0	3.0	3,4	0,35	1.0	11.67913818359375	0.3039761541937441
2024.0	8929.0	18.0	2.0	2.0	3	0	1.0	11.67913818359375	0.8501158546473211
1192.0	8930.0	45.0	4.0	5.0	2,4,3,4	0,1,3,9	1.0	11.67913818359375	0.6663390872452982
2041.0	8932.0	17.0	4.0	2.0	3	0	1.0	11.67913818359375	0.8578196656610677
2022.0	8933.0	18.0	4.0	2.0	3	0	1.0	11.67913818359375	0.8501158546473211
4838.0	8935.0	47.0	4.0	2.0	3	0	1.0	11.67913818359375	0.6544244620766146
2078.0	8936.0	15.0	2.0	2.0	2	0	1.0	11.67913818359375	0.873437357802717
3903.0	8938.0	137.0	4.0	3.0	3,4	0,39	1.0	11.67913818359375	0.2905695520548352
2113.0	8939.0	15.0	4.0	2.0	2	0	1.0	11.67913818359375	0.873437357802717
2001.0	8941.0	19.0	4.0	2.0	3	0	1.0	11.67913818359375	0.842481229158821
1925.0	8942.0	18.0	4.0	3.0	2,3	0,4	1.0	11.67913818359375	0.8501158546473211
2091.0	8944.0	15.0	3.0	2.0	2	0	1.0	11.67913818359375	0.873437357802717
2023.0	8945.0	18.0	4.0	2.0	3	0	1.0	11.67913818359375	0.8501158546473211
2077.0	8947.0	15.0	1.0	2.0	2	0	0.0	11.67913818359375	0.873437357802717
3911.0	8948.0	138.0	4.0	3.0	3,4	0,38	1.0	11.67913818359375	0.28796003748552956
2044.0	8950.0	17.0	4.0	2.0	3	0	1.0	11.67913818359375	0.8578196656610677
2101.0	8951.0	15.0	4.0	2.0	2	0	1.0	11.67913818359375	0.873437357802717
1942.0	8953.0	18.0	1.0	3.0	2,3	0,4	0.0	11.67913818359375	0.8501158546473211
2055.0	8954.0	17.0	3.0	2.0	3	0	1.0	11.67913818359375	0.8578196656610677
2071.0	8956.0	15.0	1.0	3.0	1,2	0,1	0.0	11.67913818359375	0.873437357802717
2103.0	8957.0	15.0	3.0	2.0	2	0	1.0	11.67913818359375	0.873437357802717
2019.0	8963.0	18.0	4.0	2.0	3	0	1.0	11.67913818359375	0.8501158546473211
5389.0	8965.0	18.0	4.0	2.0	3	0	1.0	11.67913818359375	0.8501158546473211
1435.0	8967.0	48.0	2.0	2.0	3	0	1.0	11.67913818359375	0.6485472799829566
2114.0	8969.0	15.0	4.0	2.0	2	0	1.0	11.67913818359375	0.873437357802717
1546.0	8971.0	43.0	4.0	2.0	2	0	1.0	11.67913818359375	0.6784706332369898
3917.0	8973.0	137.0	4.0	3.0	3,4	0,39	1.0	11.67913818359375	0.2905695520548352
2089.0	8979.0	15.0	2.0	2.0	2	0	1.0	11.67913818359375	0.873437357802717
5372.0	8981.0	19.0	2.0	2.0	3	0	1.0	11.67913818359375	0.842481229158821
4877.0	8983.0	45.0	4.0	2.0	3	0	1.0	11.67913818359375	0.6663390872452982
4979.0	8987.0	40.0	4.0	2.0	3	0	1.0	11.67913818359375	0.6970833375259179
4949.0	8989.0	41.0	4.0	2.0	3	0	1.0	11.67913818359375	0.6908230493696736
2048.0	8991.0	17.0	4.0	2.0	3	0	1.0	11.67913818359375	0.8578196656610677
2035.0	8995.0	18.0	4.0	2.0	3	0	1.0	11.67913818359375	0.8501158546473211
4917.0	8997.0	43.0	4.0	2.0	3	0	1.0	11.67913818359375	0.6784706332369898
2105.0	9001.0	15.0	1.0	2.0	2	0	0.0	11.67913818359375	0.873437357802717
4871.0	9003.0	34.0	4.0	5.0	2,2,3,4	0,1,3,6	1.0	11.67913818359375	0.7358545787948659
5201.0	9005.0	21.0	3.0	3.0	2,3	0,5	1.0	11.67913818359375	0.8274170550030222
2226.0	9007.0	1.0	2.0	2.0	2	0	1.0	11.67913818359375	0.9910193117246737
2225.0	9008.0	1.0	1.0	2.0	1	0	0.0	11.67913818359375	0.9910193117246737
2227.0	9009.0	1.0	2.0	2.0	2	0	1.0	11.67913818359375	0.9910193117246737
2228.0	9010.0	1.0	2.0	2.0	2	0	1.0	11.67913818359375	0.9910193117246737
2230.0	9011.0	1.0	2.0	2.0	2	0	1.0	11.67913818359375	0.9910193117246737
2229.0	9012.0	1.0	2.0	2.0	1	0	1.0	11.67913818359375	0.9910193117246737
2231.0	9013.0	1.0	2.0	2.0	2	0	1.0	11.67913818359375	0.9910193117246737
2233.0	9014.0	1.0	2.0	2.0	2	0	1.0	11.67913818359375	0.9910193117246737
2220.0	9015.0	1.0	2.0	2.0	2	0	1.0	11.67913818359375	0.9910193117246737
2105.0	9016.0	1.0	2.0	3.0	2,1	0,15	1.0	11.67913818359375	0.9910193117246737
2234.0	9017.0	1.0	2.0	2.0	2	0	1.0	11.67913818359375	0.9910193117246737
2235.0	9018.0	1.0	2.0	2.0	2	0	1.0	11.67913818359375	0.9910193117246737
5377.0	9020.0	20.0	4.0	2.0	3	0	1.0	11.67913818359375	0.8349151678619319
4904.0	9021.0	43.0	3.0	2.0	3	0	1.0	11.67913818359375	0.6784706332369898
5380.0	9023.0	20.0	3.0	2.0	3	0	1.0	11.67913818359375	0.8349151678619319
2040.0	9024.0	18.0	4.0	2.0	3	0	1.0	11.67913818359375	0.8501158546473211
5409.0	9026.0	18.0	4.0	2.0	3	0	1.0	11.67913818359375	0.8501158546473211
4816.0	9027.0	48.0	3.0	2.0	3	0	1.0	11.67913818359375	0.6485472799829566
5373.0	9029.0	20.0	3.0	2.0	3	0	1.0	11.67913818359375	0.8349151678619319
5418.0	9030.0	18.0	3.0	2.0	3	0	1.0	11.67913818359375	0.8501158546473211
4964.0	9032.0	42.0	4.0	2.0	3	0	1.0	11.67913818359375	0.6846189829098743
1900.0	9033.0	19.0	3.0	4.0	2,2,3	0,1,4	1.0	11.67913818359375	0.842481229158821
4929.0	9035.0	43.0	4.0	2.0	3	0	1.0	11.67913818359375	0.6784706332369898
2014.0	9036.0	20.0	4.0	2.0	3	0	1.0	11.67913818359375	0.8349151678619319
4954.0	9038.0	42.0	4.0	2.0	3	0	1.0	11.67913818359375	0.6846189829098743
2117.0	9039.0	16.0	1.0	2.0	1	0	0.0	11.67913818359375	0.8655932891642663
4834.0	9041.0	48.0	4.0	2.0	3	0	1.0	11.67913818359375	0.6485472799829566
5376.0	9042.0	20.0	4.0	2.0	3	0	1.0	11.67913818359375	0.8349151678619319
4862.0	9045.0	46.0	4.0	2.0	3	0	1.0	11.67913818359375	0.6603549036170828
5371.0	9048.0	20.0	4.0	2.0	3	0	1.0	11.67913818359375	0.8349151678619319
4645.0	9050.0	43.0	4.0	5.0	2,3,4,4	0,2,2,8	1.0	11.67913818359375	0.6784706332369898
5228.0	9051.0	21.0	3.0	3.0	2,3	0,5	1.0	11.67913818359375	0.8274170550030222
4932.0	9053.0	43.0	4.0	2.0	3	0	1.0	11.67913818359375	0.6784706332369898
5415.0	9054.0	18.0	4.0	2.0	3	0	1.0	11.67913818359375	0.8501158546473211
5414.0	9056.0	18.0	4.0	2.0	3	0	1.0	11.67913818359375	0.8501158546473211
2084.0	9057.0	16.0	4.0	2.0	2	0	1.0	11.67913818359375	0.8655932891642663
5398.0	9060.0	19.0	4.0	2.0	3	0	1.0	11.67913818359375	0.842481229158821
1531.0	9062.0	46.0	3.0	2.0	3	0	1.0	11.67913818359375	0.6603549036170828
2033.0	9063.0	19.0	4.0	2.0	3	0	1.0	11.67913818359375	0.842481229158821
5445.0	9065.0	16.0	3.0	2.0	2	0	1.0	11.67913818359375	0.8655932891642663
2121.0	9066.0	16.0	1.0	2.0	1	0	0.0	11.67913818359375	0.8655932891642663
2074.0	9068.0	16.0	2.0	2.0	2	0	1.0	11.67913818359375	0.8655932891642663
909.0	9069.0	63.0	3.0	3.0	2,4	0,14	1.0	11.67913818359375	0.5664654226384526
1333.0	9077.0	42.0	2.0	6.0	2,2,4,4,4	0,1,1,3,8	1.0	11.67913818359375	0.6846189829098743
5462.0	9079.0	16.0	3.0	2.0	2	0	1.0	11.67913818359375	0.8655932891642663
1374.0	9081.0	38.0	3.0	5.0	2,4,3,3	0,1,3,9	1.0	11.67913818359375	0.7097746214849577
4961.0	9083.0	42.0	4.0	2.0	3	0	1.0	11.67913818359375	0.6846189829098743
5412.0	9086.0	18.0	4.0	2.0	3	0	1.0	11.67913818359375	0.8501158546473211
1066.0	9088.0	49.0	3.0	6.0	2,2,3,4,4	0,4,2,3,10	1.0	11.67913818359375	0.6427228790296189
1488.0	9097.0	47.0	4.0	2.0	3	0	1.0	11.67913818359375	0.6544244620766146
1507.0	9099.0	46.0	4.0	2.0	3	0	1.0	11.67913818359375	0.6603549036170828
4970.0	9102.0	42.0	4.0	2.0	3	0	1.0	11.67913818359375	0.6846189829098743
1561.0	9104.0	43.0	4.0	2.0	3	0	1.0	11.67913818359375	0.6784706332369898
5452.0	9105.0	16.0	3.0	2.0	2	0	1.0	11.67913818359375	0.8655932891642663
1465.0	9106.0	47.0	4.0	2.0	3	0	1.0	11.67913818359375	0.6544244620766146
1585.0	9107.0	42.0	4.0	2.0	3	0	1.0	11.67913818359375	0.6846189829098743
570.0	9109.0	128.0	3.0	3.0	3,4	0,35	1.0	11.67913818359375	0.3151454534115958
4750.0	9110.0	49.0	4.0	2.0	3	0	1.0	11.67913818359375	0.6427228790296189
4910.0	9111.0	44.0	4.0	2.0	3	0	1.0	11.67913818359375	0.6723774999759252
558.0	9114.0	69.0	4.0	4.0	3,2,2	0,34,65	1.0	11.67913818359375	0.5366190804337184
5393.0	9116.0	19.0	3.0	2.0	3	0	1.0	11.67913818359375	0.842481229158821
5453.0	9117.0	16.0	3.0	2.0	2	0	1.0	11.67913818359375	0.8655932891642663
1474.0	9119.0	47.0	3.0	2.0	3	0	1.0	11.67913818359375	0.6544244620766146
1453.0	9121.0	27.0	1.0	6.0	2,1,3,3,2	0,2,1,4,14	0.0	11.67913818359375	0.7838215033899534
5401.0	9122.0	19.0	4.0	2.0	3	0	1.0	11.67913818359375	0.842481229158821
1061.0	9124.0	42.0	4.0	3.0	2,2	0,26	1.0	11.67913818359375	0.6846189829098743
1579.0	9126.0	43.0	2.0	2.0	3	0	1.0	11.67913818359375	0.6784706332369898
1578.0	9127.0	43.0	4.0	2.0	3	0	1.0	11.67913818359375	0.6784706332369898
2251.0	9128.0	1.0	1.0	2.0	2	0	0.0	11.67913818359375	0.9910193117246737
2252.0	9129.0	1.0	2.0	2.0	2	0	1.0	11.67913818359375	0.9910193117246737
2253.0	9130.0	1.0	2.0	2.0	2	0	1.0	11.67913818359375	0.9910193117246737
1453.0	9131.0	1.0	2.0	7.0	2,1,3,3,2,1	0,2,1,4,14,27	1.0	11.67913818359375	0.9910193117246737
4937.0	9132.0	44.0	4.0	2.0	3	0	1.0	11.67913818359375	0.6723774999759252
1473.0	9133.0	48.0	4.0	2.0	3	0	1.0	11.67913818359375	0.6485472799829566
2088.0	9135.0	17.0	3.0	2.0	1	0	1.0	11.67913818359375	0.8578196656610677
2017.0	9136.0	20.0	3.0	2.0	3	0	1.0	11.67913818359375	0.8349151678619319
1813.0	9138.0	24.0	4.0	3.0	2,3	0,5	1.0	11.67913818359375	0.8053243321686963
1404.0	9139.0	29.0	2.0	10.0	2,1,1,2,2,1,3,3,4	0,1,2,1,3,3,2,3,8	1.0	11.67913818359375	0.7698062075881518
1888.0	9141.0	21.0	3.0	4.0	2,2,3	0,1,4	1.0	11.67913818359375	0.8274170550030222
5394.0	9142.0	20.0	4.0	2.0	3	0	1.0	11.67913818359375	0.8349151678619319
5614.0	9144.0	1.0	2.0	2.0	2	0	1.0	11.67913818359375	0.9910193117246737
2009.0	9145.0	22.0	4.0	2.0	3	0	1.0	11.67913818359375	0.8199862803583516
5366.0	9146.0	22.0	4.0	2.0	3	0	1.0	11.67913818359375	0.8199862803583516
5422.0	9147.0	22.0	4.0	2.0	3	0	1.0	11.67913818359375	0.8199862803583516
1894.0	9148.0	24.0	2.0	4.0	2,2,3	0,1,4	1.0	11.67913818359375	0.8053243321686963
1591.0	9149.0	46.0	4.0	2.0	3	0	1.0	11.67913818359375	0.6603549036170828
5420.0	9151.0	22.0	4.0	2.0	3	0	1.0	11.67913818359375	0.8199862803583516
1989.0	9152.0	20.0	1.0	3.0	2,2	0,5	0.0	11.67913818359375	0.8349151678619319
2018.0	9154.0	23.0	4.0	2.0	3	0	1.0	11.67913818359375	0.812622239184409
1529.0	9155.0	50.0	4.0	2.0	3	0	1.0	11.67913818359375	0.6369507852056338
1945.0	9157.0	23.0	2.0	3.0	1,3	0,4	1.0	11.67913818359375	0.812622239184409
547.0	9159.0	28.0	2.0	16.0	3,1,1,2,1,4,1,2,2,1,2,2,2,2,2	0,42,3,1,5,1,45,19,5,6,2,3,5,7,12	1.0	11.67913818359375	0.7767822468045106
2038.0	9160.0	22.0	4.0	2.0	3	0	1.0	11.67913818359375	0.8199862803583516
2059.0	9162.0	22.0	4.0	2.0	3	0	1.0	11.67913818359375	0.8199862803583516
5399.0	9163.0	23.0	4.0	2.0	3	0	1.0	11.67913818359375	0.812622239184409
1120.0	9165.0	42.0	2.0	10.0	2,1,1,1,2,1,3,4,4	0,1,2,2,1,3,1,4,10	1.0	11.67913818359375	0.6846189829098743
1549.0	9166.0	48.0	4.0	2.0	3	0	1.0	11.67913818359375	0.6485472799829566
4835.0	9168.0	52.0	4.0	2.0	3	0	1.0	11.67913818359375	0.6255616441483419
1555.0	9169.0	47.0	1.0	2.0	3	0	0.0	11.67913818359375	0.6544244620766146
565.0	9171.0	133.0	4.0	3.0	3,4	0,34	1.0	11.67913818359375	0.3012462391097976
3943.0	9172.0	133.0	4.0	3.0	3,4	0,34	1.0	11.67913818359375	0.3012462391097976
4837.0	9174.0	52.0	3.0	2.0	3	0	1.0	11.67913818359375	0.6255616441483419
3946.0	9175.0	133.0	4.0	3.0	3,4	0,34	1.0	11.67913818359375	0.3012462391097976
1910.0	9177.0	23.0	1.0	3.0	1,3	0,4	0.0	11.67913818359375	0.812622239184409
2056.0	9178.0	21.0	4.0	3.0	2,3	0,1	1.0	11.67913818359375	0.8274170550030222
1064.0	9187.0	53.0	4.0	6.0	2,2,3,4,4	0,4,2,3,10	1.0	11.67913818359375	0.6199436700252451
4831.0	9189.0	52.0	4.0	2.0	3	0	1.0	11.67913818359375	0.6255616441483419
2045.0	9191.0	22.0	4.0	2.0	3	0	1.0	11.67913818359375	0.8199862803583516
4869.0	9195.0	50.0	4.0	2.0	3	0	1.0	11.67913818359375	0.6369507852056338
4893.0	9197.0	48.0	4.0	2.0	2	0	1.0	11.67913818359375	0.6485472799829566
1839.0	9199.0	26.0	4.0	3.0	2,3	0,5	1.0	11.67913818359375	0.7909245502248251
1548.0	9201.0	48.0	4.0	2.0	3	0	1.0	11.67913818359375	0.6485472799829566
4898.0	9202.0	48.0	4.0	2.0	3	0	1.0	11.67913818359375	0.6485472799829566
4808.0	9204.0	52.0	4.0	2.0	3	0	1.0	11.67913818359375	0.6255616441483419
1547.0	9205.0	48.0	4.0	2.0	3	0	1.0	11.67913818359375	0.6485472799829566
4953.0	9207.0	46.0	4.0	2.0	3	0	1.0	11.67913818359375	0.6603549036170828
4978.0	9208.0	45.0	4.0	2.0	3	0	1.0	11.67913818359375	0.6663390872452982
2025.0	9210.0	23.0	4.0	2.0	3	0	1.0	11.67913818359375	0.812622239184409
1601.0	9211.0	45.0	4.0	2.0	3	0	1.0	11.67913818359375	0.6663390872452982
4914.0	9212.0	48.0	4.0	2.0	3	0	1.0	11.67913818359375	0.6485472799829566
1627.0	9213.0	45.0	4.0	2.0	3	0	1.0	11.67913818359375	0.6663390872452982
5203.0	9215.0	26.0	2.0	3.0	2,3	0,5	1.0	11.67913818359375	0.7909245502248251
5390.0	9216.0	23.0	4.0	2.0	3	0	1.0	11.67913818359375	0.812622239184409
1976.0	9217.0	20.0	4.0	3.0	2,2	0,5	1.0	11.67913818359375	0.8349151678619319
2057.0	9219.0	21.0	1.0	3.0	2,1	0,1	0.0	11.67913818359375	0.8274170550030222
5411.0	9220.0	22.0	4.0	2.0	3	0	1.0	11.67913818359375	0.8199862803583516
1776.0	9222.0	30.0	4.0	4.0	2,2,4	0,2,4	1.0	11.67913818359375	0.7628928180053915
5391.0	9223.0	23.0	4.0	2.0	3	0	1.0	11.67913818359375	0.812622239184409
4985.0	9225.0	44.0	4.0	2.0	3	0	1.0	11.67913818359375	0.6723774999759252
1668.0	9228.0	23.0	3.0	7.0	2,1,4,1,1,3	0,2,2,9,1,4	1.0	11.67913818359375	0.812622239184409
5403.0	9229.0	23.0	4.0	2.0	3	0	1.0	11.67913818359375	0.812622239184409
5406.0	9231.0	22.0	4.0	2.0	3	0	1.0	11.67913818359375	0.8199862803583516
4855.0	9232.0	50.0	4.0	2.0	3	0	1.0	11.67913818359375	0.6369507852056338
5466.0	9236.0	19.0	3.0	2.0	2	0	1.0	11.67913818359375	0.842481229158821
5388.0	9237.0	23.0	4.0	2.0	3	0	1.0	11.67913818359375	0.812622239184409
5369.0	9239.0	24.0	4.0	2.0	3	0	1.0	11.67913818359375	0.8053243321686963
5433.0	9240.0	21.0	4.0	2.0	3	0	1.0	11.67913818359375	0.8274170550030222
1421.0	9242.0	18.0	2.0	7.0	2,3,4,1,1,1	0,2,4,20,4,5	1.0	11.67913818359375	0.8501158546473211
5082.0	9243.0	34.0	4.0	3.0	2,4	0,5	1.0	11.67913818359375	0.7358545787948659
4857.0	9245.0	50.0	4.0	2.0	3	0	1.0	11.67913818359375	0.6369507852056338
5397.0	9246.0	23.0	4.0	2.0	3	0	1.0	11.67913818359375	0.812622239184409
5387.0	9247.0	23.0	4.0	2.0	3	0	1.0	11.67913818359375	0.812622239184409
4947.0	9248.0	46.0	3.0	2.0	3	0	1.0	11.67913818359375	0.6603549036170828
1470.0	9250.0	41.0	4.0	4.0	2,4,4	0,3,7	1.0	11.67913818359375	0.6908230493696736
1165.0	9251.0	18.0	1.0	11.0	2,2,2,2,4,2,1,2,1,2	0,3,3,3,3,10,14,4,5,1	0.0	11.67913818359375	0.8501158546473211
4850.0	9253.0	50.0	3.0	2.0	3	0	1.0	11.67913818359375	0.6369507852056338
957.0	9254.0	19.0	2.0	5.0	2,4,1,2	0,12,42,5	1.0	11.67913818359375	0.842481229158821
1071.0	9256.0	54.0	2.0	4.0	2,4,4	0,3,11	1.0	11.67913818359375	0.6143761491764866
882.0	9258.0	40.0	3.0	6.0	1,2,2,2,3	0,19,7,10,11	1.0	11.67913818359375	0.6970833375259179
895.0	9259.0	18.0	2.0	5.0	2,4,1,2	0,14,48,1	1.0	11.67913818359375	0.8501158546473211
2037.0	9261.0	22.0	3.0	2.0	3	0	1.0	11.67913818359375	0.8199862803583516
4891.0	9262.0	48.0	4.0	2.0	3	0	1.0	11.67913818359375	0.6485472799829566
2026.0	9264.0	23.0	4.0	2.0	3	0	1.0	11.67913818359375	0.812622239184409
5402.0	9266.0	22.0	4.0	2.0	3	0	1.0	11.67913818359375	0.8199862803583516
2073.0	9268.0	21.0	4.0	2.0	3	0	1.0	11.67913818359375	0.8274170550030222
5400.0	9269.0	23.0	4.0	2.0	3	0	1.0	11.67913818359375	0.812622239184409
5416.0	9272.0	22.0	4.0	2.0	3	0	1.0	11.67913818359375	0.8199862803583516
5435.0	9274.0	21.0	4.0	2.0	3	0	1.0	11.67913818359375	0.8274170550030222
1946.0	9275.0	23.0	3.0	3.0	1,3	0,4	1.0	11.67913818359375	0.812622239184409
4809.0	9277.0	52.0	4.0	2.0	3	0	1.0	11.67913818359375	0.6255616441483419
5122.0	9278.0	33.0	3.0	3.0	2,4	0,5	1.0	11.67913818359375	0.7425229459093547
1030.0	9280.0	46.0	4.0	3.0	3,2	0,26	1.0	11.67913818359375	0.6603549036170828
1478.0	9281.0	51.0	4.0	2.0	3	0	1.0	11.67913818359375	0.6312305287569777
5396.0	9283.0	23.0	3.0	2.0	3	0	1.0	11.67913818359375	0.812622239184409
5294.0	9284.0	20.0	3.0	4.0	2,1,2	0,5,1	1.0	11.67913818359375	0.8349151678619319
933.0	9286.0	53.0	4.0	3.0	3,2	0,27	1.0	11.67913818359375	0.6199436700252451
4903.0	9287.0	48.0	4.0	2.0	3	0	1.0	11.67913818359375	0.6485472799829566
499.0	9289.0	18.0	2.0	4.0	3,4,1	0,39,130	1.0	11.67913818359375	0.8501158546473211
4948.0	9290.0	46.0	4.0	2.0	3	0	1.0	11.67913818359375	0.6603549036170828
1427.0	9292.0	18.0	2.0	3.0	3,1	0,35	1.0	11.67913818359375	0.8501158546473211
5385.0	9294.0	23.0	3.0	2.0	3	0	1.0	11.67913818359375	0.812622239184409
5423.0	9296.0	22.0	4.0	2.0	3	0	1.0	11.67913818359375	0.8199862803583516
1566.0	9297.0	23.0	2.0	6.0	2,3,2,2,2	0,2,4,9,9	1.0	11.67913818359375	0.812622239184409
5464.0	9299.0	19.0	4.0	2.0	2	0	1.0	11.67913818359375	0.842481229158821
1491.0	9300.0	51.0	4.0	2.0	3	0	1.0	11.67913818359375	0.6312305287569777
2092.0	9310.0	21.0	4.0	2.0	3	0	1.0	11.67913818359375	0.8274170550030222
2050.0	9311.0	23.0	4.0	2.0	3	0	1.0	11.67913818359375	0.812622239184409
2093.0	9312.0	21.0	4.0	2.0	2	0	1.0	11.67913818359375	0.8274170550030222
1974.0	9314.0	19.0	4.0	3.0	3,1	0,7	1.0	11.67913818359375	0.842481229158821
4859.0	9315.0	51.0	3.0	2.0	3	0	1.0	11.67913818359375	0.6312305287569777
1933.0	9317.0	24.0	3.0	3.0	1,3	0,4	1.0	11.67913818359375	0.8053243321686963
2098.0	9318.0	21.0	4.0	2.0	3	0	1.0	11.67913818359375	0.8274170550030222
1513.0	9320.0	51.0	3.0	2.0	3	0	1.0	11.67913818359375	0.6312305287569777
1580.0	9321.0	19.0	1.0	9.0	2,1,2,1,3,3,2,1	0,1,3,3,1,3,8,10	0.0	11.67913818359375	0.842481229158821
2065.0	9323.0	22.0	4.0	2.0	3	0	1.0	11.67913818359375	0.8199862803583516
1718.0	9324.0	28.0	2.0	4.0	2,4,2	0,2,10	1.0	11.67913818359375	0.7767822468045106
1527.0	9326.0	51.0	4.0	2.0	3	0	1.0	11.67913818359375	0.6312305287569777
2118.0	9327.0	21.0	4.0	2.0	3	0	1.0	11.67913818359375	0.8274170550030222
2060.0	9329.0	23.0	4.0	2.0	3	0	1.0	11.67913818359375	0.812622239184409
1764.0	9330.0	23.0	2.0	5.0	2,3,1,3	0,4,7,5	1.0	11.67913818359375	0.812622239184409
1586.0	9332.0	47.0	4.0	2.0	3	0	1.0	11.67913818359375	0.6544244620766146
2053.0	9333.0	23.0	4.0	2.0	3	0	1.0	11.67913818359375	0.812622239184409
2082.0	9336.0	21.0	4.0	2.0	3	0	1.0	11.67913818359375	0.8274170550030222
1554.0	9338.0	48.0	4.0	2.0	3	0	1.0	11.67913818359375	0.6485472799829566
2083.0	9339.0	21.0	4.0	2.0	3	0	1.0	11.67913818359375	0.8274170550030222
5407.0	9341.0	23.0	4.0	2.0	3	0	1.0	11.67913818359375	0.812622239184409
2166.0	9345.0	19.0	4.0	2.0	2	0	1.0	11.67913818359375	0.842481229158821
2129.0	9347.0	19.0	4.0	2.0	2	0	1.0	11.67913818359375	0.842481229158821
2168.0	9349.0	19.0	2.0	2.0	2	0	1.0	11.67913818359375	0.842481229158821
2123.0	9351.0	19.0	1.0	2.0	2	0	0.0	11.67913818359375	0.842481229158821
5434.0	9353.0	22.0	4.0	2.0	3	0	1.0	11.67913818359375	0.8199862803583516
2108.0	9355.0	21.0	3.0	2.0	3	0	1.0	11.67913818359375	0.8274170550030222
1565.0	9358.0	48.0	3.0	2.0	3	0	1.0	11.67913818359375	0.6485472799829566
1643.0	9360.0	19.0	2.0	6.0	2,3,2,2,1	0,2,6,7,9	1.0	11.67913818359375	0.842481229158821
2144.0	9362.0	19.0	4.0	2.0	2	0	1.0	11.67913818359375	0.842481229158821
1952.0	9364.0	19.0	1.0	3.0	1,1	0,8	0.0	11.67913818359375	0.842481229158821
4874.0	9368.0	51.0	4.0	2.0	3	0	1.0	11.67913818359375	0.6312305287569777
2160.0	9369.0	19.0	4.0	2.0	2	0	1.0	11.67913818359375	0.842481229158821
4875.0	9371.0	51.0	4.0	2.0	3	0	1.0	11.67913818359375	0.6312305287569777
2157.0	9372.0	19.0	3.0	2.0	2	0	1.0	11.67913818359375	0.842481229158821
1503.0	9374.0	32.0	2.0	7.0	2,2,1,3,3,3	0,3,2,1,4,9	1.0	11.67913818359375	0.749251742246213
2149.0	9375.0	19.0	1.0	2.0	2	0	0.0	11.67913818359375	0.842481229158821
1606.0	9377.0	19.0	3.0	5.0	2,3,2,1	0,4,10,13	1.0	11.67913818359375	0.842481229158821
1757.0	9379.0	19.0	1.0	9.0	2,1,1,1,1,2,2,1	0,1,4,1,4,1,4,6	0.0	11.67913818359375	0.842481229158821
2165.0	9380.0	19.0	3.0	2.0	2	0	1.0	11.67913818359375	0.842481229158821
2070.0	9382.0	22.0	4.0	2.0	3	0	1.0	11.67913818359375	0.8199862803583516
1608.0	9383.0	46.0	3.0	2.0	3	0	1.0	11.67913818359375	0.6603549036170828
4965.0	9385.0	47.0	3.0	2.0	3	0	1.0	11.67913818359375	0.6544244620766146
2162.0	9386.0	19.0	2.0	2.0	2	0	1.0	11.67913818359375	0.842481229158821
2106.0	9389.0	21.0	4.0	2.0	3	0	1.0	11.67913818359375	0.8274170550030222
5417.0	9390.0	23.0	4.0	2.0	3	0	1.0	11.67913818359375	0.812622239184409
4860.0	9391.0	51.0	4.0	2.0	3	0	1.0	11.67913818359375	0.6312305287569777
5419.0	9393.0	23.0	4.0	2.0	3	0	1.0	11.67913818359375	0.812622239184409
4854.0	9394.0	51.0	4.0	2.0	3	0	1.0	11.67913818359375	0.6312305287569777
1542.0	9396.0	49.0	4.0	2.0	3	0	1.0	11.67913818359375	0.6427228790296189
2068.0	9408.0	22.0	4.0	2.0	3	0	1.0	11.67913818359375	0.8199862803583516
5425.0	9410.0	23.0	4.0	2.0	3	0	1.0	11.67913818359375	0.812622239184409
4797.0	9411.0	23.0	2.0	7.0	2,4,2,3,1,3	0,1,4,5,15,5	1.0	11.67913818359375	0.812622239184409
1551.0	9413.0	49.0	4.0	2.0	3	0	1.0	11.67913818359375	0.6427228790296189
2086.0	9414.0	21.0	4.0	2.0	3	0	1.0	11.67913818359375	0.8274170550030222
5408.0	9418.0	23.0	4.0	2.0	3	0	1.0	11.67913818359375	0.812622239184409
4983.0	9420.0	45.0	3.0	2.0	3	0	1.0	11.67913818359375	0.6663390872452982
1931.0	9421.0	24.0	3.0	3.0	2,3	0,4	1.0	11.67913818359375	0.8053243321686963
4845.0	9423.0	52.0	4.0	2.0	3	0	1.0	11.67913818359375	0.6255616441483419
2143.0	9424.0	19.0	4.0	2.0	2	0	1.0	11.67913818359375	0.842481229158821
1625.0	9426.0	46.0	4.0	2.0	3	0	1.0	11.67913818359375	0.6603549036170828
1846.0	9431.0	27.0	4.0	3.0	2,3	0,5	1.0	11.67913818359375	0.7838215033899534
2163.0	9433.0	19.0	1.0	2.0	1	0	0.0	11.67913818359375	0.842481229158821
2067.0	9434.0	22.0	4.0	2.0	3	0	1.0	11.67913818359375	0.8199862803583516
2132.0	9436.0	19.0	1.0	2.0	2	0	0.0	11.67913818359375	0.842481229158821
5424.0	9441.0	23.0	4.0	2.0	3	0	1.0	11.67913818359375	0.812622239184409
5430.0	9442.0	22.0	4.0	2.0	3	0	1.0	11.67913818359375	0.8199862803583516
4991.0	9443.0	44.0	4.0	2.0	3	0	1.0	11.67913818359375	0.6723774999759252
1610.0	9445.0	46.0	4.0	2.0	3	0	1.0	11.67913818359375	0.6603549036170828
2090.0	9446.0	21.0	4.0	2.0	2	0	1.0	11.67913818359375	0.8274170550030222
5410.0	9447.0	23.0	4.0	2.0	3	0	1.0	11.67913818359375	0.812622239184409
2112.0	9448.0	21.0	4.0	2.0	2	0	1.0	11.67913818359375	0.8274170550030222
5426.0	9449.0	22.0	4.0	2.0	3	0	1.0	11.67913818359375	0.8199862803583516
1738.0	9451.0	19.0	2.0	7.0	2,2,2,1,2,1	0,1,2,6,5,7	1.0	11.67913818359375	0.842481229158821
4905.0	9452.0	49.0	4.0	2.0	3	0	1.0	11.67913818359375	0.6427228790296189
5413.0	9453.0	23.0	4.0	2.0	3	0	1.0	11.67913818359375	0.812622239184409
5055.0	9455.0	31.0	2.0	4.0	2,3,3	0,2,8	1.0	11.67913818359375	0.7560415154193999
1929.0	9456.0	19.0	1.0	4.0	1,1,1	0,4,5	0.0	11.67913818359375	0.842481229158821
2161.0	9457.0	19.0	4.0	2.0	1	0	1.0	11.67913818359375	0.842481229158821
1589.0	9460.0	47.0	3.0	2.0	3	0	1.0	11.67913818359375	0.6544244620766146
2154.0	9461.0	19.0	1.0	2.0	2	0	0.0	11.67913818359375	0.842481229158821
5078.0	9463.0	35.0	3.0	3.0	2,4	0,5	1.0	11.67913818359375	0.7292460982067378
4963.0	9464.0	47.0	4.0	2.0	3	0	1.0	11.67913818359375	0.6544244620766146
5432.0	9465.0	21.0	4.0	2.0	3	0	1.0	11.67913818359375	0.8274170550030222
2131.0	9467.0	19.0	1.0	2.0	2	0	0.0	11.67913818359375	0.842481229158821
2062.0	9468.0	23.0	4.0	2.0	3	0	1.0	11.67913818359375	0.812622239184409
5405.0	9469.0	23.0	4.0	2.0	3	0	1.0	11.67913818359375	0.812622239184409
5421.0	9473.0	23.0	4.0	2.0	3	0	1.0	11.67913818359375	0.812622239184409
5427.0	9474.0	22.0	4.0	2.0	3	0	1.0	11.67913818359375	0.8199862803583516
5436.0	9475.0	22.0	4.0	2.0	3	0	1.0	11.67913818359375	0.8199862803583516
4909.0	9476.0	49.0	4.0	2.0	3	0	1.0	11.67913818359375	0.6427228790296189
2076.0	9477.0	21.0	3.0	2.0	3	0	1.0	11.67913818359375	0.8274170550030222
4864.0	9478.0	51.0	2.0	2.0	3	0	1.0	11.67913818359375	0.6312305287569777
1887.0	9479.0	19.0	3.0	4.0	2,3,1	0,4,7	1.0	11.67913818359375	0.842481229158821
1747.0	9480.0	31.0	1.0	4.0	2,3,3	0,2,7	0.0	11.67913818359375	0.7560415154193999
5458.0	9490.0	22.0	4.0	2.0	3	0	1.0	11.67913818359375	0.8199862803583516
2034.0	9491.0	20.0	2.0	3.0	2,2	0,5	1.0	11.67913818359375	0.8349151678619319
2072.0	9492.0	23.0	4.0	2.0	3	0	1.0	11.67913818359375	0.812622239184409
1504.0	9494.0	52.0	1.0	2.0	3	0	0.0	11.67913818359375	0.6255616441483419
1785.0	9495.0	31.0	4.0	3.0	2,4	0,4	1.0	11.67913818359375	0.7560415154193999
1500.0	9496.0	52.0	4.0	2.0	3	0	1.0	11.67913818359375	0.6255616441483419
5451.0	9497.0	23.0	4.0	2.0	3	0	1.0	11.67913818359375	0.812622239184409
2087.0	9499.0	22.0	4.0	2.0	3	0	1.0	11.67913818359375	0.8199862803583516
2107.0	9505.0	22.0	4.0	2.0	3	0	1.0	11.67913818359375	0.8199862803583516
2116.0	9507.0	22.0	4.0	2.0	2	0	1.0	11.67913818359375	0.8199862803583516
1630.0	9508.0	47.0	4.0	2.0	3	0	1.0	11.67913818359375	0.6544244620766146
1963.0	9510.0	23.0	4.0	3.0	1,3	0,5	1.0	11.67913818359375	0.812622239184409
1628.0	9511.0	47.0	4.0	2.0	3	0	1.0	11.67913818359375	0.6544244620766146
5492.0	9513.0	20.0	3.0	2.0	2	0	1.0	11.67913818359375	0.8349151678619319
4625.0	9514.0	44.0	3.0	5.0	2,3,4,3	0,2,3,12	1.0	11.67913818359375	0.6723774999759252
4901.0	9516.0	50.0	4.0	2.0	3	0	1.0	11.67913818359375	0.6369507852056338
4906.0	9517.0	50.0	4.0	2.0	3	0	1.0	11.67913818359375	0.6369507852056338
2016.0	9519.0	20.0	3.0	4.0	2,2,2	0,1,5	1.0	11.67913818359375	0.8349151678619319
4649.0	9521.0	44.0	3.0	5.0	2,4,4,3	0,1,3,12	1.0	11.67913818359375	0.6723774999759252
2042.0	9522.0	19.0	1.0	3.0	2,1	0,5	0.0	11.67913818359375	0.842481229158821
3898.0	9524.0	144.0	4.0	3.0	3,4	0,39	1.0	11.67913818359375	0.2727877895837072
1079.0	9525.0	24.0	1.0	6.0	1,4,4,1,3	0,3,8,31,4	0.0	11.67913818359375	0.8053243321686963
1303.0	9531.0	40.0	1.0	6.0	2,2,4,2,4	0,3,3,7,8	0.0	11.67913818359375	0.6970833375259179
4923.0	9532.0	50.0	2.0	2.0	3	0	1.0	11.67913818359375	0.6369507852056338
4952.0	9534.0	48.0	4.0	2.0	3	0	1.0	11.67913818359375	0.6485472799829566
1825.0	9535.0	24.0	3.0	5.0	2,2,2,3	0,1,4,5	1.0	11.67913818359375	0.8053243321686963
2096.0	9537.0	22.0	4.0	2.0	2	0	1.0	11.67913818359375	0.8199862803583516
1815.0	9538.0	19.0	3.0	6.0	2,1,1,3,1	0,1,4,4,6	1.0	11.67913818359375	0.842481229158821
920.0	9540.0	52.0	2.0	6.0	2,2,2,4,4	0,13,3,4,10	1.0	11.67913818359375	0.6255616441483419
5004.0	9541.0	44.0	4.0	2.0	3	0	1.0	11.67913818359375	0.6723774999759252
5382.0	9543.0	20.0	2.0	3.0	1,2	0,6	1.0	11.67913818359375	0.8349151678619319
5429.0	9544.0	23.0	4.0	2.0	3	0	1.0	11.67913818359375	0.812622239184409
2110.0	9546.0	22.0	4.0	2.0	3	0	1.0	11.67913818359375	0.8199862803583516
1461.0	9547.0	19.0	1.0	9.0	2,1,2,4,2,2,2,1	0,1,3,2,4,4,9,12	0.0	11.67913818359375	0.842481229158821
5020.0	9548.0	44.0	4.0	2.0	3	0	1.0	11.67913818359375	0.6723774999759252
2115.0	9549.0	22.0	4.0	2.0	2	0	1.0	11.67913818359375	0.8199862803583516
4993.0	9551.0	45.0	4.0	2.0	3	0	1.0	11.67913818359375	0.6663390872452982
2066.0	9554.0	23.0	2.0	2.0	3	0	1.0	11.67913818359375	0.812622239184409
4921.0	9555.0	50.0	3.0	2.0	3	0	1.0	11.67913818359375	0.6369507852056338
2081.0	9557.0	22.0	4.0	2.0	3	0	1.0	11.67913818359375	0.8199862803583516
4934.0	9558.0	49.0	4.0	2.0	3	0	1.0	11.67913818359375	0.6427228790296189
4907.0	9560.0	49.0	4.0	2.0	3	0	1.0	11.67913818359375	0.6427228790296189
4920.0	9562.0	50.0	4.0	2.0	3	0	1.0	11.67913818359375	0.6369507852056338
5439.0	9563.0	23.0	4.0	2.0	3	0	1.0	11.67913818359375	0.812622239184409
2085.0	9565.0	22.0	4.0	2.0	2	0	1.0	11.67913818359375	0.8199862803583516
4950.0	9568.0	48.0	4.0	2.0	3	0	1.0	11.67913818359375	0.6485472799829566
1997.0	9571.0	20.0	2.0	3.0	2,2	0,6	1.0	11.67913818359375	0.8349151678619319
5438.0	9572.0	23.0	4.0	2.0	3	0	1.0	11.67913818359375	0.812622239184409
1804.0	9574.0	30.0	4.0	4.0	2,2,4	0,1,4	1.0	11.67913818359375	0.7628928180053915
1560.0	9575.0	49.0	4.0	2.0	3	0	1.0	11.67913818359375	0.6427228790296189
5219.0	9577.0	27.0	4.0	3.0	2,3	0,5	1.0	11.67913818359375	0.7838215033899534
5437.0	9578.0	23.0	4.0	2.0	3	0	1.0	11.67913818359375	0.812622239184409
1653.0	9580.0	44.0	4.0	2.0	3	0	1.0	11.67913818359375	0.6723774999759252
5465.0	9581.0	21.0	4.0	2.0	3	0	1.0	11.67913818359375	0.8274170550030222
2039.0	9582.0	19.0	3.0	3.0	2,1	0,5	1.0	11.67913818359375	0.842481229158821
5457.0	9583.0	22.0	4.0	2.0	3	0	1.0	11.67913818359375	0.8199862803583516
508.0	9585.0	75.0	4.0	4.0	3,2,2	0,44,69	1.0	11.67913818359375	0.5083453040157061
5557.0	9586.0	19.0	4.0	2.0	2	0	1.0	11.67913818359375	0.842481229158821
5487.0	9588.0	21.0	4.0	2.0	3	0	1.0	11.67913818359375	0.8274170550030222
5471.0	9589.0	21.0	4.0	2.0	3	0	1.0	11.67913818359375	0.8274170550030222
1881.0	9591.0	19.0	3.0	4.0	2,3,1	0,4,8	1.0	11.67913818359375	0.842481229158821
2109.0	9592.0	22.0	3.0	2.0	2	0	1.0	11.67913818359375	0.8199862803583516
5456.0	9595.0	22.0	4.0	2.0	3	0	1.0	11.67913818359375	0.8199862803583516
5520.0	9597.0	19.0	2.0	2.0	2	0	1.0	11.67913818359375	0.842481229158821
1658.0	9599.0	32.0	3.0	5.0	2,3,4,3	0,2,2,8	1.0	11.67913818359375	0.749251742246213
1731.0	9601.0	31.0	2.0	4.0	2,4,3	0,2,8	1.0	11.67913818359375	0.7560415154193999
1863.0	9603.0	23.0	2.0	4.0	2,1,3	0,4,5	1.0	11.67913818359375	0.812622239184409
5446.0	9605.0	22.0	4.0	2.0	3	0	1.0	11.67913818359375	0.8199862803583516
4927.0	9607.0	49.0	3.0	2.0	3	0	1.0	11.67913818359375	0.6427228790296189
1582.0	9609.0	49.0	3.0	2.0	3	0	1.0	11.67913818359375	0.6427228790296189
5484.0	9611.0	21.0	4.0	2.0	3	0	1.0	11.67913818359375	0.8274170550030222
4980.0	9613.0	47.0	3.0	2.0	3	0	1.0	11.67913818359375	0.6544244620766146
5444.0	9614.0	23.0	4.0	2.0	3	0	1.0	11.67913818359375	0.812622239184409
5479.0	9618.0	21.0	4.0	2.0	3	0	1.0	11.67913818359375	0.8274170550030222
4900.0	9620.0	41.0	4.0	4.0	2,4,4	0,2,6	1.0	11.67913818359375	0.6908230493696736
5483.0	9624.0	21.0	4.0	2.0	3	0	1.0	11.67913818359375	0.8274170550030222
5488.0	9625.0	21.0	4.0	2.0	3	0	1.0	11.67913818359375	0.8274170550030222
5482.0	9627.0	21.0	4.0	2.0	3	0	1.0	11.67913818359375	0.8274170550030222
5440.0	9628.0	23.0	4.0	2.0	3	0	1.0	11.67913818359375	0.812622239184409
535.0	9629.0	146.0	4.0	3.0	3,4	0,40	1.0	11.67913818359375	0.2679101464652162
4931.0	9630.0	49.0	4.0	2.0	3	0	1.0	11.67913818359375	0.6427228790296189
5552.0	9632.0	19.0	1.0	2.0	2	0	0.0	11.67913818359375	0.842481229158821
1859.0	9634.0	23.0	1.0	4.0	2,1,3	0,5,5	0.0	11.67913818359375	0.812622239184409
5448.0	9635.0	23.0	4.0	2.0	3	0	1.0	11.67913818359375	0.812622239184409
5460.0	9636.0	21.0	4.0	2.0	3	0	1.0	11.67913818359375	0.8274170550030222
5463.0	9637.0	21.0	3.0	2.0	3	0	1.0	11.67913818359375	0.8274170550030222
2311.0	9639.0	1.0	3.0	2.0	2	0	1.0	11.67913818359375	0.9910193117246737
2312.0	9640.0	1.0	2.0	2.0	2	0	1.0	11.67913818359375	0.9910193117246737
2313.0	9641.0	1.0	2.0	2.0	2	0	1.0	11.67913818359375	0.9910193117246737
2318.0	9642.0	1.0	2.0	2.0	2	0	1.0	11.67913818359375	0.9910193117246737
5552.0	9643.0	1.0	2.0	3.0	2,1	0,19	1.0	11.67913818359375	0.9910193117246737
1859.0	9644.0	1.0	1.0	5.0	2,1,3,1	0,5,5,23	0.0	11.67913818359375	0.9910193117246737
2075.0	9645.0	23.0	4.0	2.0	3	0	1.0	11.67913818359375	0.812622239184409
2069.0	9646.0	24.0	4.0	2.0	3	0	1.0	11.67913818359375	0.8053243321686963
1559.0	9648.0	50.0	2.0	2.0	3	0	1.0	11.67913818359375	0.6369507852056338
5486.0	9649.0	22.0	3.0	2.0	3	0	1.0	11.67913818359375	0.8199862803583516
2100.0	9651.0	23.0	4.0	2.0	2	0	1.0	11.67913818359375	0.812622239184409
5455.0	9652.0	23.0	3.0	2.0	3	0	1.0	11.67913818359375	0.812622239184409
1965.0	9654.0	19.0	3.0	4.0	1,1,1	0,5,5	1.0	11.67913818359375	0.842481229158821
2099.0	9655.0	23.0	4.0	2.0	3	0	1.0	11.67913818359375	0.812622239184409
1693.0	9657.0	28.0	4.0	5.0	2,4,1,4	0,2,9,4	1.0	11.67913818359375	0.7767822468045106
2102.0	9658.0	23.0	3.0	2.0	2	0	1.0	11.67913818359375	0.812622239184409
1220.0	9660.0	23.0	2.0	5.0	2,3,1,3	0,1,35,5	1.0	11.67913818359375	0.812622239184409
654.0	9661.0	71.0	2.0	5.0	1,1,1,4	0,4,57,19	1.0	11.67913818359375	0.527023942876708
5450.0	9663.0	23.0	3.0	2.0	3	0	1.0	11.67913818359375	0.812622239184409
1954.0	9664.0	19.0	1.0	4.0	1,1,1	0,5,5	0.0	11.67913818359375	0.842481229158821
1948.0	9669.0	19.0	3.0	5.0	1,1,1,1	0,4,1,5	1.0	11.67913818359375	0.842481229158821
2079.0	9670.0	23.0	4.0	2.0	3	0	1.0	11.67913818359375	0.812622239184409
1576.0	9672.0	50.0	4.0	2.0	3	0	1.0	11.67913818359375	0.6369507852056338
5459.0	9673.0	23.0	4.0	2.0	3	0	1.0	11.67913818359375	0.812622239184409
1612.0	9674.0	20.0	1.0	8.0	2,1,1,3,2,1,2	0,2,1,3,8,10,4	0.0	11.67913818359375	0.8349151678619319
1729.0	9675.0	36.0	4.0	3.0	2,4	0,6	1.0	11.67913818359375	0.722696966322745
1622.0	9677.0	21.0	3.0	10.0	2,1,1,2,1,1,1,1,3	0,2,1,2,8,1,4,4,5	1.0	11.67913818359375	0.8274170550030222
1337.0	9678.0	42.0	3.0	6.0	2,2,3,2,3	0,1,3,7,9	1.0	11.67913818359375	0.6846189829098743
1254.0	9680.0	50.0	2.0	5.0	2,3,4,4	0,1,3,9	1.0	11.67913818359375	0.6369507852056338
5461.0	9681.0	23.0	4.0	2.0	3	0	1.0	11.67913818359375	0.812622239184409
1594.0	9683.0	48.0	4.0	3.0	2,3	0,1	1.0	11.67913818359375	0.6485472799829566
2111.0	9684.0	23.0	3.0	2.0	3	0	1.0	11.67913818359375	0.812622239184409
1679.0	9692.0	44.0	4.0	2.0	3	0	1.0	11.67913818359375	0.6723774999759252
5442.0	9693.0	24.0	4.0	2.0	3	0	1.0	11.67913818359375	0.8053243321686963
5475.0	9696.0	22.0	4.0	2.0	3	0	1.0	11.67913818359375	0.8199862803583516
2119.0	9698.0	23.0	4.0	2.0	3	0	1.0	11.67913818359375	0.812622239184409
2125.0	9699.0	21.0	3.0	2.0	3	0	1.0	11.67913818359375	0.8274170550030222
1676.0	9701.0	34.0	3.0	4.0	2,3,3	0,2,8	1.0	11.67913818359375	0.7358545787948659
1604.0	9704.0	48.0	4.0	2.0	3	0	1.0	11.67913818359375	0.6485472799829566
2191.0	9705.0	19.0	2.0	2.0	2	0	1.0	11.67913818359375	0.842481229158821
4940.0	9707.0	50.0	4.0	2.0	3	0	1.0	11.67913818359375	0.6369507852056338
4958.0	9710.0	49.0	4.0	2.0	3	0	1.0	11.67913818359375	0.6427228790296189
4968.0	9714.0	49.0	4.0	2.0	3	0	1.0	11.67913818359375	0.6427228790296189
1167.0	9715.0	54.0	4.0	4.0	2,4,4	0,3,10	1.0	11.67913818359375	0.6143761491764866
2150.0	9724.0	21.0	4.0	2.0	3	0	1.0	11.67913818359375	0.8274170550030222
1972.0	9726.0	23.0	4.0	3.0	1,3	0,5	1.0	11.67913818359375	0.812622239184409
5000.0	9727.0	45.0	4.0	2.0	3	0	1.0	11.67913818359375	0.6663390872452982
1725.0	9729.0	28.0	3.0	4.0	2,4,2	0,3,11	1.0	11.67913818359375	0.7767822468045106
4899.0	9730.0	51.0	4.0	2.0	3	0	1.0	11.67913818359375	0.6312305287569777
4994.0	9732.0	46.0	4.0	2.0	3	0	1.0	11.67913818359375	0.6603549036170828
2184.0	9733.0	19.0	1.0	2.0	2	0	0.0	11.67913818359375	0.842481229158821
2179.0	9742.0	19.0	1.0	2.0	2	0	0.0	11.67913818359375	0.842481229158821
5120.0	9744.0	36.0	3.0	3.0	2,4	0,5	1.0	11.67913818359375	0.722696966322745
1509.0	9746.0	53.0	4.0	2.0	3	0	1.0	11.67913818359375	0.6199436700252451
4975.0	9747.0	48.0	3.0	2.0	3	0	1.0	11.67913818359375	0.6485472799829566
5025.0	9749.0	44.0	4.0	2.0	3	0	1.0	11.67913818359375	0.6723774999759252
5331.0	9750.0	24.0	3.0	3.0	2,3	0,5	1.0	11.67913818359375	0.8053243321686963
2181.0	9752.0	19.0	1.0	2.0	2	0	0.0	11.67913818359375	0.842481229158821
2135.0	9753.0	21.0	2.0	2.0	3	0	1.0	11.67913818359375	0.8274170550030222
2138.0	9755.0	21.0	4.0	2.0	3	0	1.0	11.67913818359375	0.8274170550030222
2094.0	9756.0	23.0	3.0	2.0	2	0	1.0	11.67913818359375	0.812622239184409
1802.0	9758.0	31.0	4.0	4.0	2,2,4	0,1,4	1.0	11.67913818359375	0.7560415154193999
2095.0	9759.0	23.0	4.0	2.0	2	0	1.0	11.67913818359375	0.812622239184409
2324.0	9762.0	1.0	2.0	2.0	1	0	1.0	11.67913818359375	0.9910193117246737
2327.0	9763.0	1.0	2.0	2.0	1	0	1.0	11.67913818359375	0.9910193117246737
2333.0	9764.0	1.0	3.0	2.0	2	0	1.0	11.67913818359375	0.9910193117246737
2181.0	9765.0	1.0	2.0	3.0	2,1	0,19	1.0	11.67913818359375	0.9910193117246737
2334.0	9766.0	1.0	3.0	2.0	2	0	1.0	11.67913818359375	0.9910193117246737
2335.0	9767.0	1.0	2.0	2.0	2	0	1.0	11.67913818359375	0.9910193117246737
2336.0	9768.0	1.0	1.0	2.0	2	0	0.0	11.67913818359375	0.9910193117246737
1611.0	9769.0	49.0	2.0	2.0	3	0	1.0	11.67913818359375	0.6427228790296189
5500.0	9771.0	22.0	3.0	2.0	3	0	1.0	11.67913818359375	0.8199862803583516
5478.0	9772.0	23.0	4.0	2.0	3	0	1.0	11.67913818359375	0.812622239184409
4973.0	9774.0	49.0	4.0	2.0	3	0	1.0	11.67913818359375	0.6427228790296189
5485.0	9775.0	23.0	4.0	2.0	3	0	1.0	11.67913818359375	0.812622239184409
1277.0	9777.0	36.0	1.0	8.0	2,1,2,2,2,2,4	0,2,1,3,5,7,9	0.0	11.67913818359375	0.722696966322745
5468.0	9779.0	23.0	4.0	2.0	3	0	1.0	11.67913818359375	0.812622239184409
2047.0	9780.0	21.0	1.0	3.0	2,2	0,5	0.0	11.67913818359375	0.8274170550030222
5495.0	9782.0	22.0	4.0	2.0	3	0	1.0	11.67913818359375	0.8199862803583516
5481.0	9783.0	23.0	4.0	2.0	3	0	1.0	11.67913818359375	0.812622239184409
1867.0	9790.0	21.0	1.0	5.0	2,1,1,2	0,4,5,4	0.0	11.67913818359375	0.8274170550030222
4919.0	9792.0	52.0	4.0	2.0	3	0	1.0	11.67913818359375	0.6255616441483419
2104.0	9794.0	24.0	4.0	2.0	3	0	1.0	11.67913818359375	0.8053243321686963
5005.0	9796.0	46.0	4.0	2.0	3	0	1.0	11.67913818359375	0.6603549036170828
1323.0	9797.0	28.0	2.0	4.0	3,1,4	0,32,3	1.0	11.67913818359375	0.7767822468045106
789.0	9799.0	19.0	4.0	6.0	1,2,1,1,2	0,60,53,4,1	1.0	11.67913818359375	0.842481229158821
5443.0	9800.0	24.0	4.0	2.0	3	0	1.0	11.67913818359375	0.8053243321686963
5035.0	9802.0	45.0	2.0	2.0	3	0	1.0	11.67913818359375	0.6663390872452982
1574.0	9804.0	51.0	2.0	2.0	3	0	1.0	11.67913818359375	0.6312305287569777
2128.0	9806.0	22.0	4.0	2.0	2	0	1.0	11.67913818359375	0.8199862803583516
1194.0	9807.0	28.0	4.0	4.0	3,1,4	0,35,4	1.0	11.67913818359375	0.7767822468045106
883.0	9809.0	32.0	1.0	10.0	1,2,2,1,2,3,2,3,2	0,19,6,5,1,2,6,6,14	0.0	11.67913818359375	0.749251742246213
5499.0	9810.0	22.0	4.0	2.0	3	0	1.0	11.67913818359375	0.8199862803583516
5467.0	9812.0	23.0	4.0	2.0	3	0	1.0	11.67913818359375	0.812622239184409
5509.0	9813.0	22.0	4.0	2.0	2	0	1.0	11.67913818359375	0.8199862803583516
1665.0	9815.0	45.0	4.0	2.0	3	0	1.0	11.67913818359375	0.6663390872452982
2142.0	9816.0	22.0	4.0	2.0	3	0	1.0	11.67913818359375	0.8199862803583516
2182.0	9818.0	20.0	2.0	2.0	2	0	1.0	11.67913818359375	0.8349151678619319
5489.0	9819.0	23.0	4.0	2.0	3	0	1.0	11.67913818359375	0.812622239184409
5447.0	9821.0	24.0	4.0	2.0	3	0	1.0	11.67913818359375	0.8053243321686963
1544.0	9822.0	52.0	4.0	2.0	3	0	1.0	11.67913818359375	0.6255616441483419
5047.0	9823.0	45.0	4.0	2.0	3	0	1.0	11.67913818359375	0.6663390872452982
5476.0	9824.0	23.0	4.0	2.0	3	0	1.0	11.67913818359375	0.812622239184409
5504.0	9829.0	22.0	4.0	2.0	3	0	1.0	11.67913818359375	0.8199862803583516
5503.0	9830.0	22.0	4.0	2.0	3	0	1.0	11.67913818359375	0.8199862803583516
2152.0	9833.0	22.0	4.0	2.0	3	0	1.0	11.67913818359375	0.8199862803583516
3899.0	9835.0	146.0	4.0	3.0	3,4	0,39	1.0	11.67913818359375	0.2679101464652162
2178.0	9836.0	20.0	1.0	2.0	2	0	0.0	11.67913818359375	0.8349151678619319
1289.0	9838.0	23.0	4.0	6.0	2,3,3,1,3	0,5,9,21,5	1.0	11.67913818359375	0.812622239184409
2180.0	9839.0	20.0	2.0	2.0	2	0	1.0	11.67913818359375	0.8349151678619319
2183.0	9842.0	20.0	1.0	2.0	2	0	0.0	11.67913818359375	0.8349151678619319
1539.0	9844.0	52.0	4.0	2.0	3	0	1.0	11.67913818359375	0.6255616441483419
2185.0	9846.0	20.0	2.0	2.0	2	0	1.0	11.67913818359375	0.8349151678619319
1573.0	9850.0	51.0	4.0	2.0	3	0	1.0	11.67913818359375	0.6312305287569777
2141.0	9851.0	22.0	4.0	2.0	3	0	1.0	11.67913818359375	0.8199862803583516
2126.0	9853.0	22.0	4.0	2.0	3	0	1.0	11.67913818359375	0.8199862803583516
1637.0	9854.0	46.0	4.0	2.0	3	0	1.0	11.67913818359375	0.6603549036170828
2133.0	9859.0	22.0	4.0	2.0	3	0	1.0	11.67913818359375	0.8199862803583516
1590.0	9860.0	50.0	4.0	2.0	3	0	1.0	11.67913818359375	0.6369507852056338
2174.0	9862.0	20.0	4.0	2.0	2	0	1.0	11.67913818359375	0.8349151678619319
2063.0	9863.0	19.0	1.0	5.0	1,2,1,2	0,1,5,1	0.0	11.67913818359375	0.842481229158821
1694.0	9864.0	44.0	4.0	2.0	3	0	1.0	11.67913818359375	0.6723774999759252
1345.0	9866.0	49.0	4.0	6.0	2,2,4,4,4	0,1,1,3,9	1.0	11.67913818359375	0.6427228790296189
1624.0	9867.0	49.0	2.0	2.0	3	0	1.0	11.67913818359375	0.6427228790296189
5454.0	9869.0	24.0	4.0	2.0	3	0	1.0	11.67913818359375	0.8053243321686963
1879.0	9870.0	29.0	1.0	3.0	2,4	0,4	0.0	11.67913818359375	0.7698062075881518
1767.0	9872.0	35.0	4.0	4.0	2,2,4	0,1,5	1.0	11.67913818359375	0.7292460982067378
1067.0	9873.0	32.0	2.0	9.0	2,1,4,1,4,4,2,2	0,2,1,3,2,4,11,17	1.0	11.67913818359375	0.749251742246213
1944.0	9876.0	22.0	1.0	4.0	1,1,3	0,5,4	0.0	11.67913818359375	0.8199862803583516
1629.0	9878.0	49.0	4.0	2.0	3	0	1.0	11.67913818359375	0.6427228790296189
1687.0	9888.0	21.0	4.0	7.0	2,2,2,1,1,3	0,2,6,6,5,4	1.0	11.67913818359375	0.8274170550030222
1180.0	9890.0	50.0	2.0	5.0	2,3,4,3	0,1,4,13	1.0	11.67913818359375	0.6369507852056338
2139.0	9891.0	22.0	3.0	2.0	3	0	1.0	11.67913818359375	0.8199862803583516
4942.0	9893.0	51.0	4.0	2.0	3	0	1.0	11.67913818359375	0.6312305287569777
2153.0	9894.0	22.0	4.0	2.0	3	0	1.0	11.67913818359375	0.8199862803583516
1581.0	9896.0	42.0	4.0	4.0	2,4,4	0,2,7	1.0	11.67913818359375	0.6846189829098743
1635.0	9897.0	49.0	4.0	2.0	3	0	1.0	11.67913818359375	0.6427228790296189
2148.0	9898.0	22.0	2.0	2.0	3	0	1.0	11.67913818359375	0.8199862803583516
1923.0	9900.0	26.0	3.0	3.0	2,3	0,5	1.0	11.67913818359375	0.7909245502248251
1564.0	9901.0	51.0	4.0	2.0	3	0	1.0	11.67913818359375	0.6312305287569777
2136.0	9903.0	22.0	4.0	2.0	3	0	1.0	11.67913818359375	0.8199862803583516
2175.0	9904.0	20.0	1.0	2.0	2	0	0.0	11.67913818359375	0.8349151678619319
1938.0	9906.0	21.0	1.0	5.0	1,1,2,2	0,5,1,4	0.0	11.67913818359375	0.8274170550030222
1614.0	9907.0	49.0	4.0	2.0	3	0	1.0	11.67913818359375	0.6427228790296189
1524.0	9909.0	45.0	4.0	4.0	2,4,4	0,2,7	1.0	11.67913818359375	0.6663390872452982
5317.0	9910.0	25.0	4.0	3.0	2,3	0,5	1.0	11.67913818359375	0.798091965380954
1699.0	9912.0	24.0	1.0	5.0	2,3,2,2	0,2,8,10	0.0	11.67913818359375	0.8053243321686963
1557.0	9913.0	51.0	4.0	2.0	3	0	1.0	11.67913818359375	0.6312305287569777
1700.0	9915.0	24.0	2.0	5.0	2,3,2,2	0,2,8,10	1.0	11.67913818359375	0.8053243321686963
5293.0	9916.0	26.0	3.0	3.0	2,3	0,5	1.0	11.67913818359375	0.7909245502248251
2140.0	9919.0	22.0	3.0	2.0	2	0	1.0	11.67913818359375	0.8199862803583516
2155.0	9924.0	22.0	4.0	2.0	3	0	1.0	11.67913818359375	0.8199862803583516
1681.0	9925.0	45.0	4.0	2.0	3	0	1.0	11.67913818359375	0.6663390872452982
1408.0	9930.0	42.0	1.0	6.0	2,1,3,3,3	0,1,1,5,10	0.0	11.67913818359375	0.6846189829098743
1537.0	9931.0	38.0	1.0	7.0	2,2,2,2,2,4	0,1,2,2,4,7	0.0	11.67913818359375	0.7097746214849577
2130.0	9933.0	22.0	4.0	2.0	3	0	1.0	11.67913818359375	0.8199862803583516
1639.0	9934.0	46.0	4.0	2.0	3	0	1.0	11.67913818359375	0.6603549036170828
2137.0	9940.0	22.0	2.0	2.0	2	0	1.0	11.67913818359375	0.8199862803583516
2124.0	9942.0	22.0	2.0	2.0	2	0	1.0	11.67913818359375	0.8199862803583516
2158.0	9943.0	22.0	2.0	2.0	2	0	1.0	11.67913818359375	0.8199862803583516
5060.0	9948.0	33.0	3.0	4.0	2,3,3	0,2,9	1.0	11.67913818359375	0.7425229459093547
1520.0	9949.0	44.0	4.0	4.0	2,4,4	0,3,7	1.0	11.67913818359375	0.6723774999759252
5058.0	9964.0	45.0	4.0	2.0	2	0	1.0	11.67913818359375	0.6663390872452982
5007.0	9965.0	47.0	4.0	2.0	3	0	1.0	11.67913818359375	0.6544244620766146
4945.0	9966.0	51.0	4.0	2.0	3	0	1.0	11.67913818359375	0.6312305287569777
5050.0	9968.0	46.0	4.0	2.0	3	0	1.0	11.67913818359375	0.6603549036170828
5474.0	9969.0	24.0	4.0	2.0	3	0	1.0	11.67913818359375	0.8053243321686963
5002.0	9972.0	47.0	4.0	2.0	3	0	1.0	11.67913818359375	0.6544244620766146
5030.0	9974.0	46.0	4.0	2.0	3	0	1.0	11.67913818359375	0.6603549036170828
2167.0	9975.0	23.0	4.0	2.0	3	0	1.0	11.67913818359375	0.812622239184409
4916.0	9978.0	53.0	4.0	2.0	3	0	1.0	11.67913818359375	0.6199436700252451
2190.0	9980.0	20.0	1.0	3.0	2,2	0,1	0.0	11.67913818359375	0.8349151678619319
5040.0	9981.0	46.0	4.0	2.0	3	0	1.0	11.67913818359375	0.6603549036170828
4922.0	9983.0	53.0	3.0	2.0	3	0	1.0	11.67913818359375	0.6199436700252451
5480.0	9984.0	24.0	4.0	2.0	3	0	1.0	11.67913818359375	0.8053243321686963
4902.0	9986.0	53.0	3.0	2.0	3	0	1.0	11.67913818359375	0.6199436700252451
4897.0	9989.0	53.0	4.0	2.0	3	0	1.0	11.67913818359375	0.6199436700252451
4896.0	9990.0	53.0	4.0	2.0	3	0	1.0	11.67913818359375	0.6199436700252451
4971.0	9992.0	51.0	4.0	2.0	3	0	1.0	11.67913818359375	0.6312305287569777
4992.0	9993.0	48.0	4.0	2.0	3	0	1.0	11.67913818359375	0.6485472799829566
5146.0	9995.0	36.0	2.0	4.0	1,2,4	0,1,5	1.0	11.67913818359375	0.722696966322745
2058.0	9996.0	21.0	4.0	4.0	2,2,2	0,1,5	1.0	11.67913818359375	0.8274170550030222
5024.0	9998.0	47.0	4.0	2.0	3	0	1.0	11.67913818359375	0.6544244620766146
5006.0	9999.0	47.0	4.0	2.0	3	0	1.0	11.67913818359375	0.6544244620766146
4939.0	10001.0	52.0	4.0	2.0	3	0	1.0	11.67913818359375	0.6255616441483419
4935.0	10002.0	52.0	4.0	2.0	3	0	1.0	11.67913818359375	0.6255616441483419
4928.0	10004.0	52.0	4.0	2.0	3	0	1.0	11.67913818359375	0.6255616441483419
2189.0	10005.0	20.0	1.0	3.0	2,2	0,1	0.0	11.67913818359375	0.8349151678619319
5472.0	10009.0	24.0	4.0	2.0	3	0	1.0	11.67913818359375	0.8053243321686963
4913.0	10012.0	52.0	4.0	2.0	3	0	1.0	11.67913818359375	0.6255616441483419
5289.0	10013.0	25.0	4.0	3.0	2,3	0,6	1.0	11.67913818359375	0.798091965380954
5473.0	10015.0	24.0	4.0	2.0	3	0	1.0	11.67913818359375	0.8053243321686963
5335.0	10017.0	25.0	2.0	3.0	2,3	0,6	1.0	11.67913818359375	0.798091965380954
3897.0	10018.0	148.0	4.0	3.0	3,4	0,38	1.0	11.67913818359375	0.26311971913606713
4888.0	10020.0	53.0	4.0	2.0	3	0	1.0	11.67913818359375	0.6199436700252451
4951.0	10021.0	51.0	4.0	2.0	3	0	1.0	11.67913818359375	0.6312305287569777
2164.0	10023.0	23.0	2.0	2.0	3	0	1.0	11.67913818359375	0.812622239184409
5469.0	10024.0	24.0	3.0	2.0	3	0	1.0	11.67913818359375	0.8053243321686963
4962.0	10026.0	51.0	4.0	2.0	3	0	1.0	11.67913818359375	0.6312305287569777
5013.0	10027.0	47.0	4.0	2.0	3	0	1.0	11.67913818359375	0.6544244620766146
5027.0	10029.0	46.0	4.0	2.0	3	0	1.0	11.67913818359375	0.6603549036170828
5470.0	10030.0	24.0	4.0	2.0	3	0	1.0	11.67913818359375	0.8053243321686963
4957.0	10032.0	51.0	4.0	2.0	3	0	1.0	11.67913818359375	0.6312305287569777
5127.0	10033.0	24.0	3.0	6.0	2,1,1,2,2	0,5,1,5,7	1.0	11.67913818359375	0.8053243321686963
1237.0	10036.0	46.0	1.0	6.0	2,4,2,4,3	0,1,4,3,11	0.0	11.67913818359375	0.6603549036170828
5540.0	10038.0	22.0	4.0	2.0	3	0	1.0	11.67913818359375	0.8199862803583516
1588.0	10047.0	51.0	4.0	2.0	3	0	1.0	11.67913818359375	0.6312305287569777
493.0	10049.0	47.0	4.0	7.0	2,2,1,2,4,2	0,45,65,3,8,24	1.0	11.67913818359375	0.6544244620766146
5542.0	10050.0	22.0	4.0	2.0	3	0	1.0	11.67913818359375	0.8199862803583516
1538.0	10052.0	43.0	4.0	4.0	2,4,4	0,3,7	1.0	11.67913818359375	0.6784706332369898
1760.0	10053.0	44.0	3.0	2.0	3	0	1.0	11.67913818359375	0.6723774999759252
1081.0	10055.0	56.0	4.0	6.0	2,1,4,4,4	0,2,1,3,11	1.0	11.67913818359375	0.6033906589506637
5477.0	10057.0	24.0	4.0	2.0	3	0	1.0	11.67913818359375	0.8053243321686963
4946.0	10058.0	51.0	4.0	2.0	3	0	1.0	11.67913818359375	0.6312305287569777
5518.0	10060.0	22.0	4.0	2.0	3	0	1.0	11.67913818359375	0.8199862803583516
5491.0	10061.0	24.0	4.0	2.0	3	0	1.0	11.67913818359375	0.8053243321686963
1340.0	10063.0	51.0	4.0	6.0	2,2,4,4,4	0,1,1,3,8	1.0	11.67913818359375	0.6312305287569777
5532.0	10064.0	22.0	4.0	2.0	3	0	1.0	11.67913818359375	0.8199862803583516
1812.0	10066.0	23.0	3.0	6.0	2,1,1,1,3	0,1,5,4,5	1.0	11.67913818359375	0.812622239184409
5508.0	10067.0	23.0	4.0	2.0	3	0	1.0	11.67913818359375	0.812622239184409
5507.0	10069.0	23.0	4.0	2.0	3	0	1.0	11.67913818359375	0.812622239184409
5505.0	10070.0	23.0	4.0	2.0	3	0	1.0	11.67913818359375	0.812622239184409
1631.0	10073.0	50.0	4.0	2.0	2	0	1.0	11.67913818359375	0.6369507852056338
5069.0	10074.0	45.0	4.0	2.0	3	0	1.0	11.67913818359375	0.6663390872452982
5051.0	10076.0	46.0	4.0	2.0	3	0	1.0	11.67913818359375	0.6603549036170828
5538.0	10078.0	22.0	1.0	2.0	3	0	0.0	11.67913818359375	0.8199862803583516
5537.0	10079.0	22.0	3.0	2.0	3	0	1.0	11.67913818359375	0.8199862803583516
5535.0	10081.0	22.0	4.0	2.0	3	0	1.0	11.67913818359375	0.8199862803583516
5490.0	10082.0	24.0	4.0	2.0	3	0	1.0	11.67913818359375	0.8053243321686963
5494.0	10084.0	23.0	3.0	2.0	3	0	1.0	11.67913818359375	0.812622239184409
1724.0	10085.0	22.0	2.0	7.0	2,3,2,1,2,3	0,2,7,8,1,4	1.0	11.67913818359375	0.8199862803583516
5510.0	10087.0	23.0	3.0	2.0	3	0	1.0	11.67913818359375	0.812622239184409
1650.0	10088.0	36.0	4.0	4.0	2,4,3	0,2,9	1.0	11.67913818359375	0.722696966322745
1741.0	10090.0	44.0	4.0	2.0	3	0	1.0	11.67913818359375	0.6723774999759252
5496.0	10091.0	23.0	4.0	2.0	3	0	1.0	11.67913818359375	0.812622239184409
1674.0	10093.0	46.0	4.0	2.0	3	0	1.0	11.67913818359375	0.6603549036170828
5501.0	10094.0	23.0	4.0	2.0	3	0	1.0	11.67913818359375	0.812622239184409
5502.0	10096.0	23.0	4.0	2.0	3	0	1.0	11.67913818359375	0.812622239184409
5547.0	10097.0	22.0	4.0	2.0	3	0	1.0	11.67913818359375	0.8199862803583516
5322.0	10099.0	25.0	3.0	3.0	2,3	0,6	1.0	11.67913818359375	0.798091965380954
1692.0	10100.0	29.0	1.0	8.0	2,1,1,2,1,2,4	0,2,4,1,4,1,4	0.0	11.67913818359375	0.7698062075881518
5564.0	10102.0	20.0	1.0	2.0	2	0	0.0	11.67913818359375	0.8349151678619319
526.0	10103.0	148.0	4.0	3.0	3,4	0,41	1.0	11.67913818359375	0.26311971913606713
1705.0	10108.0	38.0	4.0	4.0	2,3,4	0,1,6	1.0	11.67913818359375	0.7097746214849577
5548.0	10109.0	22.0	3.0	2.0	3	0	1.0	11.67913818359375	0.8199862803583516
1626.0	10111.0	26.0	1.0	7.0	2,2,2,1,2,3	0,2,3,9,4,6	0.0	11.67913818359375	0.7909245502248251
1607.0	10112.0	41.0	4.0	4.0	2,4,4	0,2,7	1.0	11.67913818359375	0.6908230493696736
1570.0	10114.0	25.0	1.0	7.0	2,3,3,1,1,3	0,2,4,11,4,6	0.0	11.67913818359375	0.798091965380954
1784.0	10115.0	30.0	1.0	4.0	2,1,4	0,4,4	0.0	11.67913818359375	0.7628928180053915
1670.0	10117.0	37.0	1.0	4.0	2,2,4	0,2,7	0.0	11.67913818359375	0.7162066501506766
5544.0	10118.0	22.0	4.0	2.0	3	0	1.0	11.67913818359375	0.8199862803583516
2169.0	10119.0	23.0	4.0	2.0	3	0	1.0	11.67913818359375	0.812622239184409
2177.0	10126.0	21.0	4.0	2.0	3	0	1.0	11.67913818359375	0.8274170550030222
2127.0	10130.0	23.0	4.0	2.0	3	0	1.0	11.67913818359375	0.812622239184409
2156.0	10142.0	23.0	4.0	2.0	3	0	1.0	11.67913818359375	0.812622239184409
2122.0	10144.0	23.0	1.0	2.0	3	0	0.0	11.67913818359375	0.812622239184409
2145.0	10148.0	23.0	4.0	2.0	2	0	1.0	11.67913818359375	0.812622239184409
1897.0	10151.0	27.0	3.0	4.0	2,2,3	0,1,6	1.0	11.67913818359375	0.7838215033899534
4567.0	10152.0	51.0	4.0	5.0	2,4,3,4	0,1,4,11	1.0	11.67913818359375	0.6312305287569777
2043.0	10153.0	21.0	1.0	4.0	2,2,2	0,1,5	0.0	11.67913818359375	0.8274170550030222
2173.0	10154.0	21.0	4.0	2.0	3	0	1.0	11.67913818359375	0.8274170550030222
2194.0	10155.0	21.0	4.0	2.0	3	0	1.0	11.67913818359375	0.8274170550030222
2134.0	10156.0	23.0	4.0	2.0	3	0	1.0	11.67913818359375	0.812622239184409
1891.0	10157.0	22.0	3.0	5.0	2,2,2,2	0,1,6,5	1.0	11.67913818359375	0.8199862803583516
2147.0	10159.0	23.0	4.0	2.0	3	0	1.0	11.67913818359375	0.812622239184409
5042.0	10171.0	47.0	4.0	2.0	3	0	1.0	11.67913818359375	0.6544244620766146
5493.0	10172.0	24.0	4.0	2.0	3	0	1.0	11.67913818359375	0.8053243321686963
5539.0	10173.0	23.0	4.0	2.0	3	0	1.0	11.67913818359375	0.812622239184409
4938.0	10175.0	53.0	4.0	2.0	3	0	1.0	11.67913818359375	0.6199436700252451
5527.0	10176.0	23.0	4.0	2.0	3	0	1.0	11.67913818359375	0.812622239184409
5003.0	10178.0	48.0	4.0	2.0	3	0	1.0	11.67913818359375	0.6485472799829566
5101.0	10179.0	36.0	3.0	4.0	2,4,3	0,1,8	1.0	11.67913818359375	0.722696966322745
4576.0	10181.0	53.0	4.0	5.0	2,2,4,4	0,1,3,10	1.0	11.67913818359375	0.6199436700252451
4580.0	10182.0	54.0	3.0	6.0	2,2,3,4,4	0,1,1,3,9	1.0	11.67913818359375	0.6143761491764866
4933.0	10184.0	53.0	4.0	2.0	3	0	1.0	11.67913818359375	0.6199436700252451
4785.0	10185.0	36.0	3.0	7.0	2,2,2,3,2,3	0,2,2,3,7,10	1.0	11.67913818359375	0.722696966322745
5019.0	10187.0	48.0	4.0	2.0	2	0	1.0	11.67913818359375	0.6485472799829566
5290.0	10188.0	28.0	3.0	3.0	2,3	0,5	1.0	11.67913818359375	0.7767822468045106
1556.0	10190.0	53.0	4.0	2.0	3	0	1.0	11.67913818359375	0.6199436700252451
5023.0	10191.0	47.0	3.0	2.0	3	0	1.0	11.67913818359375	0.6544244620766146
5546.0	10193.0	23.0	4.0	2.0	3	0	1.0	11.67913818359375	0.812622239184409
5524.0	10194.0	23.0	4.0	2.0	3	0	1.0	11.67913818359375	0.812622239184409
5059.0	10196.0	46.0	4.0	2.0	3	0	1.0	11.67913818359375	0.6603549036170828
5512.0	10197.0	23.0	3.0	2.0	3	0	1.0	11.67913818359375	0.812622239184409
5097.0	10199.0	45.0	3.0	2.0	3	0	1.0	11.67913818359375	0.6663390872452982
2146.0	10200.0	24.0	4.0	2.0	3	0	1.0	11.67913818359375	0.8053243321686963
5553.0	10202.0	23.0	4.0	2.0	3	0	1.0	11.67913818359375	0.812622239184409
5497.0	10203.0	24.0	4.0	2.0	3	0	1.0	11.67913818359375	0.8053243321686963
5173.0	10205.0	33.0	3.0	3.0	2,4	0,5	1.0	11.67913818359375	0.7425229459093547
4612.0	10207.0	53.0	4.0	4.0	2,4,4	0,3,9	1.0	11.67913818359375	0.6199436700252451
4972.0	10208.0	51.0	3.0	2.0	3	0	1.0	11.67913818359375	0.6312305287569777
1651.0	10210.0	48.0	3.0	2.0	3	0	1.0	11.67913818359375	0.6485472799829566
4966.0	10211.0	52.0	4.0	2.0	3	0	1.0	11.67913818359375	0.6255616441483419
5513.0	10213.0	23.0	4.0	2.0	3	0	1.0	11.67913818359375	0.812622239184409
5514.0	10214.0	23.0	4.0	2.0	3	0	1.0	11.67913818359375	0.812622239184409
5541.0	10216.0	23.0	4.0	2.0	3	0	1.0	11.67913818359375	0.812622239184409
5036.0	10217.0	39.0	1.0	4.0	2,3,4	0,2,6	0.0	11.67913818359375	0.7034003568636636
2159.0	10219.0	24.0	3.0	2.0	3	0	1.0	11.67913818359375	0.8053243321686963
5178.0	10220.0	24.0	3.0	4.0	2,2,2	0,5,8	1.0	11.67913818359375	0.8053243321686963
5327.0	10222.0	26.0	3.0	3.0	1,3	0,6	1.0	11.67913818359375	0.7909245502248251
5498.0	10223.0	24.0	4.0	2.0	3	0	1.0	11.67913818359375	0.8053243321686963
4944.0	10225.0	52.0	4.0	2.0	3	0	1.0	11.67913818359375	0.6255616441483419
4626.0	10226.0	48.0	4.0	5.0	2,4,4,3	0,1,3,12	1.0	11.67913818359375	0.6485472799829566
5555.0	10228.0	23.0	4.0	2.0	3	0	1.0	11.67913818359375	0.812622239184409
5523.0	10229.0	23.0	4.0	2.0	3	0	1.0	11.67913818359375	0.812622239184409
4936.0	10231.0	53.0	4.0	2.0	3	0	1.0	11.67913818359375	0.6199436700252451
5516.0	10232.0	23.0	3.0	2.0	3	0	1.0	11.67913818359375	0.812622239184409
5559.0	10234.0	22.0	4.0	2.0	3	0	1.0	11.67913818359375	0.8199862803583516
5549.0	10235.0	23.0	4.0	2.0	3	0	1.0	11.67913818359375	0.812622239184409
2151.0	10237.0	24.0	3.0	2.0	3	0	1.0	11.67913818359375	0.8053243321686963
1648.0	10246.0	48.0	4.0	2.0	3	0	1.0	11.67913818359375	0.6485472799829566
1649.0	10247.0	39.0	4.0	4.0	2,2,4	0,2,7	1.0	11.67913818359375	0.7034003568636636
1766.0	10249.0	44.0	4.0	2.0	3	0	1.0	11.67913818359375	0.6723774999759252
1321.0	10252.0	45.0	4.0	7.0	2,2,4,2,2,4	0,1,1,4,6,8	1.0	11.67913818359375	0.6663390872452982
2187.0	10254.0	22.0	4.0	2.0	2	0	1.0	11.67913818359375	0.8199862803583516
1593.0	10256.0	52.0	4.0	2.0	3	0	1.0	11.67913818359375	0.6255616441483419
1664.0	10258.0	47.0	4.0	2.0	3	0	1.0	11.67913818359375	0.6544244620766146
503.0	10260.0	150.0	4.0	3.0	3,4	0,42	1.0	11.67913818359375	0.25841494811482063
524.0	10262.0	150.0	3.0	3.0	3,4	0,40	1.0	11.67913818359375	0.25841494811482063
1305.0	10264.0	31.0	4.0	4.0	3,1,4	0,30,4	1.0	11.67913818359375	0.7560415154193999
1236.0	10268.0	30.0	3.0	9.0	2,2,4,2,1,1,3,4	0,5,3,7,7,5,4,5	1.0	11.67913818359375	0.7628928180053915
1618.0	10272.0	51.0	4.0	2.0	3	0	1.0	11.67913818359375	0.6312305287569777
1752.0	10274.0	45.0	4.0	2.0	3	0	1.0	11.67913818359375	0.6663390872452982
5522.0	10276.0	23.0	4.0	2.0	3	0	1.0	11.67913818359375	0.812622239184409
1632.0	10278.0	51.0	4.0	2.0	3	0	1.0	11.67913818359375	0.6312305287569777
1848.0	10286.0	32.0	4.0	3.0	2,4	0,5	1.0	11.67913818359375	0.749251742246213
1902.0	10287.0	24.0	3.0	5.0	2,1,1,3	0,1,4,5	1.0	11.67913818359375	0.8053243321686963
2186.0	10290.0	22.0	2.0	2.0	2	0	1.0	11.67913818359375	0.8199862803583516
1955.0	10291.0	27.0	2.0	3.0	1,3	0,5	1.0	11.67913818359375	0.7838215033899534
5012.0	10293.0	48.0	4.0	2.0	3	0	1.0	11.67913818359375	0.6485472799829566
5043.0	10294.0	47.0	4.0	2.0	3	0	1.0	11.67913818359375	0.6544244620766146
4974.0	10300.0	51.0	4.0	2.0	3	0	1.0	11.67913818359375	0.6312305287569777
1646.0	10301.0	48.0	2.0	2.0	3	0	1.0	11.67913818359375	0.6485472799829566
1953.0	10302.0	27.0	3.0	3.0	1,3	0,5	1.0	11.67913818359375	0.7838215033899534
1707.0	10304.0	38.0	2.0	4.0	2,3,4	0,2,6	1.0	11.67913818359375	0.7097746214849577
1756.0	10305.0	45.0	4.0	2.0	2	0	1.0	11.67913818359375	0.6663390872452982
1905.0	10306.0	24.0	1.0	5.0	1,2,1,3	0,1,4,5	0.0	11.67913818359375	0.8053243321686963
1209.0	10308.0	50.0	2.0	6.0	2,4,2,3,4	0,1,3,4,11	1.0	11.67913818359375	0.6369507852056338
5015.0	10309.0	48.0	3.0	2.0	3	0	1.0	11.67913818359375	0.6485472799829566
5515.0	10310.0	23.0	3.0	2.0	3	0	1.0	11.67913818359375	0.812622239184409
4955.0	10312.0	52.0	4.0	2.0	3	0	1.0	11.67913818359375	0.6255616441483419
4723.0	10313.0	46.0	3.0	5.0	2,3,3,3	0,1,4,11	1.0	11.67913818359375	0.6603549036170828
963.0	10315.0	59.0	3.0	3.0	2,2	0,34	1.0	11.67913818359375	0.5872796270249686
1454.0	10318.0	35.0	1.0	8.0	2,4,1,2,3,4,3	0,2,7,1,2,2,9	0.0	11.67913818359375	0.7292460982067378
1662.0	10319.0	48.0	4.0	2.0	3	0	1.0	11.67913818359375	0.6485472799829566
5550.0	10322.0	23.0	2.0	2.0	3	0	1.0	11.67913818359375	0.812622239184409
1431.0	10323.0	37.0	3.0	6.0	2,3,4,1,4	0,2,3,10,7	1.0	11.67913818359375	0.7162066501506766
2171.0	10324.0	23.0	4.0	2.0	3	0	1.0	11.67913818359375	0.812622239184409
1652.0	10326.0	48.0	4.0	2.0	3	0	1.0	11.67913818359375	0.6485472799829566
1882.0	10327.0	31.0	4.0	3.0	2,4	0,4	1.0	11.67913818359375	0.7560415154193999
1868.0	10328.0	32.0	2.0	3.0	2,4	0,4	1.0	11.67913818359375	0.749251742246213
5016.0	10330.0	48.0	4.0	2.0	3	0	1.0	11.67913818359375	0.6485472799829566
1361.0	10331.0	44.0	3.0	5.0	2,3,3,3	0,1,4,12	1.0	11.67913818359375	0.6723774999759252
3868.0	10333.0	150.0	4.0	3.0	3,4	0,42	1.0	11.67913818359375	0.25841494811482063
1307.0	10334.0	51.0	4.0	5.0	2,3,3,4	0,1,4,9	1.0	11.67913818359375	0.6312305287569777
4999.0	10335.0	49.0	4.0	2.0	3	0	1.0	11.67913818359375	0.6427228790296189
1845.0	10336.0	23.0	4.0	6.0	2,1,1,1,3	0,5,4,1,4	1.0	11.67913818359375	0.812622239184409
1696.0	10337.0	46.0	4.0	2.0	3	0	1.0	11.67913818359375	0.6603549036170828
5536.0	10343.0	24.0	4.0	2.0	3	0	1.0	11.67913818359375	0.8053243321686963
5110.0	10344.0	45.0	3.0	2.0	3	0	1.0	11.67913818359375	0.6663390872452982
5517.0	10346.0	24.0	3.0	2.0	3	0	1.0	11.67913818359375	0.8053243321686963
5095.0	10347.0	46.0	4.0	2.0	3	0	1.0	11.67913818359375	0.6603549036170828
5529.0	10349.0	24.0	4.0	2.0	3	0	1.0	11.67913818359375	0.8053243321686963
5521.0	10350.0	24.0	2.0	2.0	3	0	1.0	11.67913818359375	0.8053243321686963
5124.0	10352.0	45.0	4.0	2.0	3	0	1.0	11.67913818359375	0.6663390872452982
5071.0	10353.0	47.0	4.0	2.0	3	0	1.0	11.67913818359375	0.6544244620766146
5554.0	10355.0	24.0	4.0	2.0	3	0	1.0	11.67913818359375	0.8053243321686963
5519.0	10356.0	24.0	4.0	2.0	3	0	1.0	11.67913818359375	0.8053243321686963
5116.0	10358.0	45.0	4.0	2.0	3	0	1.0	11.67913818359375	0.6663390872452982
5560.0	10359.0	23.0	4.0	2.0	3	0	1.0	11.67913818359375	0.812622239184409
5571.0	10360.0	22.0	3.0	2.0	3	0	1.0	11.67913818359375	0.8199862803583516
5573.0	10361.0	22.0	4.0	2.0	3	0	1.0	11.67913818359375	0.8199862803583516
5136.0	10363.0	45.0	4.0	2.0	3	0	1.0	11.67913818359375	0.6663390872452982
1597.0	10365.0	30.0	3.0	6.0	2,2,3,2,3	0,4,2,8,8	1.0	11.67913818359375	0.7628928180053915
5533.0	10367.0	24.0	4.0	2.0	3	0	1.0	11.67913818359375	0.8053243321686963
5102.0	10369.0	46.0	3.0	2.0	3	0	1.0	11.67913818359375	0.6603549036170828
5558.0	10371.0	24.0	4.0	2.0	3	0	1.0	11.67913818359375	0.8053243321686963
5543.0	10373.0	24.0	4.0	2.0	3	0	1.0	11.67913818359375	0.8053243321686963
5525.0	10375.0	24.0	4.0	2.0	3	0	1.0	11.67913818359375	0.8053243321686963
5076.0	10377.0	46.0	4.0	2.0	3	0	1.0	11.67913818359375	0.6603549036170828
1170.0	10380.0	55.0	4.0	4.0	2,4,4	0,4,12	1.0	11.67913818359375	0.6088586284969373
5511.0	10381.0	24.0	3.0	2.0	3	0	1.0	11.67913818359375	0.8053243321686963
1788.0	10383.0	24.0	4.0	6.0	2,2,1,1,3	0,1,5,4,6	1.0	11.67913818359375	0.8053243321686963
5561.0	10384.0	22.0	4.0	2.0	3	0	1.0	11.67913818359375	0.8199862803583516
5117.0	10386.0	45.0	4.0	2.0	3	0	1.0	11.67913818359375	0.6663390872452982
495.0	10387.0	151.0	4.0	3.0	3,4	0,43	1.0	11.67913818359375	0.2560942040201168
5565.0	10389.0	22.0	4.0	2.0	3	0	1.0	11.67913818359375	0.8199862803583516
5531.0	10390.0	24.0	4.0	2.0	3	0	1.0	11.67913818359375	0.8053243321686963
5096.0	10392.0	38.0	4.0	4.0	2,3,4	0,2,6	1.0	11.67913818359375	0.7097746214849577
1239.0	10393.0	39.0	1.0	6.0	2,1,4,4,2	0,3,1,5,19	0.0	11.67913818359375	0.7034003568636636
5563.0	10395.0	22.0	4.0	2.0	3	0	1.0	11.67913818359375	0.8199862803583516
5528.0	10396.0	24.0	4.0	2.0	3	0	1.0	11.67913818359375	0.8053243321686963
1599.0	10398.0	52.0	4.0	2.0	3	0	1.0	11.67913818359375	0.6255616441483419
5054.0	10399.0	47.0	4.0	2.0	3	0	1.0	11.67913818359375	0.6544244620766146
1218.0	10401.0	29.0	1.0	9.0	2,1,2,2,2,3,1,4	0,1,2,3,5,7,17,4	0.0	11.67913818359375	0.7698062075881518
947.0	10402.0	27.0	2.0	7.0	1,3,2,1,3,3	0,11,16,20,4,7	1.0	11.67913818359375	0.7838215033899534
1613.0	10404.0	40.0	4.0	4.0	2,4,3	0,2,10	1.0	11.67913818359375	0.6970833375259179
1951.0	10405.0	23.0	3.0	4.0	2,1,3	0,5,5	1.0	11.67913818359375	0.812622239184409
1026.0	10407.0	29.0	4.0	10.0	2,1,4,1,4,3,3,1,4	0,7,2,4,1,3,8,22,4	1.0	11.67913818359375	0.7698062075881518
1633.0	10408.0	52.0	4.0	2.0	3	0	1.0	11.67913818359375	0.6255616441483419
1988.0	10410.0	27.0	4.0	3.0	2,3	0,5	1.0	11.67913818359375	0.7838215033899534
1186.0	10413.0	55.0	4.0	4.0	2,4,4	0,3,12	1.0	11.67913818359375	0.6088586284969373
1616.0	10414.0	52.0	4.0	2.0	3	0	1.0	11.67913818359375	0.6255616441483419
5545.0	10416.0	24.0	4.0	2.0	3	0	1.0	11.67913818359375	0.8053243321686963
1726.0	10417.0	46.0	4.0	2.0	3	0	1.0	11.67913818359375	0.6603549036170828
1218.0	10419.0	1.0	2.0	10.0	2,1,2,2,2,3,1,4,1	0,1,2,3,5,7,17,4,29	1.0	11.67913818359375	0.9910193117246737
5798.0	10420.0	1.0	2.0	2.0	2	0	1.0	11.67913818359375	0.9910193117246737
5800.0	10421.0	1.0	2.0	2.0	2	0	1.0	11.67913818359375	0.9910193117246737
1239.0	10422.0	1.0	1.0	7.0	2,1,4,4,2,1	0,3,1,5,19,39	0.0	11.67913818359375	0.9910193117246737
5569.0	10423.0	23.0	3.0	2.0	3	0	1.0	11.67913818359375	0.812622239184409
2193.0	10424.0	24.0	2.0	2.0	3	0	1.0	11.67913818359375	0.8053243321686963
5008.0	10426.0	50.0	4.0	2.0	3	0	1.0	11.67913818359375	0.6369507852056338
5574.0	10430.0	23.0	2.0	2.0	3	0	1.0	11.67913818359375	0.812622239184409
5022.0	10433.0	50.0	4.0	2.0	3	0	1.0	11.67913818359375	0.6369507852056338
1075.0	10435.0	50.0	3.0	3.0	2,2	0,26	1.0	11.67913818359375	0.6369507852056338
1571.0	10437.0	42.0	4.0	5.0	2,3,2,4	0,2,4,7	1.0	11.67913818359375	0.6846189829098743
4990.0	10439.0	51.0	4.0	2.0	3	0	1.0	11.67913818359375	0.6312305287569777
5128.0	10442.0	46.0	4.0	2.0	3	0	1.0	11.67913818359375	0.6603549036170828
1334.0	10443.0	42.0	4.0	7.0	2,1,4,2,2,3	0,1,1,5,6,12	1.0	11.67913818359375	0.6846189829098743
1727.0	10445.0	47.0	4.0	2.0	3	0	1.0	11.67913818359375	0.6544244620766146
5067.0	10446.0	40.0	3.0	4.0	2,3,4	0,2,6	1.0	11.67913818359375	0.6970833375259179
4996.0	10451.0	50.0	4.0	2.0	3	0	1.0	11.67913818359375	0.6369507852056338
4981.0	10452.0	51.0	4.0	2.0	3	0	1.0	11.67913818359375	0.6312305287569777
1226.0	10455.0	54.0	2.0	6.0	2,1,4,4,4	0,1,1,3,10	1.0	11.67913818359375	0.6143761491764866
5152.0	10457.0	45.0	4.0	2.0	3	0	1.0	11.67913818359375	0.6663390872452982
1995.0	10458.0	26.0	2.0	4.0	2,2,3	0,1,6	1.0	11.67913818359375	0.7909245502248251
4982.0	10466.0	53.0	4.0	2.0	3	0	1.0	11.67913818359375	0.6199436700252451
1950.0	10467.0	24.0	3.0	4.0	2,1,3	0,5,5	1.0	11.67913818359375	0.8053243321686963
5148.0	10469.0	46.0	4.0	2.0	3	0	1.0	11.67913818359375	0.6603549036170828
5048.0	10471.0	49.0	4.0	2.0	3	0	1.0	11.67913818359375	0.6427228790296189
1994.0	10472.0	28.0	1.0	3.0	2,3	0,5	0.0	11.67913818359375	0.7767822468045106
5341.0	10479.0	27.0	3.0	3.0	2,3	0,6	1.0	11.67913818359375	0.7838215033899534
2029.0	10480.0	26.0	3.0	3.0	2,3	0,5	1.0	11.67913818359375	0.7909245502248251
1816.0	10482.0	26.0	3.0	6.0	2,1,1,1,3	0,1,4,4,5	1.0	11.67913818359375	0.7909245502248251
2172.0	10484.0	24.0	4.0	2.0	3	0	1.0	11.67913818359375	0.8053243321686963
5017.0	10485.0	50.0	4.0	2.0	3	0	1.0	11.67913818359375	0.6369507852056338
5070.0	10490.0	48.0	4.0	2.0	3	0	1.0	11.67913818359375	0.6485472799829566
2176.0	10491.0	24.0	4.0	2.0	3	0	1.0	11.67913818359375	0.8053243321686963
5113.0	10494.0	46.0	2.0	2.0	3	0	1.0	11.67913818359375	0.6603549036170828
4987.0	10497.0	51.0	3.0	2.0	3	0	1.0	11.67913818359375	0.6312305287569777
5089.0	10499.0	35.0	2.0	4.0	2,4,3	0,2,10	1.0	11.67913818359375	0.7292460982067378
2192.0	10501.0	24.0	4.0	2.0	3	0	1.0	11.67913818359375	0.8053243321686963
1396.0	10506.0	23.0	3.0	13.0	2,1,3,3,1,1,1,1,1,4,1,3	0,2,2,3,7,2,1,4,1,4,9,5	1.0	11.67913818359375	0.812622239184409
1922.0	10509.0	31.0	1.0	3.0	2,4	0,4	0.0	11.67913818359375	0.7560415154193999
5068.0	10511.0	48.0	4.0	2.0	3	0	1.0	11.67913818359375	0.6485472799829566
5227.0	10512.0	33.0	3.0	3.0	2,4	0,5	1.0	11.67913818359375	0.7425229459093547
1808.0	10515.0	35.0	4.0	4.0	2,2,4	0,1,5	1.0	11.67913818359375	0.7292460982067378
2188.0	10517.0	24.0	4.0	2.0	3	0	1.0	11.67913818359375	0.8053243321686963
1909.0	10518.0	31.0	1.0	3.0	2,4	0,4	0.0	11.67913818359375	0.7560415154193999
1742.0	10520.0	47.0	4.0	2.0	3	0	1.0	11.67913818359375	0.6544244620766146
1444.0	10521.0	35.0	4.0	5.0	2,4,4,2	0,1,5,20	1.0	11.67913818359375	0.7292460982067378
1810.0	10524.0	35.0	4.0	4.0	2,2,4	0,1,5	1.0	11.67913818359375	0.7292460982067378
5010.0	10527.0	50.0	4.0	2.0	3	0	1.0	11.67913818359375	0.6369507852056338
5566.0	10529.0	23.0	4.0	2.0	3	0	1.0	11.67913818359375	0.812622239184409
1508.0	10531.0	26.0	1.0	6.0	2,3,2,2,2	0,3,6,11,12	0.0	11.67913818359375	0.7909245502248251
5386.0	10532.0	25.0	3.0	3.0	2,3	0,6	1.0	11.67913818359375	0.798091965380954
1358.0	10534.0	35.0	1.0	5.0	2,4,4,2	0,2,6,20	0.0	11.67913818359375	0.7292460982067378
1774.0	10536.0	44.0	4.0	2.0	3	0	1.0	11.67913818359375	0.6723774999759252
5562.0	10537.0	23.0	4.0	2.0	3	0	1.0	11.67913818359375	0.812622239184409
1098.0	10539.0	47.0	2.0	4.0	2,3,2	0,1,27	1.0	11.67913818359375	0.6544244620766146
1913.0	10540.0	31.0	4.0	3.0	2,4	0,4	1.0	11.67913818359375	0.7560415154193999
1708.0	10541.0	37.0	4.0	4.0	2,4,3	0,2,9	1.0	11.67913818359375	0.7162066501506766
5299.0	10547.0	28.0	3.0	3.0	2,3	0,6	1.0	11.67913818359375	0.7767822468045106
5090.0	10548.0	47.0	4.0	2.0	3	0	1.0	11.67913818359375	0.6544244620766146
2445.0	10549.0	1.0	2.0	2.0	2	0	1.0	11.67913818359375	0.9910193117246737
1909.0	10550.0	1.0	2.0	4.0	2,4,1	0,4,31	1.0	11.67913818359375	0.9910193117246737
2448.0	10551.0	1.0	2.0	2.0	2	0	1.0	11.67913818359375	0.9910193117246737
2450.0	10552.0	1.0	2.0	2.0	2	0	1.0	11.67913818359375	0.9910193117246737
1508.0	10553.0	1.0	2.0	7.0	2,3,2,2,2,1	0,3,6,11,12,26	1.0	11.67913818359375	0.9910193117246737
2451.0	10554.0	1.0	2.0	2.0	2	0	1.0	11.67913818359375	0.9910193117246737
1358.0	10555.0	1.0	2.0	6.0	2,4,4,2,1	0,2,6,20,35	1.0	11.67913818359375	0.9910193117246737
2452.0	10556.0	1.0	2.0	2.0	2	0	1.0	11.67913818359375	0.9910193117246737
2454.0	10557.0	1.0	1.0	2.0	2	0	0.0	11.67913818359375	0.9910193117246737
1922.0	10558.0	1.0	2.0	4.0	2,4,1	0,4,31	1.0	11.67913818359375	0.9910193117246737
5526.0	10559.0	26.0	3.0	2.0	3	0	1.0	11.67913818359375	0.7909245502248251
3900.0	10560.0	151.0	3.0	3.0	3,4	0,39	1.0	11.67913818359375	0.2560942040201168
3882.0	10562.0	152.0	4.0	3.0	3,4	0,43	1.0	11.67913818359375	0.2537943018046943
5103.0	10563.0	47.0	2.0	2.0	2	0	1.0	11.67913818359375	0.6544244620766146
5530.0	10565.0	26.0	4.0	2.0	3	0	1.0	11.67913818359375	0.7909245502248251
3912.0	10567.0	151.0	4.0	3.0	3,4	0,39	1.0	11.67913818359375	0.2560942040201168
3905.0	10569.0	151.0	4.0	3.0	3,4	0,39	1.0	11.67913818359375	0.2560942040201168
5119.0	10571.0	47.0	3.0	2.0	3	0	1.0	11.67913818359375	0.6544244620766146
5144.0	10573.0	47.0	2.0	2.0	3	0	1.0	11.67913818359375	0.6544244620766146
1039.0	10581.0	28.0	3.0	11.0	2,1,3,2,2,2,2,4,1,4	0,6,2,3,4,4,5,6,18,5	1.0	11.67913818359375	0.7767822468045106
1638.0	10583.0	51.0	3.0	2.0	3	0	1.0	11.67913818359375	0.6312305287569777
5018.0	10584.0	51.0	4.0	2.0	2	0	1.0	11.67913818359375	0.6312305287569777
4988.0	10586.0	52.0	4.0	2.0	3	0	1.0	11.67913818359375	0.6255616441483419
5143.0	10587.0	47.0	4.0	2.0	3	0	1.0	11.67913818359375	0.6544244620766146
5381.0	10590.0	28.0	4.0	3.0	2,3	0,5	1.0	11.67913818359375	0.7767822468045106
1871.0	10591.0	34.0	3.0	3.0	2,4	0,4	1.0	11.67913818359375	0.7358545787948659
5052.0	10593.0	49.0	4.0	2.0	2	0	1.0	11.67913818359375	0.6427228790296189
1751.0	10596.0	48.0	4.0	2.0	3	0	1.0	11.67913818359375	0.6485472799829566
5126.0	10597.0	47.0	4.0	2.0	3	0	1.0	11.67913818359375	0.6544244620766146
1713.0	10599.0	49.0	4.0	2.0	2	0	1.0	11.67913818359375	0.6427228790296189
5145.0	10600.0	47.0	4.0	2.0	3	0	1.0	11.67913818359375	0.6544244620766146
1661.0	10602.0	51.0	4.0	2.0	3	0	1.0	11.67913818359375	0.6312305287569777
1007.0	10604.0	37.0	3.0	7.0	1,1,4,4,2,2	0,12,1,5,14,18	1.0	11.67913818359375	0.7162066501506766
5431.0	10605.0	24.0	3.0	3.0	1,3	0,6	1.0	11.67913818359375	0.8053243321686963
4989.0	10607.0	52.0	4.0	2.0	3	0	1.0	11.67913818359375	0.6255616441483419
5132.0	10608.0	47.0	4.0	2.0	3	0	1.0	11.67913818359375	0.6544244620766146
1744.0	10610.0	48.0	3.0	2.0	3	0	1.0	11.67913818359375	0.6485472799829566
5250.0	10612.0	33.0	4.0	3.0	2,4	0,5	1.0	11.67913818359375	0.7425229459093547
540.0	10613.0	153.0	4.0	3.0	3,4	0,40	1.0	11.67913818359375	0.2515150542941323
5273.0	10615.0	33.0	3.0	3.0	2,4	0,4	1.0	11.67913818359375	0.7425229459093547
1511.0	10616.0	31.0	1.0	9.0	2,2,2,1,2,4,1,4	0,2,2,5,1,2,11,5	0.0	11.67913818359375	0.7560415154193999
5333.0	10618.0	29.0	2.0	3.0	2,3	0,6	1.0	11.67913818359375	0.7698062075881518
1675.0	10619.0	50.0	4.0	2.0	3	0	1.0	11.67913818359375	0.6369507852056338
1656.0	10621.0	29.0	1.0	5.0	2,4,2,2	0,2,9,11	0.0	11.67913818359375	0.7698062075881518
4976.0	10623.0	39.0	3.0	5.0	2,2,4,3	0,1,2,11	1.0	11.67913818359375	0.7034003568636636
5572.0	10624.0	24.0	4.0	2.0	3	0	1.0	11.67913818359375	0.8053243321686963
1763.0	10626.0	47.0	4.0	2.0	3	0	1.0	11.67913818359375	0.6544244620766146
5141.0	10627.0	47.0	4.0	2.0	3	0	1.0	11.67913818359375	0.6544244620766146
1698.0	10629.0	49.0	4.0	2.0	3	0	1.0	11.67913818359375	0.6427228790296189
4997.0	10630.0	52.0	4.0	2.0	3	0	1.0	11.67913818359375	0.6255616441483419
5107.0	10632.0	47.0	4.0	2.0	2	0	1.0	11.67913818359375	0.6544244620766146
1912.0	10633.0	32.0	4.0	3.0	2,4	0,4	1.0	11.67913818359375	0.749251742246213
5091.0	10635.0	48.0	4.0	2.0	3	0	1.0	11.67913818359375	0.6485472799829566
5570.0	10636.0	24.0	3.0	2.0	3	0	1.0	11.67913818359375	0.8053243321686963
5086.0	10638.0	40.0	2.0	4.0	2,3,4	0,2,6	1.0	11.67913818359375	0.6970833375259179
4872.0	10640.0	35.0	4.0	6.0	2,2,3,3,2	0,1,1,5,16	1.0	11.67913818359375	0.7292460982067378
5014.0	10641.0	51.0	4.0	2.0	3	0	1.0	11.67913818359375	0.6312305287569777
5083.0	10642.0	48.0	4.0	2.0	3	0	1.0	11.67913818359375	0.6485472799829566
5378.0	10643.0	27.0	3.0	3.0	2,3	0,6	1.0	11.67913818359375	0.7838215033899534
5121.0	10645.0	47.0	4.0	2.0	3	0	1.0	11.67913818359375	0.6544244620766146
3904.0	10646.0	151.0	4.0	3.0	3,4	0,39	1.0	11.67913818359375	0.2560942040201168
1928.0	10648.0	26.0	2.0	4.0	1,2,3	0,4,6	1.0	11.67913818359375	0.7909245502248251
5061.0	10649.0	49.0	4.0	2.0	3	0	1.0	11.67913818359375	0.6427228790296189
5138.0	10652.0	47.0	4.0	2.0	3	0	1.0	11.67913818359375	0.6544244620766146
5028.0	10654.0	50.0	4.0	2.0	3	0	1.0	11.67913818359375	0.6369507852056338
3925.0	10655.0	142.0	3.0	3.0	3,4	0,39	1.0	11.67913818359375	0.2777542363653116
980.0	10661.0	34.0	3.0	12.0	2,2,2,1,2,4,2,2,2,2,3	0,11,2,3,1,1,3,5,6,8,13	1.0	11.67913818359375	0.7358545787948659
1185.0	10663.0	57.0	3.0	5.0	2,4,4,4	0,1,3,12	1.0	11.67913818359375	0.5979717955343841
4959.0	10664.0	40.0	2.0	4.0	2,3,3	0,4,11	1.0	11.67913818359375	0.6970833375259179
5157.0	10666.0	45.0	4.0	2.0	3	0	1.0	11.67913818359375	0.6663390872452982
4998.0	10667.0	52.0	4.0	2.0	3	0	1.0	11.67913818359375	0.6255616441483419
5137.0	10669.0	47.0	3.0	2.0	3	0	1.0	11.67913818359375	0.6544244620766146
1765.0	10672.0	47.0	4.0	2.0	3	0	1.0	11.67913818359375	0.6544244620766146
977.0	10674.0	63.0	4.0	4.0	2,3,4	0,11,13	1.0	11.67913818359375	0.5664654226384526
5131.0	10675.0	47.0	4.0	2.0	3	0	1.0	11.67913818359375	0.6544244620766146
1753.0	10678.0	48.0	4.0	2.0	3	0	1.0	11.67913818359375	0.6485472799829566
5114.0	10680.0	47.0	4.0	2.0	3	0	1.0	11.67913818359375	0.6544244620766146
1684.0	10683.0	49.0	3.0	2.0	3	0	1.0	11.67913818359375	0.6427228790296189
5044.0	10685.0	50.0	4.0	2.0	3	0	1.0	11.67913818359375	0.6369507852056338
2003.0	10691.0	27.0	2.0	3.0	2,3	0,6	1.0	11.67913818359375	0.7838215033899534
1712.0	10693.0	49.0	3.0	2.0	2	0	1.0	11.67913818359375	0.6427228790296189
5130.0	10695.0	47.0	4.0	2.0	3	0	1.0	11.67913818359375	0.6544244620766146
1706.0	10700.0	49.0	3.0	2.0	3	0	1.0	11.67913818359375	0.6427228790296189
5085.0	10701.0	48.0	4.0	2.0	3	0	1.0	11.67913818359375	0.6485472799829566
1841.0	10703.0	35.0	3.0	3.0	2,4	0,5	1.0	11.67913818359375	0.7292460982067378
5123.0	10704.0	47.0	4.0	2.0	3	0	1.0	11.67913818359375	0.6544244620766146
5106.0	10706.0	47.0	4.0	2.0	3	0	1.0	11.67913818359375	0.6544244620766146
5038.0	10707.0	50.0	4.0	2.0	3	0	1.0	11.67913818359375	0.6369507852056338
5077.0	10709.0	48.0	4.0	2.0	3	0	1.0	11.67913818359375	0.6485472799829566
5115.0	10710.0	47.0	4.0	2.0	3	0	1.0	11.67913818359375	0.6544244620766146
4583.0	10713.0	56.0	4.0	6.0	2,2,4,4,4	0,1,1,3,10	1.0	11.67913818359375	0.6033906589506637
1429.0	10715.0	50.0	4.0	4.0	2,4,4	0,3,9	1.0	11.67913818359375	0.6369507852056338
1387.0	10716.0	28.0	1.0	7.0	2,3,4,2,2,2	0,2,3,8,11,12	0.0	11.67913818359375	0.7767822468045106
1750.0	10718.0	48.0	1.0	2.0	2	0	0.0	11.67913818359375	0.6485472799829566
1710.0	10719.0	30.0	1.0	6.0	2,4,1,1,4	0,2,8,4,5	0.0	11.67913818359375	0.7628928180053915
5034.0	10721.0	50.0	4.0	2.0	3	0	1.0	11.67913818359375	0.6369507852056338
5252.0	10722.0	33.0	4.0	3.0	2,4	0,5	1.0	11.67913818359375	0.7425229459093547
5268.0	10723.0	33.0	3.0	3.0	2,4	0,4	1.0	11.67913818359375	0.7425229459093547
983.0	10744.0	64.0	4.0	4.0	2,3,4	0,11,13	1.0	11.67913818359375	0.5613781732589856
5009.0	10745.0	52.0	4.0	2.0	3	0	1.0	11.67913818359375	0.6255616441483419
1178.0	10747.0	29.0	1.0	8.0	2,1,4,2,3,1,4	0,1,3,7,8,21,5	0.0	11.67913818359375	0.7698062075881518
5021.0	10748.0	52.0	4.0	2.0	3	0	1.0	11.67913818359375	0.6255616441483419
543.0	10750.0	153.0	4.0	3.0	3,4	0,41	1.0	11.67913818359375	0.2515150542941323
1743.0	10751.0	49.0	1.0	2.0	2	0	0.0	11.67913818359375	0.6427228790296189
1734.0	10753.0	49.0	4.0	2.0	2	0	1.0	11.67913818359375	0.6427228790296189
1911.0	10754.0	33.0	4.0	3.0	1,4	0,4	1.0	11.67913818359375	0.7425229459093547
545.0	10756.0	152.0	4.0	3.0	3,4	0,42	1.0	11.67913818359375	0.2537943018046943
1048.0	10758.0	52.0	4.0	3.0	3,2	0,30	1.0	11.67913818359375	0.6255616441483419
1720.0	10759.0	49.0	4.0	2.0	2	0	1.0	11.67913818359375	0.6427228790296189
1715.0	10761.0	49.0	2.0	2.0	3	0	1.0	11.67913818359375	0.6427228790296189
1057.0	10763.0	52.0	2.0	3.0	2,2	0,30	1.0	11.67913818359375	0.6255616441483419
5087.0	10766.0	49.0	4.0	2.0	3	0	1.0	11.67913818359375	0.6427228790296189
516.0	10767.0	154.0	4.0	3.0	3,4	0,40	1.0	11.67913818359375	0.24925627599496494
1736.0	10769.0	49.0	4.0	2.0	3	0	1.0	11.67913818359375	0.6427228790296189
1737.0	10770.0	49.0	4.0	2.0	3	0	1.0	11.67913818359375	0.6427228790296189
1749.0	10772.0	49.0	4.0	2.0	3	0	1.0	11.67913818359375	0.6427228790296189
1786.0	10774.0	37.0	4.0	3.0	2,4	0,6	1.0	11.67913818359375	0.7162066501506766
1714.0	10775.0	49.0	3.0	2.0	3	0	1.0	11.67913818359375	0.6427228790296189
1636.0	10777.0	52.0	3.0	2.0	3	0	1.0	11.67913818359375	0.6255616441483419
1164.0	10778.0	58.0	2.0	5.0	2,4,4,4	0,1,3,12	1.0	11.67913818359375	0.5926015972412526
1299.0	10780.0	51.0	1.0	5.0	2,3,4,3	0,2,4,12	0.0	11.67913818359375	0.6312305287569777
1645.0	10781.0	52.0	4.0	2.0	3	0	1.0	11.67913818359375	0.6255616441483419
5031.0	10788.0	51.0	4.0	2.0	3	0	1.0	11.67913818359375	0.6312305287569777
5049.0	10790.0	51.0	4.0	2.0	3	0	1.0	11.67913818359375	0.6312305287569777
1762.0	10800.0	48.0	2.0	2.0	3	0	1.0	11.67913818359375	0.6485472799829566
3909.0	10801.0	149.0	4.0	3.0	3,4	0,42	1.0	11.67913818359375	0.2607567229594147
541.0	10803.0	153.0	4.0	3.0	3,4	0,41	1.0	11.67913818359375	0.2515150542941323
5155.0	10806.0	47.0	4.0	2.0	3	0	1.0	11.67913818359375	0.6544244620766146
5160.0	10810.0	44.0	4.0	2.0	3	0	1.0	11.67913818359375	0.6723774999759252
1717.0	10812.0	49.0	4.0	2.0	3	0	1.0	11.67913818359375	0.6427228790296189
5108.0	10814.0	48.0	4.0	2.0	2	0	1.0	11.67913818359375	0.6485472799829566
1364.0	10816.0	27.0	3.0	9.0	2,4,4,1,2,1,2,4	0,2,5,20,1,5,1,4	1.0	11.67913818359375	0.7838215033899534
1265.0	10817.0	41.0	4.0	5.0	2,4,4,2	0,2,6,21	1.0	11.67913818359375	0.6908230493696736
1669.0	10819.0	51.0	2.0	2.0	3	0	1.0	11.67913818359375	0.6312305287569777
1723.0	10820.0	49.0	3.0	2.0	3	0	1.0	11.67913818359375	0.6427228790296189
5133.0	10822.0	48.0	4.0	2.0	3	0	1.0	11.67913818359375	0.6485472799829566
5218.0	10823.0	35.0	4.0	3.0	2,4	0,5	1.0	11.67913818359375	0.7292460982067378
1181.0	10825.0	57.0	2.0	5.0	2,3,4,4	0,1,4,12	1.0	11.67913818359375	0.5979717955343841
1011.0	10826.0	25.0	1.0	5.0	1,4,1,3	0,12,46,5	0.0	11.67913818359375	0.798091965380954
1939.0	10828.0	33.0	4.0	3.0	2,4	0,4	1.0	11.67913818359375	0.7425229459093547
5428.0	10829.0	25.0	3.0	3.0	2,3	0,6	1.0	11.67913818359375	0.798091965380954
1732.0	10834.0	49.0	3.0	2.0	2	0	1.0	11.67913818359375	0.6427228790296189
1770.0	10835.0	46.0	3.0	2.0	3	0	1.0	11.67913818359375	0.6603549036170828
1654.0	10837.0	40.0	3.0	4.0	2,4,3	0,2,10	1.0	11.67913818359375	0.6970833375259179
5037.0	10838.0	51.0	4.0	2.0	3	0	1.0	11.67913818359375	0.6312305287569777
1304.0	10840.0	31.0	1.0	4.0	3,1,4	0,33,5	0.0	11.67913818359375	0.7560415154193999
1405.0	10842.0	51.0	2.0	5.0	2,3,4,4	0,2,3,9	1.0	11.67913818359375	0.6312305287569777
5032.0	10843.0	51.0	4.0	2.0	3	0	1.0	11.67913818359375	0.6312305287569777
1634.0	10845.0	41.0	2.0	4.0	2,4,3	0,3,11	1.0	11.67913818359375	0.6908230493696736
959.0	10846.0	78.0	2.0	3.0	1,4	0,19	1.0	11.67913818359375	0.49477206203592944
785.0	10848.0	25.0	3.0	7.0	2,2,3,1,3,2	0,1,45,60,3,9	1.0	11.67913818359375	0.798091965380954
500.0	10850.0	154.0	4.0	3.0	3,4	0,43	1.0	11.67913818359375	0.24925627599496494
925.0	10851.0	57.0	3.0	3.0	3,2	0,33	1.0	11.67913818359375	0.5979717955343841
1730.0	10853.0	37.0	4.0	4.0	2,4,3	0,2,10	1.0	11.67913818359375	0.7162066501506766
1772.0	10856.0	46.0	3.0	2.0	3	0	1.0	11.67913818359375	0.6603549036170828
1789.0	10858.0	30.0	3.0	5.0	2,2,2,3	0,1,5,7	1.0	11.67913818359375	0.7628928180053915
3869.0	10868.0	153.0	4.0	3.0	3,4	0,43	1.0	11.67913818359375	0.2515150542941323
1596.0	10870.0	38.0	1.0	6.0	2,2,2,2,4	0,2,2,5,8	0.0	11.67913818359375	0.7097746214849577
5211.0	10871.0	35.0	3.0	3.0	2,4	0,5	1.0	11.67913818359375	0.7292460982067378
5149.0	10873.0	48.0	3.0	2.0	3	0	1.0	11.67913818359375	0.6485472799829566
5065.0	10874.0	50.0	3.0	2.0	3	0	1.0	11.67913818359375	0.6369507852056338
1543.0	10876.0	35.0	3.0	5.0	2,3,4,2	0,2,4,17	1.0	11.67913818359375	0.7292460982067378
5111.0	10877.0	48.0	3.0	2.0	3	0	1.0	11.67913818359375	0.6485472799829566
5063.0	10879.0	50.0	4.0	2.0	3	0	1.0	11.67913818359375	0.6369507852056338
1682.0	10880.0	51.0	1.0	2.0	2	0	0.0	11.67913818359375	0.6312305287569777
949.0	10882.0	32.0	2.0	15.0	2,1,1,2,2,1,2,2,2,2,4,2,2,4	0,19,2,2,3,4,2,2,2,2,2,5,10,10	1.0	11.67913818359375	0.749251742246213
1711.0	10886.0	50.0	4.0	2.0	3	0	1.0	11.67913818359375	0.6369507852056338
5170.0	10888.0	43.0	4.0	2.0	3	0	1.0	11.67913818359375	0.6784706332369898
5053.0	10890.0	50.0	4.0	2.0	3	0	1.0	11.67913818359375	0.6369507852056338
1916.0	10891.0	33.0	1.0	3.0	2,4	0,4	0.0	11.67913818359375	0.7425229459093547
1809.0	10892.0	43.0	3.0	2.0	3	0	1.0	11.67913818359375	0.6784706332369898
5099.0	10893.0	49.0	1.0	2.0	3	0	0.0	11.67913818359375	0.6427228790296189
5150.0	10898.0	32.0	2.0	5.0	2,2,3,3	0,1,5,9	1.0	11.67913818359375	0.749251742246213
5041.0	10906.0	51.0	4.0	2.0	3	0	1.0	11.67913818359375	0.6312305287569777
1598.0	10908.0	32.0	3.0	7.0	2,2,3,1,2,4	0,3,3,11,1,5	1.0	11.67913818359375	0.749251742246213
5177.0	10909.0	28.0	2.0	4.0	2,2,3	0,5,8	1.0	11.67913818359375	0.7767822468045106
1805.0	10910.0	43.0	3.0	2.0	3	0	1.0	11.67913818359375	0.6784706332369898
5026.0	10912.0	51.0	4.0	2.0	3	0	1.0	11.67913818359375	0.6312305287569777
5129.0	10913.0	48.0	4.0	2.0	3	0	1.0	11.67913818359375	0.6485472799829566
5084.0	10914.0	49.0	4.0	2.0	3	0	1.0	11.67913818359375	0.6427228790296189
5283.0	10919.0	33.0	3.0	3.0	2,4	0,5	1.0	11.67913818359375	0.7425229459093547
1754.0	10920.0	50.0	4.0	2.0	3	0	1.0	11.67913818359375	0.6369507852056338
1796.0	10921.0	44.0	4.0	2.0	3	0	1.0	11.67913818359375	0.6723774999759252
1824.0	10923.0	43.0	4.0	2.0	3	0	1.0	11.67913818359375	0.6784706332369898
1940.0	10924.0	33.0	4.0	3.0	2,4	0,5	1.0	11.67913818359375	0.7425229459093547
1917.0	10926.0	33.0	4.0	3.0	1,4	0,5	1.0	11.67913818359375	0.7425229459093547
1935.0	10927.0	33.0	4.0	3.0	1,4	0,5	1.0	11.67913818359375	0.7425229459093547
1807.0	10929.0	44.0	3.0	2.0	3	0	1.0	11.67913818359375	0.6723774999759252
986.0	10930.0	49.0	2.0	8.0	1,1,3,2,4,3,3	0,11,1,2,3,7,16	1.0	11.67913818359375	0.6427228790296189
5112.0	10932.0	49.0	4.0	2.0	3	0	1.0	11.67913818359375	0.6427228790296189
1096.0	10933.0	30.0	1.0	10.0	2,2,3,2,2,3,2,1,4	0,1,2,3,7,6,10,14,5	0.0	11.67913818359375	0.7628928180053915
1966.0	10935.0	32.0	4.0	3.0	2,4	0,5	1.0	11.67913818359375	0.749251742246213
1949.0	10936.0	32.0	1.0	3.0	2,4	0,5	0.0	11.67913818359375	0.749251742246213
1690.0	10938.0	41.0	4.0	4.0	2,4,4	0,2,8	1.0	11.67913818359375	0.6908230493696736
1716.0	10940.0	50.0	4.0	2.0	3	0	1.0	11.67913818359375	0.6369507852056338
1795.0	10941.0	44.0	4.0	2.0	3	0	1.0	11.67913818359375	0.6723774999759252
5255.0	10943.0	35.0	3.0	3.0	2,4	0,5	1.0	11.67913818359375	0.7292460982067378
900.0	10945.0	18.0	2.0	4.0	2,4,1	0,14,60	1.0	11.67913818359375	0.8501158546473211
5256.0	10946.0	35.0	4.0	3.0	2,4	0,5	1.0	11.67913818359375	0.7292460982067378
1062.0	10948.0	36.0	3.0	5.0	2,4,2,2	0,6,19,22	1.0	11.67913818359375	0.722696966322745
1021.0	10949.0	59.0	3.0	7.0	2,1,2,4,3,4	0,11,1,1,5,12	1.0	11.67913818359375	0.5872796270249686
1790.0	10951.0	44.0	4.0	2.0	3	0	1.0	11.67913818359375	0.6723774999759252
1755.0	10952.0	50.0	4.0	2.0	2	0	1.0	11.67913818359375	0.6369507852056338
1719.0	10954.0	38.0	3.0	4.0	2,4,3	0,2,10	1.0	11.67913818359375	0.7097746214849577
1655.0	10957.0	43.0	4.0	4.0	2,3,4	0,2,8	1.0	11.67913818359375	0.6784706332369898
1480.0	10958.0	50.0	4.0	4.0	2,4,4	0,3,9	1.0	11.67913818359375	0.6369507852056338
1979.0	10960.0	31.0	4.0	3.0	2,4	0,5	1.0	11.67913818359375	0.7560415154193999
1702.0	10961.0	41.0	2.0	4.0	2,4,4	0,2,8	1.0	11.67913818359375	0.6908230493696736
1817.0	10963.0	43.0	4.0	2.0	3	0	1.0	11.67913818359375	0.6784706332369898
519.0	10969.0	154.0	4.0	3.0	3,4	0,41	1.0	11.67913818359375	0.24925627599496494
5064.0	10972.0	51.0	4.0	2.0	3	0	1.0	11.67913818359375	0.6312305287569777
5139.0	10974.0	49.0	3.0	2.0	3	0	1.0	11.67913818359375	0.6427228790296189
5167.0	10978.0	44.0	4.0	2.0	3	0	1.0	11.67913818359375	0.6723774999759252
5176.0	10979.0	43.0	4.0	2.0	3	0	1.0	11.67913818359375	0.6784706332369898
5100.0	10981.0	50.0	4.0	2.0	3	0	1.0	11.67913818359375	0.6369507852056338
2195.0	10983.0	18.0	4.0	2.0	1	0	1.0	11.67913818359375	0.8501158546473211
5344.0	10985.0	29.0	3.0	3.0	2,3	0,7	1.0	11.67913818359375	0.7698062075881518
2202.0	10987.0	18.0	4.0	2.0	2	0	1.0	11.67913818359375	0.8501158546473211
491.0	10989.0	154.0	4.0	3.0	3,4	0,44	1.0	11.67913818359375	0.24925627599496494
2212.0	10993.0	18.0	2.0	2.0	2	0	1.0	11.67913818359375	0.8501158546473211
5305.0	10995.0	32.0	3.0	3.0	2,4	0,5	1.0	11.67913818359375	0.749251742246213
1595.0	11005.0	42.0	4.0	5.0	2,1,4,3	0,1,3,11	1.0	11.67913818359375	0.6846189829098743
5158.0	11006.0	45.0	3.0	2.0	3	0	1.0	11.67913818359375	0.6663390872452982
1086.0	11008.0	59.0	4.0	5.0	2,4,3,4	0,2,5,12	1.0	11.67913818359375	0.5872796270249686
1644.0	11009.0	42.0	3.0	4.0	2,3,4	0,3,8	1.0	11.67913818359375	0.6846189829098743
1775.0	11011.0	47.0	1.0	2.0	3	0	0.0	11.67913818359375	0.6544244620766146
2503.0	11013.0	1.0	2.0	2.0	1	0	1.0	11.67913818359375	0.9910193117246737
2506.0	11014.0	1.0	2.0	2.0	2	0	1.0	11.67913818359375	0.9910193117246737
1775.0	11015.0	1.0	2.0	3.0	3,1	0,47	1.0	11.67913818359375	0.9910193117246737
2505.0	11016.0	1.0	2.0	2.0	1	0	1.0	11.67913818359375	0.9910193117246737
2199.0	11017.0	19.0	4.0	2.0	2	0	1.0	11.67913818359375	0.842481229158821
1827.0	11019.0	43.0	3.0	2.0	3	0	1.0	11.67913818359375	0.6784706332369898
5184.0	11020.0	44.0	4.0	2.0	3	0	1.0	11.67913818359375	0.6723774999759252
1773.0	11022.0	48.0	3.0	2.0	3	0	1.0	11.67913818359375	0.6485472799829566
1168.0	11023.0	60.0	2.0	5.0	2,4,4,4	0,1,3,12	1.0	11.67913818359375	0.5820054517642075
5104.0	11025.0	50.0	3.0	2.0	2	0	1.0	11.67913818359375	0.6369507852056338
2210.0	11026.0	19.0	3.0	2.0	2	0	1.0	11.67913818359375	0.842481229158821
1697.0	11028.0	42.0	4.0	4.0	2,4,4	0,2,8	1.0	11.67913818359375	0.6846189829098743
1745.0	11030.0	51.0	4.0	2.0	3	0	1.0	11.67913818359375	0.6312305287569777
2206.0	11032.0	19.0	3.0	2.0	2	0	1.0	11.67913818359375	0.842481229158821
3884.0	11033.0	154.0	4.0	3.0	3,4	0,43	1.0	11.67913818359375	0.24925627599496494
1278.0	11035.0	45.0	3.0	7.0	2,2,4,2,2,4	0,1,3,7,6,9	1.0	11.67913818359375	0.6663390872452982
1842.0	11036.0	29.0	4.0	6.0	2,1,1,2,4	0,5,4,1,4	1.0	11.67913818359375	0.7698062075881518
1823.0	11038.0	44.0	3.0	2.0	3	0	1.0	11.67913818359375	0.6723774999759252
5321.0	11039.0	33.0	3.0	3.0	2,4	0,5	1.0	11.67913818359375	0.7425229459093547
3867.0	11041.0	154.0	4.0	3.0	3,4	0,44	1.0	11.67913818359375	0.24925627599496494
1941.0	11043.0	34.0	3.0	3.0	1,4	0,5	1.0	11.67913818359375	0.7358545787948659
5074.0	11045.0	51.0	4.0	2.0	3	0	1.0	11.67913818359375	0.6312305287569777
3880.0	11050.0	155.0	4.0	3.0	3,4	0,43	1.0	11.67913818359375	0.24701778307958552
5109.0	11052.0	50.0	4.0	2.0	3	0	1.0	11.67913818359375	0.6369507852056338
1855.0	11053.0	43.0	4.0	2.0	3	0	1.0	11.67913818359375	0.6784706332369898
1962.0	11055.0	33.0	3.0	3.0	1,4	0,5	1.0	11.67913818359375	0.7425229459093547
3920.0	11056.0	150.0	2.0	3.0	3,4	0,43	1.0	11.67913818359375	0.25841494811482063
5079.0	11058.0	51.0	4.0	2.0	3	0	1.0	11.67913818359375	0.6312305287569777
2196.0	11060.0	19.0	2.0	2.0	2	0	1.0	11.67913818359375	0.842481229158821
1993.0	11061.0	19.0	2.0	4.0	1,1,1	0,5,13	1.0	11.67913818359375	0.842481229158821
3894.0	11063.0	154.0	4.0	3.0	3,4	0,42	1.0	11.67913818359375	0.24925627599496494
5140.0	11064.0	50.0	4.0	2.0	3	0	1.0	11.67913818359375	0.6369507852056338
1811.0	11068.0	45.0	4.0	2.0	3	0	1.0	11.67913818359375	0.6663390872452982
1843.0	11070.0	43.0	4.0	2.0	3	0	1.0	11.67913818359375	0.6784706332369898
5147.0	11073.0	49.0	4.0	2.0	3	0	1.0	11.67913818359375	0.6427228790296189
522.0	11074.0	155.0	4.0	3.0	3,4	0,41	1.0	11.67913818359375	0.24701778307958552
494.0	11076.0	156.0	4.0	3.0	3,4	0,43	1.0	11.67913818359375	0.2447993933712856
5135.0	11077.0	50.0	4.0	2.0	3	0	1.0	11.67913818359375	0.6369507852056338
2517.0	11078.0	2.0	1.0	2.0	1	0	0.0	11.67913818359375	0.9821192762112462
2521.0	11079.0	2.0	3.0	2.0	2	0	1.0	11.67913818359375	0.9821192762112462
4475.0	11081.0	53.0	3.0	3.0	3,2	0,27	1.0	11.67913818359375	0.6199436700252451
5337.0	11083.0	21.0	3.0	3.0	2,1	0,18	1.0	11.67913818359375	0.8274170550030222
5072.0	11084.0	39.0	3.0	4.0	2,4,3	0,3,11	1.0	11.67913818359375	0.7034003568636636
5180.0	11086.0	46.0	4.0	2.0	3	0	1.0	11.67913818359375	0.6603549036170828
5118.0	11087.0	52.0	3.0	2.0	3	0	1.0	11.67913818359375	0.6255616441483419
962.0	11090.0	82.0	2.0	3.0	1,4	0,19	1.0	11.67913818359375	0.4772364855404145
489.0	11092.0	157.0	4.0	3.0	3,4	0,44	1.0	11.67913818359375	0.2426009263294291
1937.0	11093.0	36.0	4.0	3.0	2,4	0,5	1.0	11.67913818359375	0.722696966322745
5185.0	11095.0	46.0	4.0	2.0	3	0	1.0	11.67913818359375	0.6603549036170828
5142.0	11096.0	52.0	4.0	2.0	3	0	1.0	11.67913818359375	0.6255616441483419
910.0	11098.0	52.0	3.0	6.0	2,2,3,2,3	0,13,5,10,14	1.0	11.67913818359375	0.6255616441483419
486.0	11099.0	158.0	4.0	3.0	3,4	0,43	1.0	11.67913818359375	0.24042220303475914
521.0	11103.0	157.0	4.0	3.0	3,4	0,41	1.0	11.67913818359375	0.2426009263294291
1831.0	11104.0	45.0	3.0	2.0	3	0	1.0	11.67913818359375	0.6663390872452982
5093.0	11106.0	53.0	4.0	2.0	3	0	1.0	11.67913818359375	0.6199436700252451
2205.0	11107.0	21.0	1.0	2.0	2	0	0.0	11.67913818359375	0.8274170550030222
1686.0	11109.0	41.0	3.0	4.0	2,4,3	0,2,11	1.0	11.67913818359375	0.6908230493696736
5098.0	11113.0	53.0	4.0	2.0	3	0	1.0	11.67913818359375	0.6199436700252451
501.0	11114.0	157.0	4.0	3.0	3,4	0,43	1.0	11.67913818359375	0.2426009263294291
1040.0	11118.0	53.0	2.0	3.0	2,2	0,33	1.0	11.67913818359375	0.6199436700252451
5073.0	11119.0	45.0	4.0	4.0	2,4,4	0,1,7	1.0	11.67913818359375	0.6663390872452982
4729.0	11121.0	55.0	4.0	5.0	2,4,3,4	0,1,4,10	1.0	11.67913818359375	0.6088586284969373
1572.0	11122.0	46.0	1.0	6.0	2,1,2,4,4	0,2,3,2,8	0.0	11.67913818359375	0.6603549036170828
1176.0	11127.0	56.0	2.0	5.0	2,4,3,3	0,2,5,15	1.0	11.67913818359375	0.6033906589506637
4628.0	11129.0	55.0	2.0	4.0	2,4,3	0,4,14	1.0	11.67913818359375	0.6088586284969373
904.0	11130.0	60.0	3.0	7.0	2,1,3,4,4,4	0,14,1,2,5,13	1.0	11.67913818359375	0.5820054517642075
4541.0	11132.0	61.0	3.0	5.0	2,4,4,4	0,1,4,12	1.0	11.67913818359375	0.5767786422273726
512.0	11133.0	157.0	4.0	3.0	3,4	0,42	1.0	11.67913818359375	0.2426009263294291
1999.0	11135.0	33.0	4.0	3.0	2,4	0,5	1.0	11.67913818359375	0.7425229459093547
2204.0	11136.0	21.0	1.0	2.0	2	0	0.0	11.67913818359375	0.8274170550030222
5154.0	11138.0	51.0	4.0	2.0	3	0	1.0	11.67913818359375	0.6312305287569777
5195.0	11139.0	46.0	3.0	2.0	3	0	1.0	11.67913818359375	0.6603549036170828
2214.0	11145.0	19.0	2.0	3.0	2,2	0,2	1.0	11.67913818359375	0.842481229158821
1818.0	11146.0	46.0	3.0	2.0	3	0	1.0	11.67913818359375	0.6603549036170828
1793.0	11148.0	47.0	4.0	2.0	3	0	1.0	11.67913818359375	0.6544244620766146
1663.0	11149.0	45.0	1.0	4.0	2,2,4	0,2,8	0.0	11.67913818359375	0.6663390872452982
1869.0	11151.0	44.0	4.0	2.0	3	0	1.0	11.67913818359375	0.6723774999759252
2077.0	11152.0	19.0	4.0	3.0	2,1	0,15	1.0	11.67913818359375	0.842481229158821
1425.0	11157.0	19.0	2.0	10.0	2,3,2,2,3,1,2,1,1	0,2,3,5,5,12,4,15,2	1.0	11.67913818359375	0.842481229158821
1768.0	11158.0	51.0	3.0	2.0	3	0	1.0	11.67913818359375	0.6312305287569777
3871.0	11160.0	157.0	4.0	3.0	3,4	0,43	1.0	11.67913818359375	0.2426009263294291
2218.0	11163.0	19.0	3.0	2.0	2	0	1.0	11.67913818359375	0.842481229158821
5153.0	11164.0	51.0	3.0	2.0	3	0	1.0	11.67913818359375	0.6312305287569777
2200.0	11166.0	21.0	4.0	2.0	2	0	1.0	11.67913818359375	0.8274170550030222
1970.0	11167.0	34.0	2.0	3.0	1,4	0,5	1.0	11.67913818359375	0.7358545787948659
2216.0	11169.0	19.0	4.0	3.0	1,2	0,2	1.0	11.67913818359375	0.842481229158821
2213.0	11171.0	21.0	4.0	2.0	3	0	1.0	11.67913818359375	0.8274170550030222
1671.0	11172.0	34.0	2.0	6.0	2,1,4,2,3	0,2,2,7,10	1.0	11.67913818359375	0.7358545787948659
1769.0	11174.0	21.0	2.0	6.0	2,2,3,1,2	0,1,5,11,13	1.0	11.67913818359375	0.8274170550030222
1942.0	11175.0	19.0	3.0	4.0	2,3,1	0,4,18	1.0	11.67913818359375	0.842481229158821
1797.0	11178.0	47.0	4.0	2.0	3	0	1.0	11.67913818359375	0.6544244620766146
2013.0	11180.0	32.0	4.0	4.0	2,2,4	0,1,5	1.0	11.67913818359375	0.749251742246213
1673.0	11181.0	45.0	4.0	4.0	2,3,4	0,2,8	1.0	11.67913818359375	0.6663390872452982
1779.0	11187.0	48.0	2.0	2.0	3	0	1.0	11.67913818359375	0.6485472799829566
5172.0	11190.0	47.0	4.0	2.0	3	0	1.0	11.67913818359375	0.6544244620766146
2211.0	11192.0	21.0	2.0	2.0	3	0	1.0	11.67913818359375	0.8274170550030222
1835.0	11195.0	19.0	1.0	4.0	2,3,1	0,5,21	0.0	11.67913818359375	0.842481229158821
1853.0	11197.0	45.0	1.0	2.0	2	0	0.0	11.67913818359375	0.6663390872452982
2207.0	11198.0	21.0	1.0	2.0	3	0	0.0	11.67913818359375	0.8274170550030222
4969.0	11200.0	43.0	1.0	4.0	2,4,3	0,3,13	0.0	11.67913818359375	0.6784706332369898
1308.0	11202.0	57.0	4.0	4.0	2,4,4	0,4,12	1.0	11.67913818359375	0.5979717955343841
1967.0	11205.0	19.0	1.0	4.0	2,2,1	0,5,16	0.0	11.67913818359375	0.842481229158821
3910.0	11206.0	152.0	4.0	3.0	3,4	0,43	1.0	11.67913818359375	0.2537943018046943
5105.0	11208.0	52.0	4.0	2.0	3	0	1.0	11.67913818359375	0.6255616441483419
5134.0	11209.0	52.0	4.0	2.0	3	0	1.0	11.67913818359375	0.6255616441483419
534.0	11222.0	157.0	4.0	3.0	3,4	0,41	1.0	11.67913818359375	0.2426009263294291
2071.0	11224.0	19.0	3.0	4.0	1,2,1	0,1,15	1.0	11.67913818359375	0.842481229158821
5191.0	11225.0	45.0	3.0	2.0	3	0	1.0	11.67913818359375	0.6663390872452982
1678.0	11227.0	45.0	3.0	4.0	2,4,4	0,2,8	1.0	11.67913818359375	0.6663390872452982
5208.0	11228.0	45.0	3.0	2.0	3	0	1.0	11.67913818359375	0.6663390872452982
2219.0	11230.0	19.0	2.0	2.0	2	0	1.0	11.67913818359375	0.842481229158821
507.0	11231.0	156.0	4.0	3.0	3,4	0,44	1.0	11.67913818359375	0.2447993933712856
5243.0	11234.0	44.0	4.0	2.0	3	0	1.0	11.67913818359375	0.6723774999759252
515.0	11236.0	157.0	4.0	3.0	3,4	0,41	1.0	11.67913818359375	0.2426009263294291
2223.0	11240.0	19.0	3.0	2.0	1	0	1.0	11.67913818359375	0.842481229158821
2215.0	11242.0	19.0	2.0	3.0	1,2	0,2	1.0	11.67913818359375	0.842481229158821
5094.0	11243.0	52.0	4.0	2.0	3	0	1.0	11.67913818359375	0.6255616441483419
5066.0	11245.0	53.0	4.0	2.0	3	0	1.0	11.67913818359375	0.6199436700252451
5175.0	11246.0	46.0	4.0	2.0	3	0	1.0	11.67913818359375	0.6603549036170828
1861.0	11248.0	19.0	1.0	5.0	2,1,1,1	0,4,6,15	0.0	11.67913818359375	0.842481229158821
5125.0	11249.0	52.0	3.0	2.0	3	0	1.0	11.67913818359375	0.6255616441483419
5056.0	11250.0	36.0	4.0	5.0	2,3,2,3	0,2,7,9	1.0	11.67913818359375	0.722696966322745
1821.0	11251.0	35.0	4.0	5.0	2,2,2,4	0,1,4,6	1.0	11.67913818359375	0.7292460982067378
536.0	11252.0	156.0	4.0	3.0	3,4	0,42	1.0	11.67913818359375	0.2447993933712856
2221.0	11253.0	19.0	3.0	2.0	1	0	1.0	11.67913818359375	0.842481229158821
1866.0	11312.0	45.0	4.0	2.0	3	0	1.0	11.67913818359375	0.6663390872452982
1992.0	11313.0	22.0	3.0	4.0	1,1,2	0,5,13	1.0	11.67913818359375	0.8199862803583516
2121.0	11314.0	19.0	1.0	3.0	1,1	0,16	0.0	11.67913818359375	0.842481229158821
1851.0	11316.0	46.0	4.0	2.0	2	0	1.0	11.67913818359375	0.6603549036170828
1984.0	11317.0	35.0	2.0	3.0	2,4	0,5	1.0	11.67913818359375	0.7292460982067378
5594.0	11319.0	20.0	3.0	2.0	2	0	1.0	11.67913818359375	0.8349151678619319
5365.0	11320.0	32.0	2.0	3.0	3,3	0,7	1.0	11.67913818359375	0.749251742246213
1781.0	11322.0	49.0	3.0	2.0	3	0	1.0	11.67913818359375	0.6427228790296189
1886.0	11323.0	32.0	3.0	4.0	2,3,3	0,4,8	1.0	11.67913818359375	0.749251742246213
886.0	11325.0	83.0	1.0	3.0	2,4	0,19	0.0	11.67913818359375	0.47295057343016383
5583.0	11326.0	22.0	4.0	2.0	3	0	1.0	11.67913818359375	0.8199862803583516
509.0	11328.0	158.0	4.0	3.0	3,4	0,42	1.0	11.67913818359375	0.24042220303475914
1044.0	11329.0	56.0	2.0	8.0	2,1,4,1,4,4,3	0,6,2,4,1,4,14	1.0	11.67913818359375	0.6033906589506637
5595.0	11331.0	20.0	3.0	2.0	2	0	1.0	11.67913818359375	0.8349151678619319
5325.0	11332.0	33.0	3.0	3.0	3,3	0,8	1.0	11.67913818359375	0.7425229459093547
5291.0	11335.0	36.0	3.0	3.0	2,4	0,5	1.0	11.67913818359375	0.722696966322745
2198.0	11337.0	22.0	3.0	2.0	3	0	1.0	11.67913818359375	0.8199862803583516
1114.0	11338.0	47.0	3.0	5.0	2,4,4,2	0,2,7,25	1.0	11.67913818359375	0.6544244620766146
2005.0	11344.0	32.0	2.0	3.0	3,3	0,7	1.0	11.67913818359375	0.749251742246213
5582.0	11346.0	22.0	4.0	2.0	3	0	1.0	11.67913818359375	0.8199862803583516
1782.0	11347.0	49.0	3.0	2.0	3	0	1.0	11.67913818359375	0.6427228790296189
2201.0	11349.0	22.0	4.0	2.0	3	0	1.0	11.67913818359375	0.8199862803583516
1771.0	11350.0	51.0	3.0	2.0	3	0	1.0	11.67913818359375	0.6312305287569777
5342.0	11352.0	32.0	3.0	3.0	3,3	0,8	1.0	11.67913818359375	0.749251742246213
2117.0	11355.0	19.0	1.0	3.0	1,1	0,16	0.0	11.67913818359375	0.842481229158821
2105.0	11357.0	19.0	1.0	4.0	2,1,2	0,15,1	0.0	11.67913818359375	0.842481229158821
5062.0	11358.0	55.0	3.0	2.0	3	0	1.0	11.67913818359375	0.6088586284969373
1847.0	11360.0	46.0	3.0	2.0	3	0	1.0	11.67913818359375	0.6603549036170828
5579.0	11362.0	22.0	3.0	2.0	3	0	1.0	11.67913818359375	0.8199862803583516
5593.0	11363.0	20.0	2.0	2.0	2	0	1.0	11.67913818359375	0.8349151678619319
1806.0	11365.0	48.0	3.0	2.0	3	0	1.0	11.67913818359375	0.6485472799829566
5584.0	11366.0	20.0	4.0	2.0	2	0	1.0	11.67913818359375	0.8349151678619319
1961.0	11368.0	35.0	1.0	3.0	1,4	0,6	0.0	11.67913818359375	0.7292460982067378
5168.0	11369.0	48.0	4.0	2.0	3	0	1.0	11.67913818359375	0.6485472799829566
1896.0	11371.0	44.0	3.0	2.0	3	0	1.0	11.67913818359375	0.6723774999759252
1672.0	11373.0	45.0	4.0	4.0	2,4,4	0,2,9	1.0	11.67913818359375	0.6663390872452982
5246.0	11374.0	45.0	4.0	2.0	3	0	1.0	11.67913818359375	0.6663390872452982
5588.0	11377.0	20.0	3.0	2.0	2	0	1.0	11.67913818359375	0.8349151678619319
5577.0	11379.0	22.0	4.0	2.0	3	0	1.0	11.67913818359375	0.8199862803583516
5318.0	11380.0	36.0	3.0	3.0	2,4	0,5	1.0	11.67913818359375	0.722696966322745
3872.0	11382.0	159.0	4.0	3.0	3,4	0,42	1.0	11.67913818359375	0.23826304617483676
1832.0	11383.0	46.0	3.0	2.0	3	0	1.0	11.67913818359375	0.6603549036170828
502.0	11385.0	158.0	2.0	3.0	3,4	0,43	1.0	11.67913818359375	0.24042220303475914
880.0	11386.0	22.0	1.0	9.0	1,3,1,2,2,1,1,2	0,19,28,1,6,8,5,13	0.0	11.67913818359375	0.8199862803583516
5581.0	11401.0	22.0	4.0	2.0	3	0	1.0	11.67913818359375	0.8199862803583516
5610.0	11403.0	19.0	3.0	2.0	2	0	1.0	11.67913818359375	0.842481229158821
506.0	11405.0	158.0	4.0	3.0	3,4	0,43	1.0	11.67913818359375	0.24042220303475914
5604.0	11408.0	19.0	3.0	2.0	2	0	1.0	11.67913818359375	0.842481229158821
1119.0	11411.0	51.0	4.0	3.0	3,2	0,30	1.0	11.67913818359375	0.6312305287569777
5580.0	11413.0	22.0	2.0	2.0	3	0	1.0	11.67913818359375	0.8199862803583516
2245.0	11416.0	19.0	4.0	2.0	1	0	1.0	11.67913818359375	0.842481229158821
2230.0	11418.0	19.0	3.0	3.0	2,2	0,1	1.0	11.67913818359375	0.842481229158821
5200.0	11420.0	47.0	4.0	2.0	3	0	1.0	11.67913818359375	0.6544244620766146
5605.0	11422.0	19.0	3.0	2.0	2	0	1.0	11.67913818359375	0.842481229158821
5151.0	11424.0	52.0	3.0	2.0	3	0	1.0	11.67913818359375	0.6255616441483419
2235.0	11426.0	19.0	3.0	3.0	2,2	0,1	1.0	11.67913818359375	0.842481229158821
3896.0	11428.0	157.0	4.0	3.0	3,4	0,42	1.0	11.67913818359375	0.2426009263294291
5164.0	11430.0	49.0	4.0	2.0	3	0	1.0	11.67913818359375	0.6427228790296189
2228.0	11433.0	19.0	4.0	3.0	2,2	0,1	1.0	11.67913818359375	0.842481229158821
2241.0	11435.0	19.0	3.0	2.0	2	0	1.0	11.67913818359375	0.842481229158821
2226.0	11437.0	19.0	3.0	3.0	2,2	0,1	1.0	11.67913818359375	0.842481229158821
1313.0	11439.0	46.0	3.0	8.0	2,2,1,2,2,4,3	0,1,3,1,3,5,15	1.0	11.67913818359375	0.6603549036170828
5190.0	11443.0	47.0	4.0	2.0	3	0	1.0	11.67913818359375	0.6544244620766146
3879.0	11446.0	159.0	4.0	3.0	3,4	0,43	1.0	11.67913818359375	0.23826304617483676
2054.0	11447.0	32.0	4.0	4.0	2,2,4	0,1,5	1.0	11.67913818359375	0.749251742246213
2220.0	11448.0	20.0	1.0	3.0	2,2	0,1	0.0	11.67913818359375	0.8349151678619319
2224.0	11450.0	21.0	1.0	2.0	1	0	0.0	11.67913818359375	0.8274170550030222
2236.0	11451.0	20.0	3.0	2.0	2	0	1.0	11.67913818359375	0.8349151678619319
5202.0	11455.0	47.0	4.0	2.0	3	0	1.0	11.67913818359375	0.6544244620766146
5608.0	11456.0	20.0	3.0	2.0	2	0	1.0	11.67913818359375	0.8349151678619319
5607.0	11458.0	20.0	3.0	2.0	2	0	1.0	11.67913818359375	0.8349151678619319
5242.0	11459.0	46.0	3.0	2.0	3	0	1.0	11.67913818359375	0.6603549036170828
3915.0	11461.0	154.0	4.0	3.0	3,4	0,43	1.0	11.67913818359375	0.24925627599496494
5247.0	11462.0	46.0	4.0	2.0	3	0	1.0	11.67913818359375	0.6603549036170828
1689.0	11464.0	46.0	4.0	4.0	2,3,4	0,2,8	1.0	11.67913818359375	0.6603549036170828
2252.0	11465.0	19.0	2.0	3.0	2,2	0,1	1.0	11.67913818359375	0.842481229158821
1814.0	11467.0	48.0	2.0	2.0	3	0	1.0	11.67913818359375	0.6485472799829566
1982.0	11468.0	36.0	1.0	3.0	2,4	0,5	0.0	11.67913818359375	0.722696966322745
2203.0	11470.0	23.0	1.0	2.0	3	0	0.0	11.67913818359375	0.812622239184409
5204.0	11471.0	46.0	2.0	2.0	2	0	1.0	11.67913818359375	0.6603549036170828
1883.0	11473.0	45.0	4.0	2.0	3	0	1.0	11.67913818359375	0.6663390872452982
2253.0	11474.0	19.0	3.0	3.0	2,2	0,1	1.0	11.67913818359375	0.842481229158821
1826.0	11476.0	48.0	2.0	2.0	3	0	1.0	11.67913818359375	0.6485472799829566
2240.0	11483.0	20.0	1.0	2.0	2	0	0.0	11.67913818359375	0.8349151678619319
1621.0	11485.0	49.0	1.0	4.0	2,4,4	0,2,10	0.0	11.67913818359375	0.6427228790296189
867.0	11487.0	41.0	4.0	9.0	3,1,2,2,2,2,4,2	0,56,7,2,4,6,8,21	1.0	11.67913818359375	0.6908230493696736
2217.0	11488.0	21.0	4.0	2.0	3	0	1.0	11.67913818359375	0.8274170550030222
1453.0	11496.0	19.0	1.0	8.0	2,1,3,3,2,1,2	0,2,1,4,14,27,1	0.0	11.67913818359375	0.842481229158821
5271.0	11498.0	44.0	4.0	2.0	3	0	1.0	11.67913818359375	0.6723774999759252
2227.0	11500.0	20.0	3.0	3.0	2,2	0,1	1.0	11.67913818359375	0.8349151678619319
5298.0	11502.0	36.0	3.0	3.0	2,4	0,6	1.0	11.67913818359375	0.722696966322745
5081.0	11504.0	37.0	2.0	5.0	1,3,2,3	0,2,7,9	1.0	11.67913818359375	0.7162066501506766
5199.0	11508.0	47.0	3.0	2.0	3	0	1.0	11.67913818359375	0.6544244620766146
2197.0	11510.0	23.0	4.0	2.0	3	0	1.0	11.67913818359375	0.812622239184409
3870.0	11512.0	158.0	4.0	3.0	3,4	0,44	1.0	11.67913818359375	0.24042220303475914
1666.0	11516.0	45.0	3.0	5.0	2,1,4,4	0,2,2,8	1.0	11.67913818359375	0.6663390872452982
2006.0	11519.0	35.0	3.0	3.0	2,4	0,5	1.0	11.67913818359375	0.7292460982067378
2229.0	11520.0	20.0	4.0	3.0	1,2	0,1	1.0	11.67913818359375	0.8349151678619319
1191.0	11522.0	62.0	3.0	4.0	2,4,4	0,4,13	1.0	11.67913818359375	0.5715987730376627
5194.0	11523.0	48.0	4.0	2.0	3	0	1.0	11.67913818359375	0.6485472799829566
1838.0	11525.0	47.0	4.0	2.0	3	0	1.0	11.67913818359375	0.6544244620766146
5159.0	11528.0	50.0	4.0	2.0	3	0	1.0	11.67913818359375	0.6369507852056338
5192.0	11529.0	48.0	4.0	2.0	3	0	1.0	11.67913818359375	0.6485472799829566
5188.0	11531.0	47.0	3.0	2.0	3	0	1.0	11.67913818359375	0.6544244620766146
5162.0	11534.0	50.0	4.0	2.0	3	0	1.0	11.67913818359375	0.6369507852056338
2208.0	11535.0	23.0	4.0	2.0	2	0	1.0	11.67913818359375	0.812622239184409
5182.0	11538.0	48.0	4.0	2.0	3	0	1.0	11.67913818359375	0.6485472799829566
5276.0	11540.0	44.0	4.0	2.0	3	0	1.0	11.67913818359375	0.6723774999759252
1227.0	11541.0	23.0	1.0	11.0	2,1,2,2,2,2,2,1,2,2	0,1,3,3,6,6,6,10,4,15	0.0	11.67913818359375	0.812622239184409
5278.0	11543.0	44.0	4.0	2.0	3	0	1.0	11.67913818359375	0.6723774999759252
5589.0	11544.0	21.0	4.0	2.0	3	0	1.0	11.67913818359375	0.8274170550030222
2209.0	11546.0	23.0	4.0	2.0	3	0	1.0	11.67913818359375	0.812622239184409
5161.0	11547.0	50.0	4.0	2.0	3	0	1.0	11.67913818359375	0.6369507852056338
5576.0	11549.0	23.0	4.0	2.0	3	0	1.0	11.67913818359375	0.812622239184409
1778.0	11550.0	50.0	4.0	2.0	3	0	1.0	11.67913818359375	0.6369507852056338
5286.0	11552.0	37.0	3.0	3.0	2,4	0,6	1.0	11.67913818359375	0.7162066501506766
795.0	11555.0	23.0	1.0	14.0	1,1,1,2,2,2,2,2,2,2,2,1,2	0,59,8,1,2,3,3,3,6,6,9,13,13	0.0	11.67913818359375	0.812622239184409
1973.0	11556.0	36.0	3.0	3.0	2,4	0,5	1.0	11.67913818359375	0.722696966322745
5241.0	11558.0	46.0	4.0	2.0	3	0	1.0	11.67913818359375	0.6603549036170828
5212.0	11559.0	47.0	4.0	2.0	3	0	1.0	11.67913818359375	0.6544244620766146
1022.0	11562.0	36.0	1.0	9.0	2,1,2,4,2,4,2,2	0,11,1,1,5,5,15,20	0.0	11.67913818359375	0.722696966322745
2231.0	11564.0	20.0	3.0	3.0	2,2	0,1	1.0	11.67913818359375	0.8349151678619319
5229.0	11565.0	46.0	4.0	2.0	3	0	1.0	11.67913818359375	0.6603549036170828
2233.0	11568.0	20.0	1.0	3.0	2,2	0,1	0.0	11.67913818359375	0.8349151678619319
2234.0	11570.0	20.0	4.0	3.0	2,2	0,1	1.0	11.67913818359375	0.8349151678619319
5166.0	11575.0	49.0	3.0	2.0	3	0	1.0	11.67913818359375	0.6427228790296189
5196.0	11576.0	48.0	4.0	2.0	3	0	1.0	11.67913818359375	0.6485472799829566
5156.0	11579.0	50.0	4.0	2.0	3	0	1.0	11.67913818359375	0.6369507852056338
5599.0	11581.0	21.0	3.0	2.0	3	0	1.0	11.67913818359375	0.8274170550030222
5260.0	11582.0	44.0	4.0	2.0	3	0	1.0	11.67913818359375	0.6723774999759252
5578.0	11588.0	23.0	4.0	2.0	3	0	1.0	11.67913818359375	0.812622239184409
5330.0	11590.0	34.0	3.0	3.0	3,3	0,8	1.0	11.67913818359375	0.7358545787948659
2244.0	11591.0	20.0	3.0	2.0	2	0	1.0	11.67913818359375	0.8349151678619319
2225.0	11594.0	20.0	3.0	3.0	1,1	0,1	1.0	11.67913818359375	0.8349151678619319
5575.0	11596.0	23.0	4.0	2.0	3	0	1.0	11.67913818359375	0.812622239184409
549.0	11598.0	158.0	4.0	3.0	3,4	0,42	1.0	11.67913818359375	0.24042220303475914
3891.0	11599.0	159.0	4.0	3.0	3,4	0,42	1.0	11.67913818359375	0.23826304617483676
1373.0	11604.0	56.0	3.0	5.0	2,4,4,4	0,1,3,11	1.0	11.67913818359375	0.6033906589506637
5224.0	11605.0	46.0	2.0	2.0	3	0	1.0	11.67913818359375	0.6603549036170828
1873.0	11606.0	45.0	4.0	2.0	3	0	1.0	11.67913818359375	0.6663390872452982
1899.0	11607.0	44.0	2.0	2.0	3	0	1.0	11.67913818359375	0.6723774999759252
1783.0	11608.0	50.0	3.0	2.0	3	0	1.0	11.67913818359375	0.6369507852056338
1819.0	11609.0	48.0	1.0	2.0	3	0	0.0	11.67913818359375	0.6485472799829566
1854.0	11610.0	47.0	3.0	2.0	3	0	1.0	11.67913818359375	0.6544244620766146
1860.0	11611.0	46.0	3.0	2.0	3	0	1.0	11.67913818359375	0.6603549036170828
1898.0	11612.0	44.0	4.0	2.0	3	0	1.0	11.67913818359375	0.6723774999759252
518.0	11613.0	158.0	1.0	3.0	3,4	0,42	0.0	11.67913818359375	0.24042220303475914
1856.0	11614.0	47.0	1.0	2.0	3	0	0.0	11.67913818359375	0.6544244620766146
1794.0	11615.0	49.0	3.0	2.0	3	0	1.0	11.67913818359375	0.6427228790296189
1850.0	11617.0	47.0	3.0	2.0	3	0	1.0	11.67913818359375	0.6544244620766146
1918.0	11618.0	43.0	3.0	2.0	3	0	1.0	11.67913818359375	0.6784706332369898
4984.0	11619.0	48.0	4.0	5.0	2,2,4,4	0,1,2,9	1.0	11.67913818359375	0.6485472799829566
1791.0	11620.0	49.0	4.0	2.0	3	0	1.0	11.67913818359375	0.6427228790296189
1829.0	11622.0	47.0	1.0	2.0	2	0	0.0	11.67913818359375	0.6544244620766146
1844.0	11623.0	47.0	4.0	2.0	3	0	1.0	11.67913818359375	0.6544244620766146
2080.0	11631.0	22.0	4.0	3.0	2,2	0,15	1.0	11.67913818359375	0.8199862803583516
2064.0	11632.0	33.0	3.0	4.0	1,2,4	0,1,5	1.0	11.67913818359375	0.7425229459093547
2246.0	11635.0	21.0	3.0	2.0	3	0	1.0	11.67913818359375	0.8274170550030222
2237.0	11637.0	21.0	4.0	2.0	3	0	1.0	11.67913818359375	0.8274170550030222
5585.0	11640.0	22.0	2.0	2.0	2	0	1.0	11.67913818359375	0.8199862803583516
5370.0	11643.0	32.0	3.0	3.0	3,3	0,9	1.0	11.67913818359375	0.749251742246213
496.0	11645.0	161.0	4.0	3.0	3,4	0,43	1.0	11.67913818359375	0.2340027304571174
3914.0	11648.0	156.0	4.0	3.0	3,4	0,42	1.0	11.67913818359375	0.2447993933712856
2249.0	11650.0	21.0	4.0	2.0	3	0	1.0	11.67913818359375	0.8274170550030222
5186.0	11652.0	49.0	4.0	2.0	3	0	1.0	11.67913818359375	0.6427228790296189
548.0	11654.0	159.0	2.0	3.0	3,4	0,42	1.0	11.67913818359375	0.23826304617483676
1852.0	11657.0	35.0	4.0	4.0	2,3,3	0,5,8	1.0	11.67913818359375	0.7292460982067378
5586.0	11659.0	22.0	4.0	2.0	3	0	1.0	11.67913818359375	0.8199862803583516
1799.0	11661.0	35.0	4.0	5.0	2,2,3,3	0,1,5,9	1.0	11.67913818359375	0.7292460982067378
5163.0	11663.0	51.0	4.0	2.0	3	0	1.0	11.67913818359375	0.6312305287569777
5253.0	11665.0	46.0	4.0	2.0	3	0	1.0	11.67913818359375	0.6603549036170828
5231.0	11667.0	47.0	4.0	2.0	3	0	1.0	11.67913818359375	0.6544244620766146
1134.0	11669.0	63.0	4.0	5.0	2,3,4,4	0,2,4,14	1.0	11.67913818359375	0.5664654226384526
1943.0	11671.0	44.0	4.0	2.0	3	0	1.0	11.67913818359375	0.6723774999759252
1222.0	11675.0	35.0	4.0	4.0	3,1,4	0,37,6	1.0	11.67913818359375	0.7292460982067378
487.0	11677.0	160.0	4.0	3.0	3,4	0,44	1.0	11.67913818359375	0.23612328002961092
5225.0	11679.0	47.0	4.0	2.0	3	0	1.0	11.67913818359375	0.6544244620766146
5215.0	11681.0	48.0	4.0	2.0	3	0	1.0	11.67913818359375	0.6485472799829566
5596.0	11683.0	22.0	4.0	2.0	3	0	1.0	11.67913818359375	0.8199862803583516
5300.0	11686.0	37.0	4.0	3.0	2,4	0,6	1.0	11.67913818359375	0.7162066501506766
1054.0	11688.0	58.0	2.0	3.0	2,2	0,31	1.0	11.67913818359375	0.5926015972412526
5245.0	11690.0	47.0	4.0	2.0	3	0	1.0	11.67913818359375	0.6544244620766146
5614.0	11692.0	19.0	3.0	3.0	2,2	0,1	1.0	11.67913818359375	0.842481229158821
5612.0	11694.0	21.0	4.0	2.0	3	0	1.0	11.67913818359375	0.8274170550030222
5165.0	11696.0	50.0	4.0	2.0	3	0	1.0	11.67913818359375	0.6369507852056338
5590.0	11698.0	22.0	4.0	2.0	3	0	1.0	11.67913818359375	0.8199862803583516
5239.0	11700.0	47.0	4.0	2.0	3	0	1.0	11.67913818359375	0.6544244620766146
5267.0	11702.0	45.0	4.0	2.0	3	0	1.0	11.67913818359375	0.6663390872452982
5601.0	11704.0	22.0	4.0	2.0	3	0	1.0	11.67913818359375	0.8199862803583516
4793.0	11706.0	38.0	1.0	5.0	2,3,3,2	0,3,8,21	0.0	11.67913818359375	0.7097746214849577
5603.0	11708.0	21.0	4.0	2.0	2	0	1.0	11.67913818359375	0.8274170550030222
5226.0	11710.0	47.0	4.0	2.0	3	0	1.0	11.67913818359375	0.6544244620766146
686.0	11712.0	62.0	1.0	5.0	1,3,2,2	0,1,61,36	0.0	11.67913818359375	0.5715987730376627
5046.0	11714.0	44.0	4.0	4.0	2,4,3	0,2,12	1.0	11.67913818359375	0.6723774999759252
1758.0	11715.0	47.0	4.0	4.0	2,4,4	0,1,8	1.0	11.67913818359375	0.6544244620766146
1458.0	11716.0	43.0	2.0	6.0	2,4,2,2,3	0,1,5,7,13	1.0	11.67913818359375	0.6784706332369898
5222.0	11717.0	47.0	3.0	2.0	3	0	1.0	11.67913818359375	0.6544244620766146
1787.0	11720.0	50.0	4.0	2.0	3	0	1.0	11.67913818359375	0.6369507852056338
1780.0	11721.0	51.0	4.0	2.0	3	0	1.0	11.67913818359375	0.6312305287569777
5248.0	11723.0	47.0	4.0	2.0	3	0	1.0	11.67913818359375	0.6544244620766146
3908.0	11724.0	156.0	4.0	3.0	3,4	0,42	1.0	11.67913818359375	0.2447993933712856
1820.0	11726.0	49.0	4.0	2.0	3	0	1.0	11.67913818359375	0.6427228790296189
3892.0	11727.0	159.0	4.0	3.0	3,4	0,42	1.0	11.67913818359375	0.23826304617483676
5264.0	11729.0	45.0	3.0	2.0	3	0	1.0	11.67913818359375	0.6663390872452982
1870.0	11730.0	47.0	4.0	2.0	3	0	1.0	11.67913818359375	0.6544244620766146
1798.0	11732.0	50.0	3.0	2.0	3	0	1.0	11.67913818359375	0.6369507852056338
2089.0	11735.0	22.0	3.0	3.0	2,2	0,15	1.0	11.67913818359375	0.8199862803583516
5287.0	11736.0	44.0	4.0	2.0	3	0	1.0	11.67913818359375	0.6723774999759252
5244.0	11738.0	47.0	4.0	2.0	3	0	1.0	11.67913818359375	0.6544244620766146
5269.0	11739.0	45.0	4.0	2.0	3	0	1.0	11.67913818359375	0.6663390872452982
2250.0	11742.0	21.0	4.0	2.0	3	0	1.0	11.67913818359375	0.8274170550030222
5251.0	11748.0	46.0	3.0	2.0	3	0	1.0	11.67913818359375	0.6603549036170828
2010.0	11757.0	33.0	4.0	3.0	3,3	0,8	1.0	11.67913818359375	0.7425229459093547
1956.0	11760.0	37.0	2.0	3.0	2,4	0,6	1.0	11.67913818359375	0.7162066501506766
5350.0	11762.0	36.0	2.0	3.0	2,4	0,6	1.0	11.67913818359375	0.722696966322745
2232.0	11765.0	22.0	4.0	2.0	3	0	1.0	11.67913818359375	0.8199862803583516
5343.0	11766.0	36.0	2.0	3.0	2,4	0,6	1.0	11.67913818359375	0.722696966322745
2238.0	11772.0	21.0	3.0	2.0	3	0	1.0	11.67913818359375	0.8274170550030222
2222.0	11773.0	22.0	3.0	2.0	3	0	1.0	11.67913818359375	0.8199862803583516
1287.0	11774.0	46.0	4.0	3.0	2,2	0,30	1.0	11.67913818359375	0.6603549036170828
5602.0	11776.0	22.0	4.0	2.0	3	0	1.0	11.67913818359375	0.8199862803583516
2247.0	11777.0	21.0	4.0	2.0	3	0	1.0	11.67913818359375	0.8274170550030222
5600.0	11778.0	22.0	4.0	2.0	3	0	1.0	11.67913818359375	0.8199862803583516
1442.0	11780.0	50.0	3.0	6.0	2,2,2,4,4	0,2,3,3,12	1.0	11.67913818359375	0.6369507852056338
2242.0	11782.0	21.0	4.0	2.0	2	0	1.0	11.67913818359375	0.8274170550030222
5171.0	11783.0	50.0	4.0	2.0	3	0	1.0	11.67913818359375	0.6369507852056338
1532.0	11784.0	48.0	2.0	6.0	2,2,4,2,4	0,1,2,6,10	1.0	11.67913818359375	0.6485472799829566
1242.0	11786.0	35.0	3.0	8.0	2,4,2,2,2,2,3	0,2,6,7,6,9,12	1.0	11.67913818359375	0.7292460982067378
1865.0	11790.0	47.0	4.0	2.0	3	0	1.0	11.67913818359375	0.6544244620766146
1451.0	11791.0	44.0	1.0	6.0	2,2,3,2,3	0,1,4,8,13	0.0	11.67913818359375	0.6723774999759252
1840.0	11792.0	48.0	4.0	2.0	3	0	1.0	11.67913818359375	0.6485472799829566
877.0	11795.0	49.0	3.0	10.0	2,1,3,2,2,3,2,2,4	0,19,2,2,3,3,5,7,14	1.0	11.67913818359375	0.6427228790296189
3885.0	11796.0	159.0	4.0	3.0	3,4	0,43	1.0	11.67913818359375	0.23826304617483676
1803.0	11798.0	50.0	4.0	2.0	3	0	1.0	11.67913818359375	0.6369507852056338
1800.0	11799.0	50.0	4.0	2.0	3	0	1.0	11.67913818359375	0.6369507852056338
2248.0	11800.0	21.0	4.0	2.0	2	0	1.0	11.67913818359375	0.8274170550030222
5597.0	11803.0	22.0	4.0	2.0	3	0	1.0	11.67913818359375	0.8199862803583516
5598.0	11804.0	22.0	4.0	2.0	3	0	1.0	11.67913818359375	0.8199862803583516
5306.0	11807.0	43.0	3.0	2.0	3	0	1.0	11.67913818359375	0.6784706332369898
4843.0	11808.0	44.0	3.0	5.0	2,3,3,3	0,3,7,14	1.0	11.67913818359375	0.6723774999759252
1728.0	11810.0	37.0	3.0	5.0	2,2,3,3	0,2,6,11	1.0	11.67913818359375	0.7162066501506766
2078.0	11811.0	22.0	3.0	3.0	2,2	0,15	1.0	11.67913818359375	0.8199862803583516
1834.0	11812.0	37.0	3.0	4.0	1,2,4	0,4,7	1.0	11.67913818359375	0.7162066501506766
5235.0	11814.0	47.0	3.0	2.0	3	0	1.0	11.67913818359375	0.6544244620766146
5591.0	11816.0	22.0	3.0	2.0	3	0	1.0	11.67913818359375	0.8199862803583516
1680.0	11818.0	47.0	3.0	4.0	2,4,4	0,2,9	1.0	11.67913818359375	0.6544244620766146
5213.0	11819.0	48.0	4.0	2.0	3	0	1.0	11.67913818359375	0.6485472799829566
5029.0	11820.0	47.0	3.0	4.0	2,4,4	0,2,9	1.0	11.67913818359375	0.6544244620766146
5587.0	11822.0	22.0	4.0	2.0	3	0	1.0	11.67913818359375	0.8199862803583516
2254.0	11823.0	21.0	4.0	2.0	3	0	1.0	11.67913818359375	0.8274170550030222
5319.0	11824.0	43.0	4.0	2.0	3	0	1.0	11.67913818359375	0.6784706332369898
767.0	11826.0	56.0	1.0	9.0	1,4,1,1,2,4,4,3	0,1,45,19,2,3,6,18	0.0	11.67913818359375	0.6033906589506637
777.0	11827.0	63.0	4.0	7.0	1,2,2,2,2,4	0,1,3,42,21,20	1.0	11.67913818359375	0.5664654226384526
1641.0	11829.0	47.0	3.0	4.0	2,4,4	0,2,10	1.0	11.67913818359375	0.6544244620766146
1555.0	11830.0	17.0	1.0	3.0	3,1	0,47	0.0	11.67913818359375	0.8578196656610677
5334.0	11833.0	37.0	3.0	3.0	2,4	0,6	1.0	11.67913818359375	0.7162066501506766
5216.0	11834.0	47.0	4.0	2.0	3	0	1.0	11.67913818359375	0.6544244620766146
2243.0	11836.0	21.0	1.0	2.0	2	0	0.0	11.67913818359375	0.8274170550030222
5232.0	11837.0	47.0	4.0	2.0	3	0	1.0	11.67913818359375	0.6544244620766146
5206.0	11839.0	48.0	4.0	2.0	3	0	1.0	11.67913818359375	0.6485472799829566
5606.0	11840.0	21.0	4.0	2.0	3	0	1.0	11.67913818359375	0.8274170550030222
1165.0	11841.0	17.0	3.0	12.0	2,2,2,2,4,2,1,2,1,2,1	0,3,3,3,3,10,14,4,5,1,18	1.0	11.67913818359375	0.8578196656610677
1849.0	11842.0	48.0	4.0	2.0	3	0	1.0	11.67913818359375	0.6485472799829566
1801.0	11843.0	50.0	4.0	2.0	3	0	1.0	11.67913818359375	0.6369507852056338
1792.0	11846.0	50.0	3.0	2.0	3	0	1.0	11.67913818359375	0.6369507852056338
1884.0	11848.0	46.0	3.0	2.0	3	0	1.0	11.67913818359375	0.6603549036170828
2274.0	11881.0	18.0	4.0	2.0	2	0	1.0	11.67913818359375	0.8501158546473211
1895.0	11882.0	47.0	3.0	2.0	3	0	1.0	11.67913818359375	0.6544244620766146
2269.0	11884.0	18.0	3.0	2.0	2	0	1.0	11.67913818359375	0.8501158546473211
1969.0	11885.0	36.0	3.0	3.0	3,4	0,7	1.0	11.67913818359375	0.722696966322745
2263.0	11887.0	18.0	1.0	2.0	2	0	0.0	11.67913818359375	0.8501158546473211
2239.0	11888.0	22.0	4.0	2.0	3	0	1.0	11.67913818359375	0.8199862803583516
5169.0	11890.0	51.0	3.0	2.0	3	0	1.0	11.67913818359375	0.6312305287569777
5179.0	11891.0	50.0	4.0	2.0	3	0	1.0	11.67913818359375	0.6369507852056338
1910.0	11893.0	18.0	3.0	4.0	1,3,1	0,4,23	1.0	11.67913818359375	0.8501158546473211
2268.0	11894.0	18.0	1.0	2.0	2	0	0.0	11.67913818359375	0.8501158546473211
2262.0	11896.0	18.0	4.0	2.0	2	0	1.0	11.67913818359375	0.8501158546473211
3874.0	11897.0	160.0	4.0	3.0	3,4	0,44	1.0	11.67913818359375	0.23612328002961092
1930.0	11899.0	45.0	3.0	2.0	3	0	1.0	11.67913818359375	0.6663390872452982
2266.0	11900.0	18.0	3.0	2.0	2	0	1.0	11.67913818359375	0.8501158546473211
1885.0	11902.0	47.0	4.0	2.0	3	0	1.0	11.67913818359375	0.6544244620766146
2052.0	11903.0	35.0	3.0	3.0	2,4	0,5	1.0	11.67913818359375	0.7292460982067378
1657.0	11905.0	49.0	1.0	4.0	2,4,4	0,2,9	0.0	11.67913818359375	0.6427228790296189
5193.0	11906.0	49.0	4.0	2.0	3	0	1.0	11.67913818359375	0.6427228790296189
5272.0	11910.0	46.0	4.0	2.0	3	0	1.0	11.67913818359375	0.6603549036170828
1989.0	11912.0	18.0	1.0	4.0	2,2,1	0,5,20	0.0	11.67913818359375	0.8501158546473211
5183.0	11914.0	50.0	4.0	2.0	3	0	1.0	11.67913818359375	0.6369507852056338
5261.0	11916.0	46.0	4.0	2.0	3	0	1.0	11.67913818359375	0.6603549036170828
2074.0	11918.0	22.0	4.0	3.0	2,2	0,16	1.0	11.67913818359375	0.8199862803583516
5207.0	11920.0	49.0	4.0	2.0	3	0	1.0	11.67913818359375	0.6427228790296189
5174.0	11922.0	50.0	4.0	2.0	3	0	1.0	11.67913818359375	0.6369507852056338
5332.0	11924.0	37.0	4.0	3.0	3,4	0,7	1.0	11.67913818359375	0.7162066501506766
5609.0	11926.0	21.0	4.0	2.0	3	0	1.0	11.67913818359375	0.8274170550030222
2046.0	11928.0	35.0	4.0	3.0	2,4	0,5	1.0	11.67913818359375	0.7292460982067378
5237.0	11930.0	48.0	4.0	2.0	3	0	1.0	11.67913818359375	0.6485472799829566
5634.0	11934.0	18.0	2.0	2.0	1	0	1.0	11.67913818359375	0.8501158546473211
2002.0	11935.0	36.0	4.0	3.0	2,4	0,6	1.0	11.67913818359375	0.722696966322745
5277.0	11937.0	45.0	4.0	2.0	3	0	1.0	11.67913818359375	0.6663390872452982
5613.0	11938.0	22.0	4.0	2.0	3	0	1.0	11.67913818359375	0.8199862803583516
2270.0	11940.0	18.0	4.0	2.0	2	0	1.0	11.67913818359375	0.8501158546473211
5304.0	11941.0	44.0	4.0	2.0	3	0	1.0	11.67913818359375	0.6723774999759252
5217.0	11943.0	48.0	4.0	2.0	3	0	1.0	11.67913818359375	0.6485472799829566
1070.0	11944.0	65.0	4.0	5.0	2,4,3,4	0,2,5,14	1.0	11.67913818359375	0.5563366108803747
1159.0	11946.0	46.0	3.0	5.0	2,4,4,2	0,2,7,27	1.0	11.67913818359375	0.6603549036170828
2061.0	11947.0	34.0	4.0	4.0	1,2,4	0,1,5	1.0	11.67913818359375	0.7358545787948659
5360.0	11949.0	36.0	3.0	3.0	2,4	0,6	1.0	11.67913818359375	0.722696966322745
5303.0	11950.0	44.0	4.0	2.0	3	0	1.0	11.67913818359375	0.6723774999759252
1059.0	11952.0	64.0	1.0	5.0	2,3,4,4	0,6,5,15	0.0	11.67913818359375	0.5613781732589856
5611.0	11953.0	22.0	4.0	2.0	3	0	1.0	11.67913818359375	0.8199862803583516
5315.0	11955.0	44.0	4.0	2.0	3	0	1.0	11.67913818359375	0.6723774999759252
1901.0	11956.0	46.0	4.0	2.0	3	0	1.0	11.67913818359375	0.6603549036170828
1837.0	11958.0	49.0	4.0	2.0	3	0	1.0	11.67913818359375	0.6427228790296189
1525.0	11960.0	54.0	1.0	4.0	2,4,4	0,3,11	0.0	11.67913818359375	0.6143761491764866
1920.0	11961.0	45.0	4.0	2.0	3	0	1.0	11.67913818359375	0.6663390872452982
1981.0	11963.0	34.0	4.0	3.0	3,3	0,9	1.0	11.67913818359375	0.7358545787948659
5616.0	11964.0	18.0	3.0	2.0	2	0	1.0	11.67913818359375	0.8501158546473211
5197.0	11966.0	49.0	4.0	2.0	3	0	1.0	11.67913818359375	0.6427228790296189
995.0	11967.0	69.0	4.0	4.0	2,3,4	0,11,16	1.0	11.67913818359375	0.5366190804337184
874.0	11970.0	57.0	1.0	6.0	2,2,2,3,3	0,19,5,7,17	0.0	11.67913818359375	0.5979717955343841
5621.0	11972.0	22.0	4.0	2.0	3	0	1.0	11.67913818359375	0.8199862803583516
5181.0	11973.0	50.0	4.0	2.0	3	0	1.0	11.67913818359375	0.6369507852056338
1890.0	11975.0	47.0	4.0	2.0	3	0	1.0	11.67913818359375	0.6544244620766146
1892.0	11976.0	47.0	4.0	2.0	3	0	1.0	11.67913818359375	0.6544244620766146
1836.0	11979.0	49.0	3.0	2.0	3	0	1.0	11.67913818359375	0.6427228790296189
1445.0	11981.0	48.0	1.0	6.0	2,3,4,2,4	0,2,3,8,10	0.0	11.67913818359375	0.6485472799829566
1924.0	11982.0	45.0	4.0	2.0	3	0	1.0	11.67913818359375	0.6663390872452982
1146.0	11984.0	44.0	4.0	6.0	2,2,4,4,2	0,2,3,8,26	1.0	11.67913818359375	0.6723774999759252
1212.0	11986.0	36.0	3.0	6.0	2,4,2,2,2	0,3,10,12,18	1.0	11.67913818359375	0.722696966322745
5189.0	11988.0	50.0	3.0	2.0	3	0	1.0	11.67913818359375	0.6369507852056338
2057.0	11990.0	18.0	1.0	4.0	2,1,1	0,1,21	0.0	11.67913818359375	0.8501158546473211
1685.0	12000.0	46.0	4.0	4.0	2,4,4	0,2,10	1.0	11.67913818359375	0.6603549036170828
1746.0	12001.0	47.0	4.0	4.0	2,4,4	0,2,8	1.0	11.67913818359375	0.6544244620766146
1623.0	12002.0	48.0	3.0	5.0	2,3,3,4	0,2,3,10	1.0	11.67913818359375	0.6485472799829566
2007.0	12004.0	36.0	3.0	3.0	2,4	0,6	1.0	11.67913818359375	0.722696966322745
1747.0	12005.0	17.0	2.0	5.0	2,3,3,1	0,2,7,31	1.0	11.67913818359375	0.8578196656610677
1864.0	12006.0	48.0	3.0	2.0	3	0	1.0	11.67913818359375	0.6485472799829566
2132.0	12008.0	17.0	3.0	3.0	2,1	0,19	1.0	11.67913818359375	0.8578196656610677
1580.0	12009.0	17.0	2.0	10.0	2,1,2,1,3,3,2,1,1	0,1,3,3,1,3,8,10,19	1.0	11.67913818359375	0.8578196656610677
1952.0	12010.0	17.0	2.0	4.0	1,1,1	0,8,19	1.0	11.67913818359375	0.8578196656610677
1996.0	12012.0	36.0	3.0	4.0	1,2,4	0,1,6	1.0	11.67913818359375	0.722696966322745
1908.0	12013.0	45.0	2.0	2.0	2	0	1.0	11.67913818359375	0.6663390872452982
2008.0	12014.0	35.0	4.0	3.0	3,4	0,7	1.0	11.67913818359375	0.7292460982067378
5270.0	12016.0	46.0	3.0	2.0	3	0	1.0	11.67913818359375	0.6603549036170828
1904.0	12017.0	46.0	4.0	2.0	3	0	1.0	11.67913818359375	0.6603549036170828
2131.0	12018.0	17.0	1.0	3.0	2,1	0,19	0.0	11.67913818359375	0.8578196656610677
5209.0	12020.0	49.0	4.0	2.0	3	0	1.0	11.67913818359375	0.6427228790296189
1929.0	12021.0	17.0	2.0	5.0	1,1,1,1	0,4,5,19	1.0	11.67913818359375	0.8578196656610677
1225.0	12022.0	48.0	4.0	3.0	3,2	0,31	1.0	11.67913818359375	0.6485472799829566
1757.0	12024.0	17.0	1.0	10.0	2,1,1,1,1,2,2,1,1	0,1,4,1,4,1,4,6,19	0.0	11.67913818359375	0.8578196656610677
1983.0	12025.0	36.0	4.0	3.0	3,4	0,7	1.0	11.67913818359375	0.722696966322745
2123.0	12026.0	17.0	3.0	3.0	2,1	0,19	1.0	11.67913818359375	0.8578196656610677
1875.0	12028.0	47.0	4.0	2.0	3	0	1.0	11.67913818359375	0.6544244620766146
1919.0	12029.0	45.0	4.0	2.0	3	0	1.0	11.67913818359375	0.6663390872452982
1977.0	12030.0	34.0	4.0	3.0	3,3	0,9	1.0	11.67913818359375	0.7358545787948659
2011.0	12031.0	35.0	4.0	3.0	3,4	0,7	1.0	11.67913818359375	0.7292460982067378
1932.0	12033.0	45.0	4.0	2.0	3	0	1.0	11.67913818359375	0.6663390872452982
2149.0	12034.0	17.0	3.0	3.0	2,1	0,19	1.0	11.67913818359375	0.8578196656610677
2251.0	12042.0	22.0	1.0	3.0	2,1	0,1	0.0	11.67913818359375	0.8199862803583516
5210.0	12043.0	49.0	3.0	2.0	3	0	1.0	11.67913818359375	0.6427228790296189
5356.0	12045.0	37.0	3.0	3.0	3,4	0,7	1.0	11.67913818359375	0.7162066501506766
5284.0	12046.0	47.0	4.0	2.0	3	0	1.0	11.67913818359375	0.6544244620766146
5223.0	12048.0	49.0	4.0	2.0	3	0	1.0	11.67913818359375	0.6427228790296189
2285.0	12049.0	18.0	4.0	2.0	2	0	1.0	11.67913818359375	0.8501158546473211
5659.0	12051.0	18.0	4.0	2.0	2	0	1.0	11.67913818359375	0.8501158546473211
5187.0	12053.0	51.0	3.0	2.0	3	0	1.0	11.67913818359375	0.6312305287569777
5361.0	12055.0	36.0	4.0	3.0	3,4	0,7	1.0	11.67913818359375	0.722696966322745
2284.0	12056.0	18.0	4.0	2.0	2	0	1.0	11.67913818359375	0.8501158546473211
2154.0	12058.0	18.0	3.0	3.0	2,1	0,19	1.0	11.67913818359375	0.8501158546473211
5296.0	12059.0	45.0	3.0	2.0	3	0	1.0	11.67913818359375	0.6663390872452982
5198.0	12061.0	51.0	4.0	2.0	3	0	1.0	11.67913818359375	0.6312305287569777
1915.0	12062.0	46.0	4.0	2.0	3	0	1.0	11.67913818359375	0.6603549036170828
5615.0	12064.0	22.0	3.0	2.0	3	0	1.0	11.67913818359375	0.8199862803583516
2278.0	12067.0	18.0	2.0	2.0	2	0	1.0	11.67913818359375	0.8501158546473211
2289.0	12068.0	18.0	3.0	2.0	2	0	1.0	11.67913818359375	0.8501158546473211
2301.0	12071.0	18.0	3.0	2.0	2	0	1.0	11.67913818359375	0.8501158546473211
3873.0	12076.0	161.0	3.0	3.0	3,4	0,44	1.0	11.67913818359375	0.2340027304571174
5214.0	12077.0	34.0	3.0	4.0	2,3,3	0,5,10	1.0	11.67913818359375	0.7358545787948659
4071.0	12079.0	100.0	3.0	4.0	2,4,3	0,4,52	1.0	11.67913818359375	0.4057063027740734
5240.0	12080.0	49.0	3.0	2.0	3	0	1.0	11.67913818359375	0.6427228790296189
2286.0	12084.0	18.0	3.0	2.0	2	0	1.0	11.67913818359375	0.8501158546473211
2305.0	12089.0	17.0	1.0	2.0	2	0	0.0	11.67913818359375	0.8578196656610677
2271.0	12091.0	19.0	4.0	2.0	3	0	1.0	11.67913818359375	0.842481229158821
2259.0	12093.0	19.0	4.0	2.0	2	0	1.0	11.67913818359375	0.842481229158821
2288.0	12095.0	18.0	1.0	2.0	1	0	0.0	11.67913818359375	0.8501158546473211
1303.0	12096.0	17.0	2.0	7.0	2,2,4,2,4,1	0,3,3,7,8,40	1.0	11.67913818359375	0.8578196656610677
2261.0	12102.0	19.0	4.0	2.0	3	0	1.0	11.67913818359375	0.842481229158821
3883.0	12104.0	161.0	4.0	3.0	3,4	0,44	1.0	11.67913818359375	0.2340027304571174
2303.0	12106.0	17.0	1.0	2.0	2	0	0.0	11.67913818359375	0.8578196656610677
2292.0	12108.0	18.0	2.0	2.0	1	0	1.0	11.67913818359375	0.8501158546473211
1691.0	12109.0	48.0	2.0	4.0	2,4,4	0,2,9	1.0	11.67913818359375	0.6485472799829566
2309.0	12111.0	17.0	4.0	2.0	2	0	1.0	11.67913818359375	0.8578196656610677
5307.0	12112.0	45.0	4.0	2.0	3	0	1.0	11.67913818359375	0.6663390872452982
5220.0	12114.0	49.0	4.0	2.0	3	0	1.0	11.67913818359375	0.6427228790296189
3913.0	12116.0	156.0	4.0	3.0	3,4	0,44	1.0	11.67913818359375	0.2447993933712856
1701.0	12117.0	47.0	3.0	4.0	2,4,4	0,2,10	1.0	11.67913818359375	0.6544244620766146
5622.0	12119.0	19.0	3.0	2.0	2	0	1.0	11.67913818359375	0.842481229158821
2267.0	12120.0	19.0	4.0	2.0	3	0	1.0	11.67913818359375	0.842481229158821
1889.0	12125.0	48.0	4.0	2.0	3	0	1.0	11.67913818359375	0.6485472799829566
5368.0	12126.0	36.0	3.0	3.0	3,4	0,7	1.0	11.67913818359375	0.722696966322745
2281.0	12128.0	18.0	2.0	2.0	1	0	1.0	11.67913818359375	0.8501158546473211
5236.0	12130.0	49.0	4.0	2.0	3	0	1.0	11.67913818359375	0.6427228790296189
2302.0	12131.0	17.0	4.0	2.0	2	0	1.0	11.67913818359375	0.8578196656610677
2163.0	12133.0	18.0	2.0	3.0	1,1	0,19	1.0	11.67913818359375	0.8501158546473211
5404.0	12136.0	35.0	4.0	3.0	3,4	0,7	1.0	11.67913818359375	0.7292460982067378
1858.0	12137.0	50.0	4.0	2.0	3	0	1.0	11.67913818359375	0.6369507852056338
1862.0	12139.0	49.0	4.0	2.0	3	0	1.0	11.67913818359375	0.6427228790296189
2296.0	12141.0	18.0	3.0	2.0	2	0	1.0	11.67913818359375	0.8501158546473211
5230.0	12142.0	49.0	3.0	2.0	3	0	1.0	11.67913818359375	0.6427228790296189
1461.0	12144.0	17.0	2.0	10.0	2,1,2,4,2,2,2,1,1	0,1,3,2,4,4,9,12,19	1.0	11.67913818359375	0.8578196656610677
2042.0	12147.0	17.0	1.0	4.0	2,1,1	0,5,19	0.0	11.67913818359375	0.8578196656610677
2310.0	12148.0	17.0	2.0	2.0	2	0	1.0	11.67913818359375	0.8578196656610677
2260.0	12150.0	19.0	3.0	2.0	3	0	1.0	11.67913818359375	0.842481229158821
3888.0	12151.0	161.0	4.0	3.0	3,4	0,43	1.0	11.67913818359375	0.2340027304571174
5249.0	12153.0	48.0	4.0	2.0	3	0	1.0	11.67913818359375	0.6485472799829566
5266.0	12154.0	47.0	2.0	2.0	3	0	1.0	11.67913818359375	0.6544244620766146
5221.0	12156.0	49.0	4.0	2.0	3	0	1.0	11.67913818359375	0.6427228790296189
1079.0	12158.0	17.0	1.0	7.0	1,4,4,1,3,1	0,3,8,31,4,24	0.0	11.67913818359375	0.8578196656610677
2258.0	12159.0	19.0	4.0	2.0	3	0	1.0	11.67913818359375	0.842481229158821
5205.0	12161.0	49.0	4.0	2.0	3	0	1.0	11.67913818359375	0.6427228790296189
5282.0	12162.0	47.0	4.0	2.0	3	0	1.0	11.67913818359375	0.6544244620766146
5279.0	12163.0	47.0	4.0	2.0	3	0	1.0	11.67913818359375	0.6544244620766146
5617.0	12164.0	19.0	4.0	2.0	2	0	1.0	11.67913818359375	0.842481229158821
5625.0	12166.0	19.0	3.0	2.0	3	0	1.0	11.67913818359375	0.842481229158821
1504.0	12167.0	17.0	3.0	3.0	3,1	0,52	1.0	11.67913818359375	0.8578196656610677
5624.0	12169.0	19.0	4.0	2.0	3	0	1.0	11.67913818359375	0.842481229158821
1828.0	12170.0	50.0	4.0	2.0	3	0	1.0	11.67913818359375	0.6369507852056338
5308.0	12173.0	45.0	4.0	2.0	3	0	1.0	11.67913818359375	0.6663390872452982
2304.0	12175.0	17.0	2.0	2.0	2	0	1.0	11.67913818359375	0.8578196656610677
1878.0	12176.0	48.0	4.0	2.0	3	0	1.0	11.67913818359375	0.6485472799829566
5639.0	12178.0	19.0	3.0	2.0	3	0	1.0	11.67913818359375	0.842481229158821
2299.0	12180.0	18.0	4.0	2.0	2	0	1.0	11.67913818359375	0.8501158546473211
5636.0	12183.0	19.0	4.0	2.0	3	0	1.0	11.67913818359375	0.842481229158821
723.0	12185.0	59.0	4.0	4.0	2,2,2	0,59,39	1.0	11.67913818359375	0.5872796270249686
5686.0	12186.0	17.0	3.0	2.0	2	0	1.0	11.67913818359375	0.8578196656610677
5314.0	12188.0	45.0	4.0	2.0	3	0	1.0	11.67913818359375	0.6663390872452982
4986.0	12189.0	48.0	4.0	6.0	2,2,3,4,4	0,1,2,2,9	1.0	11.67913818359375	0.6485472799829566
2282.0	12191.0	18.0	1.0	2.0	2	0	0.0	11.67913818359375	0.8501158546473211
5628.0	12194.0	19.0	4.0	2.0	3	0	1.0	11.67913818359375	0.842481229158821
2298.0	12196.0	18.0	3.0	2.0	2	0	1.0	11.67913818359375	0.8501158546473211
5630.0	12197.0	19.0	4.0	2.0	3	0	1.0	11.67913818359375	0.842481229158821
5233.0	12208.0	50.0	4.0	2.0	3	0	1.0	11.67913818359375	0.6369507852056338
1257.0	12209.0	49.0	1.0	3.0	3,2	0,31	0.0	11.67913818359375	0.6427228790296189
3875.0	12211.0	162.0	4.0	3.0	3,4	0,44	1.0	11.67913818359375	0.2319012248793068
5263.0	12213.0	48.0	4.0	2.0	3	0	1.0	11.67913818359375	0.6485472799829566
1352.0	12215.0	45.0	3.0	3.0	2,2	0,30	1.0	11.67913818359375	0.6663390872452982
3878.0	12217.0	162.0	4.0	3.0	3,4	0,44	1.0	11.67913818359375	0.2319012248793068
2312.0	12219.0	17.0	3.0	3.0	2,2	0,1	1.0	11.67913818359375	0.8578196656610677
5238.0	12221.0	50.0	4.0	2.0	3	0	1.0	11.67913818359375	0.6369507852056338
2276.0	12223.0	19.0	3.0	2.0	2	0	1.0	11.67913818359375	0.842481229158821
2024.0	12225.0	25.0	4.0	3.0	3,2	0,18	1.0	11.67913818359375	0.798091965380954
1859.0	12227.0	17.0	3.0	6.0	2,1,3,1,1	0,5,5,23,1	1.0	11.67913818359375	0.8578196656610677
2004.0	12229.0	37.0	4.0	3.0	3,4	0,7	1.0	11.67913818359375	0.7162066501506766
2323.0	12231.0	17.0	3.0	2.0	2	0	1.0	11.67913818359375	0.8578196656610677
5670.0	12233.0	18.0	3.0	2.0	2	0	1.0	11.67913818359375	0.8501158546473211
1926.0	12235.0	47.0	4.0	2.0	3	0	1.0	11.67913818359375	0.6544244620766146
5681.0	12237.0	18.0	4.0	2.0	2	0	1.0	11.67913818359375	0.8501158546473211
5275.0	12239.0	48.0	4.0	2.0	3	0	1.0	11.67913818359375	0.6485472799829566
2272.0	12241.0	20.0	4.0	2.0	3	0	1.0	11.67913818359375	0.8349151678619319
5623.0	12243.0	20.0	4.0	2.0	3	0	1.0	11.67913818359375	0.8349151678619319
5652.0	12245.0	19.0	3.0	2.0	3	0	1.0	11.67913818359375	0.842481229158821
1872.0	12246.0	49.0	4.0	2.0	3	0	1.0	11.67913818359375	0.6427228790296189
5629.0	12248.0	20.0	3.0	2.0	3	0	1.0	11.67913818359375	0.8349151678619319
4506.0	12249.0	66.0	3.0	5.0	2,4,4,4	0,1,4,13	1.0	11.67913818359375	0.5513403252019066
5645.0	12251.0	19.0	4.0	2.0	3	0	1.0	11.67913818359375	0.842481229158821
2313.0	12253.0	17.0	3.0	3.0	2,2	0,1	1.0	11.67913818359375	0.8578196656610677
1903.0	12254.0	48.0	3.0	2.0	3	0	1.0	11.67913818359375	0.6485472799829566
5234.0	12256.0	50.0	3.0	2.0	3	0	1.0	11.67913818359375	0.6369507852056338
5678.0	12258.0	18.0	3.0	2.0	2	0	1.0	11.67913818359375	0.8501158546473211
2264.0	12259.0	20.0	4.0	2.0	3	0	1.0	11.67913818359375	0.8349151678619319
2331.0	12261.0	17.0	4.0	2.0	2	0	1.0	11.67913818359375	0.8578196656610677
1659.0	12263.0	40.0	4.0	5.0	2,4,2,3	0,2,9,11	1.0	11.67913818359375	0.6970833375259179
1921.0	12264.0	47.0	4.0	2.0	3	0	1.0	11.67913818359375	0.6544244620766146
5648.0	12266.0	19.0	3.0	2.0	2	0	1.0	11.67913818359375	0.842481229158821
5638.0	12267.0	20.0	4.0	2.0	3	0	1.0	11.67913818359375	0.8349151678619319
2283.0	12270.0	19.0	4.0	2.0	3	0	1.0	11.67913818359375	0.842481229158821
5320.0	12272.0	46.0	4.0	2.0	3	0	1.0	11.67913818359375	0.6603549036170828
5643.0	12273.0	20.0	4.0	2.0	3	0	1.0	11.67913818359375	0.8349151678619319
1408.0	12275.0	16.0	1.0	7.0	2,1,3,3,3,1	0,1,1,5,10,42	0.0	11.67913818359375	0.8655932891642663
1879.0	12277.0	16.0	4.0	4.0	2,4,1	0,4,29	1.0	11.67913818359375	0.8655932891642663
2318.0	12278.0	17.0	3.0	3.0	2,2	0,1	1.0	11.67913818359375	0.8578196656610677
1421.0	12280.0	20.0	1.0	8.0	2,3,4,1,1,1,2	0,2,4,20,4,5,18	0.0	11.67913818359375	0.8349151678619319
5694.0	12281.0	17.0	3.0	2.0	2	0	1.0	11.67913818359375	0.8578196656610677
1592.0	12292.0	49.0	1.0	6.0	2,2,4,3,4	0,1,1,4,11	0.0	11.67913818359375	0.6427228790296189
1960.0	12293.0	38.0	4.0	3.0	3,4	0,8	1.0	11.67913818359375	0.7097746214849577
1699.0	12297.0	16.0	3.0	6.0	2,3,2,2,1	0,2,8,10,24	1.0	11.67913818359375	0.8655932891642663
1944.0	12300.0	16.0	3.0	5.0	1,1,3,1	0,5,4,22	1.0	11.67913818359375	0.8655932891642663
5692.0	12302.0	17.0	3.0	2.0	2	0	1.0	11.67913818359375	0.8578196656610677
5631.0	12303.0	20.0	3.0	2.0	3	0	1.0	11.67913818359375	0.8349151678619319
5552.0	12305.0	17.0	1.0	4.0	2,1,2	0,19,1	0.0	11.67913818359375	0.8578196656610677
546.0	12307.0	158.0	4.0	3.0	3,4	0,46	1.0	11.67913818359375	0.24042220303475914
5297.0	12309.0	46.0	4.0	2.0	3	0	1.0	11.67913818359375	0.6603549036170828
1880.0	12310.0	49.0	4.0	2.0	3	0	1.0	11.67913818359375	0.6427228790296189
1968.0	12312.0	38.0	4.0	3.0	3,4	0,8	1.0	11.67913818359375	0.7097746214849577
5660.0	12313.0	19.0	4.0	2.0	3	0	1.0	11.67913818359375	0.842481229158821
2184.0	12315.0	17.0	1.0	3.0	2,1	0,19	0.0	11.67913818359375	0.8578196656610677
4369.0	12316.0	67.0	3.0	4.0	2,4,3	0,7,19	1.0	11.67913818359375	0.5463889096076512
1907.0	12318.0	47.0	4.0	2.0	3	0	1.0	11.67913818359375	0.6544244620766146
5374.0	12320.0	37.0	4.0	3.0	3,4	0,7	1.0	11.67913818359375	0.7162066501506766
1277.0	12321.0	16.0	3.0	9.0	2,1,2,2,2,2,4,1	0,2,1,3,5,7,9,36	1.0	11.67913818359375	0.8655932891642663
1938.0	12323.0	16.0	1.0	6.0	1,1,2,2,1	0,5,1,4,21	0.0	11.67913818359375	0.8655932891642663
1877.0	12324.0	49.0	1.0	2.0	3	0	0.0	11.67913818359375	0.6427228790296189
2063.0	12327.0	16.0	1.0	6.0	1,2,1,2,1	0,1,5,1,19	0.0	11.67913818359375	0.8655932891642663
5658.0	12328.0	19.0	4.0	2.0	3	0	1.0	11.67913818359375	0.842481229158821
5693.0	12329.0	17.0	3.0	2.0	2	0	1.0	11.67913818359375	0.8578196656610677
2047.0	12330.0	16.0	3.0	4.0	2,2,1	0,5,21	1.0	11.67913818359375	0.8655932891642663
1954.0	12332.0	17.0	3.0	5.0	1,1,1,1	0,5,5,19	1.0	11.67913818359375	0.8578196656610677
2175.0	12333.0	16.0	1.0	3.0	2,1	0,20	0.0	11.67913818359375	0.8655932891642663
4960.0	12334.0	47.0	2.0	4.0	2,4,3	0,4,15	1.0	11.67913818359375	0.6544244620766146
2325.0	12344.0	17.0	3.0	2.0	2	0	1.0	11.67913818359375	0.8578196656610677
5655.0	12345.0	19.0	3.0	2.0	3	0	1.0	11.67913818359375	0.842481229158821
1876.0	12346.0	49.0	3.0	2.0	3	0	1.0	11.67913818359375	0.6427228790296189
2015.0	12347.0	37.0	4.0	3.0	3,4	0,7	1.0	11.67913818359375	0.7162066501506766
485.0	12349.0	162.0	2.0	3.0	3,4	0,45	1.0	11.67913818359375	0.2319012248793068
5699.0	12350.0	17.0	4.0	2.0	2	0	1.0	11.67913818359375	0.8578196656610677
2330.0	12351.0	17.0	3.0	2.0	2	0	1.0	11.67913818359375	0.8578196656610677
4688.0	12352.0	47.0	3.0	6.0	2,2,3,2,3	0,1,3,10,15	1.0	11.67913818359375	0.6544244620766146
5632.0	12354.0	20.0	3.0	2.0	3	0	1.0	11.67913818359375	0.8349151678619319
1877.0	12355.0	1.0	2.0	3.0	3,1	0,49	1.0	11.67913818359375	0.9910193117246737
2063.0	12356.0	1.0	2.0	7.0	1,2,1,2,1,1	0,1,5,1,19,16	1.0	11.67913818359375	0.9910193117246737
2175.0	12357.0	1.0	1.0	4.0	2,1,1	0,20,16	0.0	11.67913818359375	0.9910193117246737
2273.0	12359.0	21.0	3.0	2.0	3	0	1.0	11.67913818359375	0.8274170550030222
2255.0	12360.0	21.0	1.0	2.0	3	0	0.0	11.67913818359375	0.8274170550030222
1612.0	12362.0	18.0	3.0	9.0	2,1,1,3,2,1,2,1	0,2,1,3,8,10,4,20	1.0	11.67913818359375	0.8501158546473211
2357.0	12364.0	17.0	3.0	2.0	2	0	1.0	11.67913818359375	0.8578196656610677
2360.0	12365.0	17.0	1.0	2.0	2	0	0.0	11.67913818359375	0.8578196656610677
1893.0	12368.0	50.0	4.0	2.0	3	0	1.0	11.67913818359375	0.6369507852056338
2327.0	12371.0	17.0	1.0	3.0	1,2	0,1	0.0	11.67913818359375	0.8578196656610677
2362.0	12373.0	17.0	3.0	2.0	2	0	1.0	11.67913818359375	0.8578196656610677
2257.0	12374.0	21.0	4.0	2.0	3	0	1.0	11.67913818359375	0.8274170550030222
2277.0	12378.0	20.0	3.0	2.0	2	0	1.0	11.67913818359375	0.8349151678619319
2295.0	12380.0	20.0	4.0	2.0	3	0	1.0	11.67913818359375	0.8349151678619319
2265.0	12381.0	21.0	4.0	2.0	3	0	1.0	11.67913818359375	0.8274170550030222
2356.0	12383.0	17.0	3.0	2.0	2	0	1.0	11.67913818359375	0.8578196656610677
1934.0	12384.0	37.0	4.0	4.0	2,2,4	0,4,7	1.0	11.67913818359375	0.7162066501506766
499.0	12386.0	21.0	1.0	5.0	3,4,1,2	0,39,130,18	0.0	11.67913818359375	0.8274170550030222
1587.0	12387.0	52.0	2.0	5.0	2,2,4,4	0,1,3,11	1.0	11.67913818359375	0.6255616441483419
2354.0	12389.0	17.0	1.0	2.0	2	0	0.0	11.67913818359375	0.8578196656610677
1117.0	12390.0	68.0	3.0	5.0	2,3,4,4	0,1,4,14	1.0	11.67913818359375	0.5414819611333695
2294.0	12393.0	20.0	3.0	2.0	3	0	1.0	11.67913818359375	0.8349151678619319
883.0	12395.0	17.0	1.0	11.0	1,2,2,1,2,3,2,3,2,1	0,19,6,5,1,2,6,6,14,32	0.0	11.67913818359375	0.8578196656610677
2179.0	12396.0	18.0	2.0	3.0	2,1	0,19	1.0	11.67913818359375	0.8501158546473211
2349.0	12398.0	17.0	3.0	2.0	2	0	1.0	11.67913818359375	0.8578196656610677
2178.0	12401.0	17.0	2.0	3.0	2,1	0,20	1.0	11.67913818359375	0.8578196656610677
3906.0	12406.0	159.0	3.0	3.0	3,4	0,43	1.0	11.67913818359375	0.23826304617483676
5642.0	12408.0	21.0	4.0	2.0	3	0	1.0	11.67913818359375	0.8274170550030222
5653.0	12409.0	21.0	4.0	2.0	3	0	1.0	11.67913818359375	0.8274170550030222
2363.0	12410.0	18.0	1.0	2.0	2	0	0.0	11.67913818359375	0.8501158546473211
5075.0	12411.0	50.0	4.0	4.0	2,4,4	0,2,9	1.0	11.67913818359375	0.6369507852056338
5654.0	12413.0	21.0	4.0	2.0	3	0	1.0	11.67913818359375	0.8274170550030222
5618.0	12414.0	22.0	3.0	2.0	3	0	1.0	11.67913818359375	0.8199862803583516
5635.0	12416.0	22.0	4.0	2.0	3	0	1.0	11.67913818359375	0.8199862803583516
1537.0	12418.0	18.0	3.0	8.0	2,2,2,2,2,4,1	0,1,2,2,4,7,38	1.0	11.67913818359375	0.8501158546473211
492.0	12419.0	165.0	3.0	3.0	3,4	0,44	1.0	11.67913818359375	0.22570926949813513
2293.0	12421.0	21.0	3.0	2.0	1	0	1.0	11.67913818359375	0.8274170550030222
1874.0	12422.0	51.0	4.0	2.0	3	0	1.0	11.67913818359375	0.6312305287569777
5650.0	12424.0	21.0	3.0	2.0	3	0	1.0	11.67913818359375	0.8274170550030222
2353.0	12427.0	18.0	2.0	2.0	2	0	1.0	11.67913818359375	0.8501158546473211
5626.0	12428.0	22.0	3.0	2.0	3	0	1.0	11.67913818359375	0.8199862803583516
2181.0	12430.0	18.0	1.0	4.0	2,1,2	0,19,1	0.0	11.67913818359375	0.8501158546473211
5292.0	12431.0	49.0	4.0	2.0	3	0	1.0	11.67913818359375	0.6427228790296189
5641.0	12433.0	22.0	3.0	2.0	3	0	1.0	11.67913818359375	0.8199862803583516
2324.0	12434.0	18.0	1.0	3.0	1,2	0,1	0.0	11.67913818359375	0.8501158546473211
5620.0	12436.0	22.0	3.0	2.0	3	0	1.0	11.67913818359375	0.8199862803583516
5295.0	12438.0	49.0	4.0	2.0	3	0	1.0	11.67913818359375	0.6427228790296189
5254.0	12439.0	51.0	4.0	2.0	3	0	1.0	11.67913818359375	0.6312305287569777
5265.0	12442.0	50.0	4.0	2.0	3	0	1.0	11.67913818359375	0.6369507852056338
5258.0	12448.0	51.0	4.0	2.0	3	0	1.0	11.67913818359375	0.6312305287569777
1985.0	12450.0	40.0	3.0	3.0	3,4	0,7	1.0	11.67913818359375	0.6970833375259179
5633.0	12452.0	22.0	4.0	2.0	3	0	1.0	11.67913818359375	0.8199862803583516
2000.0	12453.0	39.0	2.0	3.0	3,4	0,7	1.0	11.67913818359375	0.7034003568636636
1077.0	12454.0	68.0	4.0	6.0	2,3,3,4,4	0,2,2,4,14	1.0	11.67913818359375	0.5414819611333695
1670.0	12456.0	17.0	1.0	5.0	2,2,4,1	0,2,7,37	0.0	11.67913818359375	0.8578196656610677
1232.0	12458.0	51.0	2.0	6.0	2,2,4,2,4	0,5,3,10,13	1.0	11.67913818359375	0.6312305287569777
5656.0	12459.0	21.0	4.0	2.0	3	0	1.0	11.67913818359375	0.8274170550030222
2335.0	12461.0	18.0	4.0	3.0	2,2	0,1	1.0	11.67913818359375	0.8501158546473211
2183.0	12462.0	18.0	3.0	3.0	2,1	0,20	1.0	11.67913818359375	0.8501158546473211
5288.0	12464.0	49.0	4.0	2.0	3	0	1.0	11.67913818359375	0.6427228790296189
2347.0	12465.0	18.0	1.0	2.0	2	0	0.0	11.67913818359375	0.8501158546473211
2346.0	12467.0	18.0	1.0	2.0	2	0	0.0	11.67913818359375	0.8501158546473211
2355.0	12479.0	18.0	3.0	2.0	2	0	1.0	11.67913818359375	0.8501158546473211
5684.0	12480.0	20.0	4.0	2.0	3	0	1.0	11.67913818359375	0.8349151678619319
1867.0	12482.0	18.0	3.0	6.0	2,1,1,2,1	0,4,5,4,21	1.0	11.67913818359375	0.8501158546473211
2279.0	12483.0	21.0	4.0	2.0	3	0	1.0	11.67913818359375	0.8274170550030222
1626.0	12485.0	17.0	3.0	8.0	2,2,2,1,2,3,1	0,2,3,9,4,6,26	1.0	11.67913818359375	0.8578196656610677
1927.0	12486.0	49.0	4.0	2.0	3	0	1.0	11.67913818359375	0.6427228790296189
5690.0	12489.0	20.0	2.0	2.0	3	0	1.0	11.67913818359375	0.8349151678619319
5259.0	12491.0	51.0	4.0	2.0	3	0	1.0	11.67913818359375	0.6312305287569777
5257.0	12497.0	51.0	2.0	2.0	3	0	1.0	11.67913818359375	0.6312305287569777
5702.0	12499.0	18.0	3.0	2.0	2	0	1.0	11.67913818359375	0.8501158546473211
2297.0	12500.0	21.0	3.0	2.0	1	0	1.0	11.67913818359375	0.8274170550030222
2314.0	12502.0	20.0	4.0	2.0	3	0	1.0	11.67913818359375	0.8349151678619319
1987.0	12503.0	40.0	4.0	3.0	3,4	0,7	1.0	11.67913818359375	0.6970833375259179
2280.0	12505.0	21.0	1.0	2.0	2	0	0.0	11.67913818359375	0.8274170550030222
488.0	12506.0	164.0	1.0	3.0	3,4	0,45	0.0	11.67913818359375	0.22775466313096626
5339.0	12508.0	40.0	3.0	3.0	2,4	0,7	1.0	11.67913818359375	0.6970833375259179
5310.0	12509.0	48.0	4.0	2.0	3	0	1.0	11.67913818359375	0.6485472799829566
5619.0	12511.0	22.0	3.0	2.0	3	0	1.0	11.67913818359375	0.8199862803583516
2307.0	12519.0	20.0	3.0	2.0	2	0	1.0	11.67913818359375	0.8349151678619319
5689.0	12520.0	20.0	4.0	2.0	3	0	1.0	11.67913818359375	0.8349151678619319
2306.0	12522.0	20.0	4.0	2.0	3	0	1.0	11.67913818359375	0.8349151678619319
2326.0	12524.0	19.0	4.0	2.0	2	0	1.0	11.67913818359375	0.842481229158821
2122.0	12525.0	17.0	4.0	3.0	3,1	0,23	1.0	11.67913818359375	0.8578196656610677
1275.0	12527.0	48.0	2.0	3.0	3,2	0,33	1.0	11.67913818359375	0.6485472799829566
2189.0	12528.0	17.0	1.0	4.0	2,2,1	0,1,20	0.0	11.67913818359375	0.8578196656610677
1427.0	12530.0	22.0	4.0	4.0	3,1,2	0,35,18	1.0	11.67913818359375	0.8199862803583516
1784.0	12532.0	17.0	3.0	5.0	2,1,4,1	0,4,4,30	1.0	11.67913818359375	0.8578196656610677
2190.0	12533.0	17.0	2.0	4.0	2,2,1	0,1,20	1.0	11.67913818359375	0.8578196656610677
5313.0	12535.0	48.0	4.0	2.0	3	0	1.0	11.67913818359375	0.6485472799829566
5701.0	12536.0	18.0	3.0	2.0	2	0	1.0	11.67913818359375	0.8501158546473211
2316.0	12541.0	20.0	3.0	2.0	3	0	1.0	11.67913818359375	0.8349151678619319
5673.0	12542.0	20.0	3.0	2.0	3	0	1.0	11.67913818359375	0.8349151678619319
2319.0	12544.0	19.0	3.0	2.0	3	0	1.0	11.67913818359375	0.842481229158821
5683.0	12547.0	20.0	4.0	2.0	3	0	1.0	11.67913818359375	0.8349151678619319
5680.0	12548.0	20.0	4.0	2.0	3	0	1.0	11.67913818359375	0.8349151678619319
5640.0	12550.0	22.0	3.0	2.0	3	0	1.0	11.67913818359375	0.8199862803583516
2317.0	12551.0	20.0	4.0	2.0	3	0	1.0	11.67913818359375	0.8349151678619319
2320.0	12553.0	19.0	4.0	2.0	3	0	1.0	11.67913818359375	0.842481229158821
2275.0	12554.0	21.0	4.0	2.0	3	0	1.0	11.67913818359375	0.8274170550030222
1237.0	12556.0	17.0	1.0	7.0	2,4,2,4,3,1	0,1,4,3,11,46	0.0	11.67913818359375	0.8578196656610677
5359.0	12557.0	39.0	3.0	3.0	3,4	0,7	1.0	11.67913818359375	0.7034003568636636
1695.0	12559.0	50.0	4.0	4.0	2,4,4	0,2,10	1.0	11.67913818359375	0.6369507852056338
2256.0	12560.0	22.0	4.0	2.0	3	0	1.0	11.67913818359375	0.8199862803583516
5627.0	12562.0	22.0	4.0	2.0	3	0	1.0	11.67913818359375	0.8199862803583516
1643.0	12563.0	21.0	1.0	7.0	2,3,2,2,1,2	0,2,6,7,9,19	0.0	11.67913818359375	0.8274170550030222
1087.0	12565.0	53.0	3.0	3.0	3,2	0,36	1.0	11.67913818359375	0.6199436700252451
2043.0	12566.0	17.0	1.0	5.0	2,2,2,1	0,1,5,21	0.0	11.67913818359375	0.8578196656610677
2385.0	12570.0	17.0	1.0	2.0	2	0	0.0	11.67913818359375	0.8578196656610677
2386.0	12571.0	17.0	1.0	2.0	1	0	0.0	11.67913818359375	0.8578196656610677
2290.0	12573.0	21.0	4.0	2.0	3	0	1.0	11.67913818359375	0.8274170550030222
5001.0	12574.0	49.0	4.0	5.0	2,3,4,4	0,1,2,11	1.0	11.67913818359375	0.6427228790296189
4544.0	12576.0	64.0	4.0	5.0	2,3,4,4	0,2,4,15	1.0	11.67913818359375	0.5613781732589856
2374.0	12577.0	17.0	1.0	2.0	2	0	0.0	11.67913818359375	0.8578196656610677
2376.0	12579.0	17.0	1.0	2.0	2	0	0.0	11.67913818359375	0.8578196656610677
2373.0	12581.0	17.0	1.0	2.0	2	0	0.0	11.67913818359375	0.8578196656610677
4494.0	12582.0	64.0	4.0	5.0	2,4,4,3	0,1,5,18	1.0	11.67913818359375	0.5613781732589856
2369.0	12584.0	17.0	3.0	2.0	2	0	1.0	11.67913818359375	0.8578196656610677
2383.0	12585.0	17.0	1.0	2.0	2	0	0.0	11.67913818359375	0.8578196656610677
5666.0	12590.0	20.0	4.0	2.0	3	0	1.0	11.67913818359375	0.8349151678619319
3893.0	12591.0	160.0	4.0	3.0	3,4	0,46	1.0	11.67913818359375	0.23612328002961092
5637.0	12594.0	22.0	4.0	2.0	3	0	1.0	11.67913818359375	0.8199862803583516
498.0	12599.0	165.0	2.0	3.0	3,4	0,44	1.0	11.67913818359375	0.22570926949813513
2384.0	12602.0	17.0	3.0	2.0	2	0	1.0	11.67913818359375	0.8578196656610677
5647.0	12603.0	21.0	4.0	2.0	3	0	1.0	11.67913818359375	0.8274170550030222
2381.0	12605.0	17.0	2.0	2.0	2	0	1.0	11.67913818359375	0.8578196656610677
2287.0	12608.0	21.0	3.0	2.0	3	0	1.0	11.67913818359375	0.8274170550030222
5685.0	12609.0	20.0	4.0	2.0	3	0	1.0	11.67913818359375	0.8349151678619319
2380.0	12611.0	17.0	3.0	2.0	1	0	1.0	11.67913818359375	0.8578196656610677
4801.0	12643.0	53.0	3.0	5.0	2,4,4,3	0,1,4,16	1.0	11.67913818359375	0.6199436700252451
3919.0	12644.0	160.0	4.0	3.0	3,4	0,43	1.0	11.67913818359375	0.23612328002961092
1570.0	12645.0	17.0	2.0	8.0	2,3,3,1,1,3,1	0,2,4,11,4,6,25	1.0	11.67913818359375	0.8578196656610677
1692.0	12648.0	17.0	3.0	9.0	2,1,1,2,1,2,4,1	0,2,4,1,4,1,4,29	1.0	11.67913818359375	0.8578196656610677
1914.0	12649.0	49.0	3.0	2.0	3	0	1.0	11.67913818359375	0.6427228790296189
3918.0	12650.0	160.0	4.0	3.0	3,4	0,43	1.0	11.67913818359375	0.23612328002961092
5274.0	12660.0	51.0	4.0	2.0	3	0	1.0	11.67913818359375	0.6312305287569777
5646.0	12661.0	22.0	4.0	2.0	3	0	1.0	11.67913818359375	0.8199862803583516
5687.0	12662.0	21.0	4.0	2.0	3	0	1.0	11.67913818359375	0.8274170550030222
5280.0	12664.0	50.0	3.0	2.0	3	0	1.0	11.67913818359375	0.6369507852056338
5651.0	12665.0	22.0	4.0	2.0	3	0	1.0	11.67913818359375	0.8199862803583516
5697.0	12667.0	20.0	4.0	2.0	3	0	1.0	11.67913818359375	0.8349151678619319
5674.0	12669.0	21.0	4.0	2.0	3	0	1.0	11.67913818359375	0.8274170550030222
5671.0	12671.0	21.0	3.0	2.0	3	0	1.0	11.67913818359375	0.8274170550030222
5688.0	12673.0	21.0	3.0	2.0	3	0	1.0	11.67913818359375	0.8274170550030222
5733.0	12676.0	18.0	3.0	2.0	2	0	1.0	11.67913818359375	0.8501158546473211
5285.0	12678.0	51.0	3.0	2.0	3	0	1.0	11.67913818359375	0.6312305287569777
5281.0	12680.0	51.0	3.0	2.0	3	0	1.0	11.67913818359375	0.6312305287569777
5669.0	12682.0	21.0	3.0	2.0	3	0	1.0	11.67913818359375	0.8274170550030222
732.0	12684.0	61.0	3.0	4.0	1,2,2	0,60,40	1.0	11.67913818359375	0.5767786422273726
6128.0	12687.0	1.0	2.0	2.0	1	0	1.0	11.67913818359375	0.9910193117246737
957.0	12688.0	24.0	3.0	6.0	2,4,1,2,2	0,12,42,5,19	1.0	11.67913818359375	0.8053243321686963
5664.0	12689.0	22.0	3.0	2.0	3	0	1.0	11.67913818359375	0.8199862803583516
1738.0	12691.0	23.0	2.0	8.0	2,2,2,1,2,1,2	0,1,2,6,5,7,19	1.0	11.67913818359375	0.812622239184409
5316.0	12692.0	50.0	4.0	2.0	3	0	1.0	11.67913818359375	0.6369507852056338
5661.0	12694.0	23.0	4.0	2.0	3	0	1.0	11.67913818359375	0.812622239184409
5329.0	12695.0	42.0	4.0	3.0	3,4	0,8	1.0	11.67913818359375	0.6846189829098743
2300.0	12697.0	23.0	4.0	2.0	3	0	1.0	11.67913818359375	0.812622239184409
1683.0	12698.0	45.0	3.0	5.0	2,3,2,4	0,2,8,9	1.0	11.67913818359375	0.6663390872452982
1640.0	12700.0	43.0	3.0	6.0	2,2,2,2,4	0,2,4,8,9	1.0	11.67913818359375	0.6784706332369898
1906.0	12701.0	52.0	3.0	2.0	3	0	1.0	11.67913818359375	0.6255616441483419
5649.0	12703.0	23.0	4.0	2.0	3	0	1.0	11.67913818359375	0.812622239184409
5663.0	12705.0	23.0	4.0	2.0	3	0	1.0	11.67913818359375	0.812622239184409
1109.0	12707.0	53.0	4.0	3.0	3,2	0,37	1.0	11.67913818359375	0.6199436700252451
5725.0	12708.0	19.0	1.0	2.0	2	0	0.0	11.67913818359375	0.842481229158821
5302.0	12710.0	50.0	4.0	2.0	3	0	1.0	11.67913818359375	0.6369507852056338
5736.0	12711.0	19.0	3.0	2.0	2	0	1.0	11.67913818359375	0.842481229158821
5662.0	12713.0	23.0	4.0	2.0	3	0	1.0	11.67913818359375	0.812622239184409
5745.0	12714.0	19.0	4.0	2.0	2	0	1.0	11.67913818359375	0.842481229158821
5675.0	12716.0	22.0	3.0	2.0	3	0	1.0	11.67913818359375	0.8199862803583516
1602.0	12717.0	55.0	4.0	4.0	2,4,4	0,3,11	1.0	11.67913818359375	0.6088586284969373
5301.0	12719.0	50.0	4.0	2.0	3	0	1.0	11.67913818359375	0.6369507852056338
5538.0	12720.0	19.0	3.0	3.0	3,1	0,22	1.0	11.67913818359375	0.842481229158821
5696.0	12722.0	21.0	4.0	2.0	3	0	1.0	11.67913818359375	0.8274170550030222
5676.0	12723.0	22.0	4.0	2.0	3	0	1.0	11.67913818359375	0.8199862803583516
5372.0	12725.0	29.0	4.0	3.0	3,2	0,19	1.0	11.67913818359375	0.7698062075881518
1260.0	12726.0	65.0	4.0	5.0	2,4,4,4	0,1,4,14	1.0	11.67913818359375	0.5563366108803747
5644.0	12728.0	23.0	4.0	2.0	2	0	1.0	11.67913818359375	0.812622239184409
5679.0	12729.0	22.0	4.0	2.0	3	0	1.0	11.67913818359375	0.8199862803583516
5735.0	12731.0	19.0	3.0	2.0	2	0	1.0	11.67913818359375	0.842481229158821
5657.0	12732.0	23.0	4.0	2.0	3	0	1.0	11.67913818359375	0.812622239184409
5716.0	12734.0	19.0	3.0	2.0	2	0	1.0	11.67913818359375	0.842481229158821
5564.0	12735.0	19.0	1.0	3.0	2,1	0,20	0.0	11.67913818359375	0.842481229158821
1905.0	12737.0	18.0	1.0	6.0	1,2,1,3,1	0,1,4,5,24	0.0	11.67913818359375	0.8501158546473211
5752.0	12738.0	19.0	3.0	2.0	2	0	1.0	11.67913818359375	0.842481229158821
1454.0	12740.0	18.0	1.0	9.0	2,4,1,2,3,4,3,1	0,2,7,1,2,2,9,35	0.0	11.67913818359375	0.8501158546473211
5744.0	12741.0	19.0	3.0	2.0	2	0	1.0	11.67913818359375	0.842481229158821
5672.0	12743.0	22.0	4.0	2.0	3	0	1.0	11.67913818359375	0.8199862803583516
972.0	12745.0	39.0	1.0	6.0	2,3,2,2,2	0,11,13,15,24	0.0	11.67913818359375	0.7034003568636636
5704.0	12746.0	21.0	4.0	2.0	3	0	1.0	11.67913818359375	0.8274170550030222
5262.0	12748.0	52.0	4.0	2.0	3	0	1.0	11.67913818359375	0.6255616441483419
5713.0	12749.0	19.0	2.0	2.0	2	0	1.0	11.67913818359375	0.842481229158821
1740.0	12751.0	52.0	4.0	4.0	2,4,4	0,2,9	1.0	11.67913818359375	0.6255616441483419
2291.0	12752.0	23.0	3.0	2.0	3	0	1.0	11.67913818359375	0.812622239184409
1704.0	12754.0	52.0	3.0	4.0	2,4,4	0,2,10	1.0	11.67913818359375	0.6255616441483419
895.0	12755.0	24.0	3.0	6.0	2,4,1,2,2	0,14,48,1,18	1.0	11.67913818359375	0.8053243321686963
5667.0	12757.0	22.0	3.0	2.0	3	0	1.0	11.67913818359375	0.8199862803583516
5358.0	12759.0	40.0	4.0	3.0	3,4	0,8	1.0	11.67913818359375	0.6970833375259179
2407.0	12760.0	18.0	1.0	2.0	2	0	0.0	11.67913818359375	0.8501158546473211
5700.0	12762.0	20.0	4.0	2.0	3	0	1.0	11.67913818359375	0.8349151678619319
2345.0	12763.0	20.0	4.0	2.0	3	0	1.0	11.67913818359375	0.8349151678619319
2403.0	12765.0	18.0	4.0	2.0	2	0	1.0	11.67913818359375	0.8501158546473211
2389.0	12766.0	18.0	4.0	2.0	2	0	1.0	11.67913818359375	0.8501158546473211
2321.0	12769.0	21.0	4.0	2.0	3	0	1.0	11.67913818359375	0.8274170550030222
5695.0	12771.0	21.0	4.0	2.0	3	0	1.0	11.67913818359375	0.8274170550030222
1990.0	12773.0	31.0	3.0	4.0	2,1,3	0,5,13	1.0	11.67913818359375	0.7560415154193999
2417.0	12782.0	18.0	3.0	2.0	2	0	1.0	11.67913818359375	0.8501158546473211
5340.0	12783.0	42.0	3.0	3.0	2,4	0,7	1.0	11.67913818359375	0.6846189829098743
5677.0	12784.0	22.0	3.0	2.0	2	0	1.0	11.67913818359375	0.8199862803583516
5045.0	12791.0	52.0	4.0	4.0	2,4,4	0,2,11	1.0	11.67913818359375	0.6255616441483419
2408.0	12794.0	18.0	3.0	2.0	2	0	1.0	11.67913818359375	0.8501158546473211
2337.0	12796.0	20.0	4.0	2.0	3	0	1.0	11.67913818359375	0.8349151678619319
5349.0	12798.0	41.0	4.0	3.0	3,4	0,8	1.0	11.67913818359375	0.6908230493696736
2322.0	12800.0	21.0	4.0	2.0	3	0	1.0	11.67913818359375	0.8274170550030222
3902.0	12802.0	162.0	4.0	3.0	3,4	0,43	1.0	11.67913818359375	0.2319012248793068
2404.0	12804.0	18.0	1.0	2.0	2	0	0.0	11.67913818359375	0.8501158546473211
5698.0	12806.0	21.0	4.0	2.0	3	0	1.0	11.67913818359375	0.8274170550030222
2308.0	12808.0	22.0	3.0	2.0	3	0	1.0	11.67913818359375	0.8199862803583516
2390.0	12810.0	18.0	3.0	2.0	2	0	1.0	11.67913818359375	0.8501158546473211
2415.0	12812.0	18.0	3.0	2.0	2	0	1.0	11.67913818359375	0.8501158546473211
5668.0	12816.0	22.0	4.0	2.0	3	0	1.0	11.67913818359375	0.8199862803583516
2413.0	12818.0	18.0	4.0	2.0	2	0	1.0	11.67913818359375	0.8501158546473211
5665.0	12820.0	22.0	4.0	2.0	3	0	1.0	11.67913818359375	0.8199862803583516
5682.0	12822.0	22.0	4.0	2.0	3	0	1.0	11.67913818359375	0.8199862803583516
2396.0	12824.0	18.0	3.0	2.0	2	0	1.0	11.67913818359375	0.8501158546473211
5707.0	12826.0	20.0	4.0	2.0	3	0	1.0	11.67913818359375	0.8349151678619319
5036.0	12832.0	18.0	3.0	5.0	2,3,4,1	0,2,6,39	1.0	11.67913818359375	0.8501158546473211
2418.0	12834.0	18.0	3.0	2.0	2	0	1.0	11.67913818359375	0.8501158546473211
2405.0	12835.0	18.0	4.0	2.0	2	0	1.0	11.67913818359375	0.8501158546473211
2332.0	12836.0	21.0	4.0	2.0	3	0	1.0	11.67913818359375	0.8274170550030222
2397.0	12837.0	18.0	3.0	2.0	2	0	1.0	11.67913818359375	0.8501158546473211
5080.0	12838.0	50.0	3.0	4.0	2,4,4	0,2,11	1.0	11.67913818359375	0.6369507852056338
2416.0	12840.0	18.0	3.0	2.0	2	0	1.0	11.67913818359375	0.8501158546473211
2411.0	12841.0	18.0	1.0	2.0	2	0	0.0	11.67913818359375	0.8501158546473211
2391.0	12842.0	18.0	3.0	2.0	2	0	1.0	11.67913818359375	0.8501158546473211
5705.0	12843.0	21.0	3.0	2.0	3	0	1.0	11.67913818359375	0.8274170550030222
2400.0	12844.0	18.0	1.0	2.0	2	0	0.0	11.67913818359375	0.8501158546473211
5309.0	12846.0	50.0	4.0	2.0	3	0	1.0	11.67913818359375	0.6369507852056338
2395.0	12850.0	18.0	2.0	2.0	2	0	1.0	11.67913818359375	0.8501158546473211
3895.0	12855.0	162.0	4.0	3.0	3,4	0,46	1.0	11.67913818359375	0.2319012248793068
1533.0	12900.0	53.0	4.0	6.0	2,2,4,2,4	0,1,2,7,12	1.0	11.67913818359375	0.6199436700252451
2329.0	12901.0	22.0	4.0	2.0	3	0	1.0	11.67913818359375	0.8199862803583516
2350.0	12902.0	21.0	1.0	2.0	1	0	0.0	11.67913818359375	0.8274170550030222
5775.0	12904.0	19.0	2.0	2.0	2	0	1.0	11.67913818359375	0.842481229158821
2162.0	12905.0	24.0	1.0	3.0	2,2	0,19	0.0	11.67913818359375	0.8053243321686963
5709.0	12907.0	21.0	4.0	2.0	3	0	1.0	11.67913818359375	0.8274170550030222
2382.0	12909.0	20.0	4.0	2.0	3	0	1.0	11.67913818359375	0.8349151678619319
2315.0	12910.0	23.0	4.0	2.0	3	0	1.0	11.67913818359375	0.812622239184409
5379.0	12912.0	42.0	4.0	3.0	3,4	0,7	1.0	11.67913818359375	0.6846189829098743
1155.0	12913.0	53.0	4.0	3.0	3,2	0,36	1.0	11.67913818359375	0.6199436700252451
5765.0	12915.0	19.0	3.0	2.0	2	0	1.0	11.67913818359375	0.842481229158821
1822.0	12918.0	43.0	3.0	5.0	2,2,3,4	0,1,4,9	1.0	11.67913818359375	0.6784706332369898
2365.0	12920.0	21.0	3.0	2.0	3	0	1.0	11.67913818359375	0.8274170550030222
2361.0	12921.0	21.0	3.0	2.0	3	0	1.0	11.67913818359375	0.8274170550030222
1971.0	12923.0	32.0	3.0	4.0	2,1,3	0,5,13	1.0	11.67913818359375	0.749251742246213
2344.0	12926.0	21.0	4.0	2.0	2	0	1.0	11.67913818359375	0.8274170550030222
2328.0	12927.0	22.0	4.0	2.0	2	0	1.0	11.67913818359375	0.8199862803583516
5769.0	12929.0	19.0	3.0	2.0	2	0	1.0	11.67913818359375	0.842481229158821
2311.0	12930.0	22.0	4.0	3.0	2,3	0,1	1.0	11.67913818359375	0.8199862803583516
2368.0	12932.0	21.0	1.0	2.0	2	0	0.0	11.67913818359375	0.8274170550030222
2364.0	12933.0	21.0	4.0	2.0	2	0	1.0	11.67913818359375	0.8274170550030222
4460.0	12935.0	67.0	4.0	5.0	2,4,4,3	0,1,6,18	1.0	11.67913818359375	0.5463889096076512
3886.0	12938.0	163.0	4.0	3.0	3,4	0,47	1.0	11.67913818359375	0.22981859226799947
2168.0	12939.0	24.0	2.0	3.0	2,2	0,19	1.0	11.67913818359375	0.8053243321686963
2342.0	12941.0	21.0	4.0	2.0	3	0	1.0	11.67913818359375	0.8274170550030222
1667.0	12943.0	54.0	1.0	4.0	2,4,4	0,2,10	0.0	11.67913818359375	0.6143761491764866
5311.0	12949.0	51.0	4.0	2.0	3	0	1.0	11.67913818359375	0.6312305287569777
5740.0	12951.0	20.0	4.0	2.0	3	0	1.0	11.67913818359375	0.8349151678619319
5749.0	12953.0	20.0	4.0	2.0	3	0	1.0	11.67913818359375	0.8349151678619319
975.0	12955.0	53.0	4.0	8.0	2,2,3,3,2,2,4	0,11,2,3,8,12,14	1.0	11.67913818359375	0.6199436700252451
5714.0	12957.0	21.0	3.0	2.0	2	0	1.0	11.67913818359375	0.8274170550030222
1218.0	12959.0	17.0	4.0	11.0	2,1,2,2,2,3,1,4,1,2	0,1,2,3,5,7,17,4,29,1	1.0	11.67913818359375	0.8578196656610677
5326.0	12961.0	43.0	4.0	3.0	3,4	0,8	1.0	11.67913818359375	0.6784706332369898
5755.0	12963.0	20.0	4.0	2.0	3	0	1.0	11.67913818359375	0.8349151678619319
1487.0	12965.0	47.0	4.0	3.0	3,2	0,29	1.0	11.67913818359375	0.6544244620766146
5737.0	12966.0	20.0	4.0	2.0	3	0	1.0	11.67913818359375	0.8349151678619319
1986.0	12968.0	42.0	4.0	3.0	3,4	0,8	1.0	11.67913818359375	0.6846189829098743
1964.0	12970.0	43.0	4.0	3.0	3,4	0,8	1.0	11.67913818359375	0.6784706332369898
5719.0	12971.0	21.0	4.0	2.0	3	0	1.0	11.67913818359375	0.8274170550030222
5774.0	12973.0	19.0	4.0	2.0	2	0	1.0	11.67913818359375	0.842481229158821
5703.0	12975.0	22.0	4.0	2.0	3	0	1.0	11.67913818359375	0.8199862803583516
1947.0	12977.0	43.0	4.0	3.0	3,4	0,8	1.0	11.67913818359375	0.6784706332369898
1239.0	12978.0	17.0	1.0	8.0	2,1,4,4,2,1,1	0,3,1,5,19,39,1	0.0	11.67913818359375	0.8578196656610677
533.0	12979.0	163.0	4.0	3.0	3,4	0,46	1.0	11.67913818359375	0.22981859226799947
5724.0	12980.0	20.0	4.0	2.0	3	0	1.0	11.67913818359375	0.8349151678619319
2333.0	12983.0	21.0	3.0	3.0	2,3	0,1	1.0	11.67913818359375	0.8274170550030222
5312.0	12985.0	51.0	4.0	2.0	3	0	1.0	11.67913818359375	0.6312305287569777
2012.0	12986.0	41.0	4.0	3.0	3,4	0,8	1.0	11.67913818359375	0.6908230493696736
2343.0	12988.0	21.0	4.0	2.0	3	0	1.0	11.67913818359375	0.8274170550030222
5691.0	12989.0	22.0	3.0	2.0	3	0	1.0	11.67913818359375	0.8199862803583516
2341.0	12991.0	21.0	4.0	2.0	3	0	1.0	11.67913818359375	0.8274170550030222
1957.0	12992.0	43.0	3.0	3.0	3,4	0,8	1.0	11.67913818359375	0.6784706332369898
1515.0	12994.0	54.0	4.0	6.0	2,3,3,3,4	0,2,2,5,12	1.0	11.67913818359375	0.6143761491764866
5747.0	12995.0	20.0	4.0	2.0	3	0	1.0	11.67913818359375	0.8349151678619319
1833.0	12997.0	43.0	3.0	4.0	2,3,4	0,4,9	1.0	11.67913818359375	0.6784706332369898
1958.0	12998.0	43.0	4.0	3.0	3,4	0,8	1.0	11.67913818359375	0.6784706332369898
1709.0	13000.0	53.0	2.0	4.0	2,4,4	0,2,10	1.0	11.67913818359375	0.6199436700252451
497.0	13001.0	167.0	4.0	3.0	3,4	0,45	1.0	11.67913818359375	0.22167342439367754
708.0	13003.0	50.0	4.0	7.0	3,1,3,2,2,3	0,61,10,12,13,17	1.0	11.67913818359375	0.6369507852056338
5741.0	13004.0	20.0	4.0	2.0	3	0	1.0	11.67913818359375	0.8349151678619319
2340.0	13006.0	21.0	4.0	2.0	3	0	1.0	11.67913818359375	0.8274170550030222
2339.0	13008.0	21.0	4.0	2.0	3	0	1.0	11.67913818359375	0.8274170550030222
1262.0	13009.0	51.0	4.0	3.0	2,2	0,34	1.0	11.67913818359375	0.6312305287569777
2135.0	13011.0	22.0	3.0	3.0	3,2	0,21	1.0	11.67913818359375	0.8199862803583516
1959.0	13012.0	43.0	4.0	3.0	3,4	0,8	1.0	11.67913818359375	0.6784706332369898
5715.0	13014.0	21.0	4.0	2.0	3	0	1.0	11.67913818359375	0.8274170550030222
1994.0	13015.0	17.0	1.0	4.0	2,3,1	0,5,28	0.0	11.67913818359375	0.8578196656610677
879.0	13017.0	51.0	4.0	4.0	3,2,2	0,27,34	1.0	11.67913818359375	0.6312305287569777
2371.0	13018.0	20.0	4.0	2.0	3	0	1.0	11.67913818359375	0.8349151678619319
2336.0	13020.0	21.0	3.0	3.0	2,1	0,1	1.0	11.67913818359375	0.8274170550030222
2031.0	13022.0	41.0	4.0	3.0	3,4	0,7	1.0	11.67913818359375	0.6908230493696736
2338.0	13023.0	21.0	4.0	2.0	3	0	1.0	11.67913818359375	0.8274170550030222
2367.0	13025.0	21.0	3.0	2.0	2	0	1.0	11.67913818359375	0.8274170550030222
5743.0	13027.0	20.0	4.0	2.0	3	0	1.0	11.67913818359375	0.8349151678619319
2359.0	13028.0	21.0	2.0	2.0	2	0	1.0	11.67913818359375	0.8274170550030222
2372.0	13030.0	20.0	2.0	2.0	3	0	1.0	11.67913818359375	0.8349151678619319
2334.0	13031.0	21.0	1.0	3.0	2,3	0,1	0.0	11.67913818359375	0.8274170550030222
5039.0	13034.0	53.0	3.0	4.0	2,4,4	0,2,11	1.0	11.67913818359375	0.6199436700252451
5367.0	13036.0	42.0	4.0	3.0	3,4	0,7	1.0	11.67913818359375	0.6846189829098743
1991.0	13038.0	42.0	3.0	3.0	3,4	0,8	1.0	11.67913818359375	0.6846189829098743
5706.0	13039.0	22.0	4.0	2.0	3	0	1.0	11.67913818359375	0.8199862803583516
2191.0	13041.0	22.0	3.0	3.0	2,2	0,19	1.0	11.67913818359375	0.8199862803583516
5710.0	13042.0	21.0	4.0	2.0	3	0	1.0	11.67913818359375	0.8274170550030222
2388.0	13043.0	19.0	3.0	2.0	3	0	1.0	11.67913818359375	0.842481229158821
2377.0	13044.0	20.0	3.0	2.0	3	0	1.0	11.67913818359375	0.8349151678619319
2375.0	13045.0	20.0	3.0	2.0	3	0	1.0	11.67913818359375	0.8349151678619319
2423.0	13049.0	18.0	3.0	2.0	2	0	1.0	11.67913818359375	0.8501158546473211
5720.0	13050.0	22.0	3.0	2.0	3	0	1.0	11.67913818359375	0.8199862803583516
2441.0	13051.0	18.0	3.0	2.0	2	0	1.0	11.67913818359375	0.8501158546473211
2433.0	13053.0	18.0	3.0	2.0	2	0	1.0	11.67913818359375	0.8501158546473211
5756.0	13054.0	21.0	3.0	2.0	3	0	1.0	11.67913818359375	0.8274170550030222
5731.0	13056.0	21.0	4.0	2.0	3	0	1.0	11.67913818359375	0.8274170550030222
5729.0	13057.0	21.0	4.0	2.0	3	0	1.0	11.67913818359375	0.8274170550030222
5351.0	13059.0	43.0	3.0	3.0	3,4	0,8	1.0	11.67913818359375	0.6784706332369898
2420.0	13060.0	18.0	1.0	2.0	2	0	0.0	11.67913818359375	0.8501158546473211
2348.0	13062.0	22.0	4.0	2.0	3	0	1.0	11.67913818359375	0.8199862803583516
2429.0	13064.0	18.0	3.0	2.0	2	0	1.0	11.67913818359375	0.8501158546473211
5748.0	13066.0	21.0	4.0	2.0	3	0	1.0	11.67913818359375	0.8274170550030222
4995.0	13068.0	54.0	4.0	6.0	2,2,3,4,4	0,1,2,2,10	1.0	11.67913818359375	0.6143761491764866
2352.0	13071.0	22.0	4.0	2.0	3	0	1.0	11.67913818359375	0.8199862803583516
5753.0	13073.0	21.0	3.0	2.0	3	0	1.0	11.67913818359375	0.8274170550030222
5770.0	13075.0	20.0	4.0	2.0	3	0	1.0	11.67913818359375	0.8349151678619319
5722.0	13077.0	21.0	4.0	2.0	3	0	1.0	11.67913818359375	0.8274170550030222
2427.0	13079.0	18.0	1.0	2.0	2	0	0.0	11.67913818359375	0.8501158546473211
2366.0	13081.0	22.0	4.0	2.0	2	0	1.0	11.67913818359375	0.8199862803583516
5348.0	13084.0	43.0	4.0	3.0	3,4	0,8	1.0	11.67913818359375	0.6784706332369898
5520.0	13087.0	24.0	3.0	3.0	2,2	0,19	1.0	11.67913818359375	0.8053243321686963
5711.0	13089.0	22.0	4.0	2.0	3	0	1.0	11.67913818359375	0.8199862803583516
2428.0	13091.0	18.0	3.0	2.0	2	0	1.0	11.67913818359375	0.8501158546473211
2425.0	13093.0	18.0	3.0	2.0	2	0	1.0	11.67913818359375	0.8501158546473211
5754.0	13095.0	21.0	3.0	2.0	3	0	1.0	11.67913818359375	0.8274170550030222
5057.0	13104.0	44.0	1.0	5.0	2,3,3,3	0,2,6,14	0.0	11.67913818359375	0.6723774999759252
1358.0	13105.0	17.0	3.0	7.0	2,4,4,2,1,2	0,2,6,20,35,1	1.0	11.67913818359375	0.8578196656610677
5750.0	13107.0	21.0	4.0	2.0	3	0	1.0	11.67913818359375	0.8274170550030222
5732.0	13108.0	21.0	4.0	2.0	3	0	1.0	11.67913818359375	0.8274170550030222
2410.0	13110.0	20.0	4.0	2.0	3	0	1.0	11.67913818359375	0.8349151678619319
2351.0	13111.0	22.0	4.0	2.0	3	0	1.0	11.67913818359375	0.8199862803583516
1508.0	13113.0	17.0	2.0	8.0	2,3,2,2,2,1,2	0,3,6,11,12,26,1	1.0	11.67913818359375	0.8578196656610677
5717.0	13116.0	22.0	4.0	2.0	3	0	1.0	11.67913818359375	0.8199862803583516
1566.0	13118.0	26.0	1.0	7.0	2,3,2,2,2,2	0,2,4,9,9,23	0.0	11.67913818359375	0.7909245502248251
5798.0	13119.0	18.0	4.0	3.0	2,2	0,1	1.0	11.67913818359375	0.8501158546473211
5762.0	13121.0	20.0	3.0	2.0	3	0	1.0	11.67913818359375	0.8349151678619319
2419.0	13122.0	18.0	1.0	2.0	2	0	0.0	11.67913818359375	0.8501158546473211
5723.0	13124.0	21.0	3.0	2.0	3	0	1.0	11.67913818359375	0.8274170550030222
1750.0	13125.0	17.0	4.0	3.0	2,1	0,48	1.0	11.67913818359375	0.8578196656610677
5800.0	13127.0	18.0	2.0	3.0	2,2	0,1	1.0	11.67913818359375	0.8501158546473211
2422.0	13129.0	18.0	4.0	2.0	2	0	1.0	11.67913818359375	0.8501158546473211
2393.0	13130.0	20.0	4.0	2.0	3	0	1.0	11.67913818359375	0.8349151678619319
1945.0	13132.0	26.0	1.0	4.0	1,3,2	0,4,23	0.0	11.67913818359375	0.7909245502248251
1457.0	13133.0	56.0	4.0	5.0	2,4,2,4	0,2,8,12	1.0	11.67913818359375	0.6033906589506637
5712.0	13135.0	22.0	3.0	2.0	3	0	1.0	11.67913818359375	0.8199862803583516
2424.0	13136.0	18.0	3.0	2.0	2	0	1.0	11.67913818359375	0.8501158546473211
1410.0	13138.0	48.0	3.0	7.0	2,3,3,2,2,4	0,2,3,6,10,10	1.0	11.67913818359375	0.6485472799829566
1656.0	13149.0	17.0	3.0	6.0	2,4,2,2,1	0,2,9,11,29	1.0	11.67913818359375	0.8578196656610677
5730.0	13150.0	21.0	4.0	2.0	3	0	1.0	11.67913818359375	0.8274170550030222
1710.0	13152.0	17.0	3.0	7.0	2,4,1,1,4,1	0,2,8,4,5,30	1.0	11.67913818359375	0.8578196656610677
5806.0	13154.0	18.0	3.0	2.0	2	0	1.0	11.67913818359375	0.8501158546473211
1703.0	13158.0	54.0	1.0	4.0	2,4,4	0,2,10	0.0	11.67913818359375	0.6143761491764866
5721.0	13160.0	22.0	4.0	2.0	3	0	1.0	11.67913818359375	0.8199862803583516
2379.0	13161.0	21.0	4.0	2.0	3	0	1.0	11.67913818359375	0.8274170550030222
5708.0	13163.0	22.0	4.0	2.0	2	0	1.0	11.67913818359375	0.8199862803583516
5766.0	13166.0	20.0	3.0	2.0	3	0	1.0	11.67913818359375	0.8349151678619319
1830.0	13167.0	45.0	2.0	4.0	2,3,4	0,4,8	1.0	11.67913818359375	0.6663390872452982
1387.0	13169.0	17.0	3.0	8.0	2,3,4,2,2,2,1	0,2,3,8,11,12,28	1.0	11.67913818359375	0.8578196656610677
2442.0	13170.0	18.0	1.0	2.0	2	0	0.0	11.67913818359375	0.8501158546473211
5738.0	13172.0	21.0	4.0	2.0	3	0	1.0	11.67913818359375	0.8274170550030222
1922.0	13173.0	17.0	4.0	5.0	2,4,1,2	0,4,31,1	1.0	11.67913818359375	0.8578196656610677
523.0	13178.0	45.0	3.0	9.0	3,2,1,2,4,4,3,2	0,42,64,11,2,4,13,29	1.0	11.67913818359375	0.6663390872452982
2412.0	13188.0	20.0	3.0	2.0	3	0	1.0	11.67913818359375	0.8349151678619319
5773.0	13190.0	20.0	2.0	2.0	3	0	1.0	11.67913818359375	0.8349151678619319
2185.0	13193.0	22.0	2.0	3.0	2,2	0,20	1.0	11.67913818359375	0.8199862803583516
5804.0	13194.0	18.0	3.0	2.0	2	0	1.0	11.67913818359375	0.8501158546473211
1688.0	13196.0	54.0	4.0	4.0	2,4,4	0,2,10	1.0	11.67913818359375	0.6143761491764866
1909.0	13197.0	17.0	2.0	5.0	2,4,1,2	0,4,31,1	1.0	11.67913818359375	0.8578196656610677
2445.0	13199.0	17.0	3.0	3.0	2,2	0,1	1.0	11.67913818359375	0.8578196656610677
2394.0	13200.0	20.0	3.0	2.0	2	0	1.0	11.67913818359375	0.8349151678619319
4604.0	13202.0	67.0	4.0	5.0	2,4,4,4	0,1,4,14	1.0	11.67913818359375	0.5463889096076512
2066.0	13204.0	24.0	2.0	3.0	3,2	0,23	1.0	11.67913818359375	0.8053243321686963
2378.0	13205.0	21.0	3.0	2.0	2	0	1.0	11.67913818359375	0.8274170550030222
1764.0	13206.0	25.0	2.0	6.0	2,3,1,3,2	0,4,7,5,23	1.0	11.67913818359375	0.798091965380954
1160.0	13207.0	44.0	4.0	6.0	2,2,3,4,2	0,3,4,9,30	1.0	11.67913818359375	0.6723774999759252
2370.0	13208.0	21.0	4.0	2.0	3	0	1.0	11.67913818359375	0.8274170550030222
5739.0	13209.0	21.0	4.0	2.0	3	0	1.0	11.67913818359375	0.8274170550030222
2461.0	13210.0	17.0	2.0	2.0	2	0	1.0	11.67913818359375	0.8578196656610677
4892.0	13213.0	56.0	2.0	5.0	2,3,3,4	0,2,4,12	1.0	11.67913818359375	0.6033906589506637
2387.0	13214.0	21.0	3.0	2.0	2	0	1.0	11.67913818359375	0.8274170550030222
2472.0	13215.0	17.0	2.0	2.0	2	0	1.0	11.67913818359375	0.8578196656610677
2451.0	13216.0	17.0	2.0	3.0	2,2	0,1	1.0	11.67913818359375	0.8578196656610677
2450.0	13218.0	17.0	3.0	3.0	2,2	0,1	1.0	11.67913818359375	0.8578196656610677
2432.0	13219.0	18.0	1.0	2.0	2	0	0.0	11.67913818359375	0.8501158546473211
5757.0	13220.0	21.0	3.0	2.0	3	0	1.0	11.67913818359375	0.8274170550030222
2448.0	13221.0	17.0	4.0	3.0	2,2	0,1	1.0	11.67913818359375	0.8578196656610677
2452.0	13223.0	17.0	3.0	3.0	2,2	0,1	1.0	11.67913818359375	0.8578196656610677
2180.0	13224.0	22.0	4.0	3.0	2,2	0,20	1.0	11.67913818359375	0.8199862803583516
2414.0	13225.0	20.0	4.0	2.0	3	0	1.0	11.67913818359375	0.8349151678619319
2864.0	13226.0	1.0	2.0	2.0	1	0	1.0	11.67913818359375	0.9910193117246737
2854.0	13227.0	1.0	2.0	2.0	1	0	1.0	11.67913818359375	0.9910193117246737
2865.0	13228.0	1.0	2.0	2.0	2	0	1.0	11.67913818359375	0.9910193117246737
2867.0	13229.0	1.0	1.0	2.0	2	0	0.0	11.67913818359375	0.9910193117246737
2869.0	13230.0	1.0	2.0	2.0	2	0	1.0	11.67913818359375	0.9910193117246737
2871.0	13231.0	1.0	1.0	2.0	2	0	0.0	11.67913818359375	0.9910193117246737
2432.0	13232.0	1.0	1.0	3.0	2,1	0,18	0.0	11.67913818359375	0.9910193117246737
2872.0	13233.0	1.0	1.0	2.0	1	0	0.0	11.67913818359375	0.9910193117246737
5792.0	13238.0	20.0	3.0	2.0	3	0	1.0	11.67913818359375	0.8349151678619319
5778.0	13240.0	20.0	3.0	2.0	3	0	1.0	11.67913818359375	0.8349151678619319
2463.0	13241.0	18.0	1.0	2.0	2	0	0.0	11.67913818359375	0.8501158546473211
5726.0	13248.0	22.0	4.0	2.0	3	0	1.0	11.67913818359375	0.8199862803583516
5809.0	13249.0	18.0	3.0	2.0	2	0	1.0	11.67913818359375	0.8501158546473211
5794.0	13251.0	20.0	4.0	2.0	3	0	1.0	11.67913818359375	0.8349151678619319
2465.0	13252.0	18.0	1.0	2.0	1	0	0.0	11.67913818359375	0.8501158546473211
5746.0	13254.0	22.0	4.0	2.0	3	0	1.0	11.67913818359375	0.8199862803583516
5728.0	13255.0	22.0	4.0	2.0	3	0	1.0	11.67913818359375	0.8199862803583516
5813.0	13257.0	18.0	3.0	2.0	2	0	1.0	11.67913818359375	0.8501158546473211
2473.0	13258.0	18.0	3.0	2.0	2	0	1.0	11.67913818359375	0.8501158546473211
2456.0	13260.0	18.0	1.0	2.0	2	0	0.0	11.67913818359375	0.8501158546473211
5808.0	13261.0	18.0	3.0	2.0	2	0	1.0	11.67913818359375	0.8501158546473211
5759.0	13263.0	21.0	4.0	2.0	3	0	1.0	11.67913818359375	0.8274170550030222
5829.0	13264.0	18.0	3.0	2.0	2	0	1.0	11.67913818359375	0.8501158546473211
5788.0	13266.0	20.0	4.0	2.0	3	0	1.0	11.67913818359375	0.8349151678619319
5764.0	13267.0	21.0	4.0	2.0	3	0	1.0	11.67913818359375	0.8274170550030222
5811.0	13269.0	18.0	4.0	2.0	2	0	1.0	11.67913818359375	0.8501158546473211
5797.0	13270.0	20.0	3.0	2.0	3	0	1.0	11.67913818359375	0.8349151678619319
5812.0	13272.0	18.0	4.0	2.0	2	0	1.0	11.67913818359375	0.8501158546473211
5758.0	13278.0	21.0	3.0	2.0	3	0	1.0	11.67913818359375	0.8274170550030222
1178.0	13280.0	17.0	3.0	9.0	2,1,4,2,3,1,4,1	0,1,3,7,8,21,5,29	1.0	11.67913818359375	0.8578196656610677
898.0	13281.0	75.0	3.0	4.0	2,3,4	0,14,19	1.0	11.67913818359375	0.5083453040157061
2474.0	13283.0	18.0	2.0	2.0	2	0	1.0	11.67913818359375	0.8501158546473211
5790.0	13284.0	20.0	4.0	2.0	3	0	1.0	11.67913818359375	0.8349151678619319
5767.0	13286.0	21.0	3.0	2.0	3	0	1.0	11.67913818359375	0.8274170550030222
1596.0	13287.0	17.0	3.0	7.0	2,2,2,2,4,1	0,2,2,5,8,38	1.0	11.67913818359375	0.8578196656610677
2458.0	13289.0	18.0	1.0	2.0	2	0	0.0	11.67913818359375	0.8501158546473211
5810.0	13291.0	18.0	4.0	2.0	2	0	1.0	11.67913818359375	0.8501158546473211
2034.0	13293.0	25.0	1.0	4.0	2,2,2	0,5,20	0.0	11.67913818359375	0.798091965380954
1743.0	13294.0	17.0	2.0	3.0	2,1	0,49	1.0	11.67913818359375	0.8578196656610677
5831.0	13297.0	18.0	3.0	2.0	2	0	1.0	11.67913818359375	0.8501158546473211
2402.0	13298.0	21.0	3.0	2.0	3	0	1.0	11.67913818359375	0.8274170550030222
2444.0	13301.0	19.0	4.0	2.0	3	0	1.0	11.67913818359375	0.842481229158821
2398.0	13302.0	21.0	4.0	2.0	3	0	1.0	11.67913818359375	0.8274170550030222
3890.0	13304.0	165.0	4.0	3.0	3,4	0,47	1.0	11.67913818359375	0.22570926949813513
897.0	13305.0	82.0	3.0	3.0	3,3	0,26	1.0	11.67913818359375	0.4772364855404145
2482.0	13307.0	17.0	1.0	2.0	2	0	0.0	11.67913818359375	0.8578196656610677
5742.0	13309.0	22.0	4.0	2.0	3	0	1.0	11.67913818359375	0.8199862803583516
2460.0	13310.0	18.0	2.0	2.0	1	0	1.0	11.67913818359375	0.8501158546473211
2436.0	13312.0	19.0	4.0	2.0	3	0	1.0	11.67913818359375	0.842481229158821
1299.0	13313.0	17.0	3.0	6.0	2,3,4,3,1	0,2,4,12,51	1.0	11.67913818359375	0.8578196656610677
2484.0	13315.0	17.0	4.0	2.0	2	0	1.0	11.67913818359375	0.8578196656610677
2158.0	13316.0	23.0	2.0	3.0	2,2	0,22	1.0	11.67913818359375	0.812622239184409
1476.0	13318.0	61.0	3.0	4.0	2,4,4	0,3,14	1.0	11.67913818359375	0.5767786422273726
2449.0	13319.0	19.0	4.0	2.0	3	0	1.0	11.67913818359375	0.842481229158821
2406.0	13321.0	21.0	4.0	2.0	3	0	1.0	11.67913818359375	0.8274170550030222
2479.0	13322.0	17.0	4.0	2.0	2	0	1.0	11.67913818359375	0.8578196656610677
2498.0	13324.0	17.0	4.0	2.0	2	0	1.0	11.67913818359375	0.8578196656610677
1997.0	13326.0	25.0	2.0	4.0	2,2,2	0,6,20	1.0	11.67913818359375	0.798091965380954
2493.0	13327.0	17.0	4.0	2.0	2	0	1.0	11.67913818359375	0.8578196656610677
2392.0	13329.0	21.0	2.0	2.0	2	0	1.0	11.67913818359375	0.8274170550030222
5763.0	13330.0	21.0	4.0	2.0	3	0	1.0	11.67913818359375	0.8274170550030222
1511.0	13332.0	18.0	4.0	10.0	2,2,2,1,2,4,1,4,1	0,2,2,5,1,2,11,5,31	1.0	11.67913818359375	0.8501158546473211
5718.0	13333.0	23.0	4.0	2.0	3	0	1.0	11.67913818359375	0.812622239184409
2182.0	13335.0	23.0	4.0	3.0	2,2	0,20	1.0	11.67913818359375	0.812622239184409
5727.0	13337.0	22.0	4.0	2.0	3	0	1.0	11.67913818359375	0.8199862803583516
5772.0	13338.0	21.0	4.0	2.0	3	0	1.0	11.67913818359375	0.8274170550030222
1011.0	13340.0	17.0	3.0	6.0	1,4,1,3,1	0,12,46,5,25	1.0	11.67913818359375	0.8578196656610677
513.0	13342.0	166.0	4.0	3.0	3,4	0,46	1.0	11.67913818359375	0.22368224490792077
2491.0	13345.0	17.0	3.0	2.0	1	0	1.0	11.67913818359375	0.8578196656610677
5776.0	13347.0	21.0	4.0	2.0	3	0	1.0	11.67913818359375	0.8274170550030222
2488.0	13348.0	17.0	4.0	2.0	2	0	1.0	11.67913818359375	0.8578196656610677
2446.0	13350.0	19.0	4.0	2.0	3	0	1.0	11.67913818359375	0.842481229158821
2358.0	13351.0	23.0	4.0	2.0	3	0	1.0	11.67913818359375	0.812622239184409
1304.0	13353.0	17.0	1.0	5.0	3,1,4,1	0,33,5,31	0.0	11.67913818359375	0.8578196656610677
2466.0	13354.0	18.0	3.0	2.0	1	0	1.0	11.67913818359375	0.8501158546473211
2486.0	13356.0	17.0	2.0	2.0	2	0	1.0	11.67913818359375	0.8578196656610677
1147.0	13357.0	65.0	2.0	5.0	2,4,4,3	0,2,6,19	1.0	11.67913818359375	0.5563366108803747
2492.0	13359.0	17.0	3.0	2.0	2	0	1.0	11.67913818359375	0.8578196656610677
2495.0	13360.0	17.0	1.0	2.0	2	0	0.0	11.67913818359375	0.8578196656610677
1682.0	13362.0	17.0	3.0	3.0	2,1	0,51	1.0	11.67913818359375	0.8578196656610677
5846.0	13364.0	17.0	4.0	2.0	2	0	1.0	11.67913818359375	0.8578196656610677
5323.0	13367.0	44.0	4.0	3.0	3,4	0,9	1.0	11.67913818359375	0.6723774999759252
5779.0	13368.0	20.0	4.0	2.0	3	0	1.0	11.67913818359375	0.8349151678619319
5324.0	13370.0	45.0	4.0	3.0	3,4	0,8	1.0	11.67913818359375	0.6663390872452982
2496.0	13371.0	17.0	2.0	2.0	2	0	1.0	11.67913818359375	0.8578196656610677
761.0	13373.0	54.0	1.0	12.0	1,1,2,1,2,2,1,4,4,3,4	0,3,1,42,19,6,7,1,3,8,16	0.0	11.67913818359375	0.6143761491764866
2462.0	13375.0	18.0	3.0	2.0	2	0	1.0	11.67913818359375	0.8501158546473211
2485.0	13378.0	17.0	2.0	2.0	2	0	1.0	11.67913818359375	0.8578196656610677
2497.0	13379.0	17.0	2.0	2.0	2	0	1.0	11.67913818359375	0.8578196656610677
3887.0	13381.0	165.0	4.0	3.0	3,4	0,47	1.0	11.67913818359375	0.22570926949813513
5802.0	13382.0	20.0	4.0	2.0	3	0	1.0	11.67913818359375	0.8349151678619319
5771.0	13384.0	21.0	4.0	2.0	3	0	1.0	11.67913818359375	0.8274170550030222
5768.0	13386.0	21.0	4.0	2.0	3	0	1.0	11.67913818359375	0.8274170550030222
5375.0	13388.0	42.0	4.0	3.0	3,4	0,9	1.0	11.67913818359375	0.6846189829098743
520.0	13389.0	165.0	4.0	3.0	3,4	0,46	1.0	11.67913818359375	0.22570926949813513
5011.0	13392.0	55.0	3.0	4.0	2,4,4	0,2,11	1.0	11.67913818359375	0.6088586284969373
5830.0	13394.0	18.0	4.0	2.0	2	0	1.0	11.67913818359375	0.8501158546473211
5760.0	13395.0	21.0	4.0	2.0	3	0	1.0	11.67913818359375	0.8274170550030222
4797.0	13397.0	26.0	2.0	8.0	2,4,2,3,1,3,2	0,1,4,5,15,5,23	1.0	11.67913818359375	0.7909245502248251
5777.0	13400.0	20.0	4.0	2.0	3	0	1.0	11.67913818359375	0.8349151678619319
5801.0	13401.0	20.0	4.0	2.0	3	0	1.0	11.67913818359375	0.8349151678619319
5092.0	13403.0	54.0	4.0	4.0	2,4,4	0,2,10	1.0	11.67913818359375	0.6143761491764866
5840.0	13404.0	17.0	3.0	2.0	2	0	1.0	11.67913818359375	0.8578196656610677
2475.0	13407.0	18.0	1.0	2.0	2	0	0.0	11.67913818359375	0.8501158546473211
2487.0	13409.0	17.0	3.0	2.0	2	0	1.0	11.67913818359375	0.8578196656610677
2494.0	13410.0	17.0	1.0	2.0	2	0	0.0	11.67913818359375	0.8578196656610677
5751.0	13412.0	22.0	4.0	2.0	3	0	1.0	11.67913818359375	0.8199862803583516
1360.0	13413.0	57.0	1.0	5.0	2,4,4,3	0,2,5,18	0.0	11.67913818359375	0.5979717955343841
5382.0	13415.0	25.0	2.0	4.0	1,2,2	0,6,20	1.0	11.67913818359375	0.798091965380954
5099.0	13416.0	17.0	1.0	3.0	3,1	0,49	0.0	11.67913818359375	0.8578196656610677
5761.0	13418.0	21.0	3.0	2.0	3	0	1.0	11.67913818359375	0.8274170550030222
2409.0	13421.0	21.0	4.0	2.0	3	0	1.0	11.67913818359375	0.8274170550030222
5784.0	13424.0	20.0	3.0	2.0	2	0	1.0	11.67913818359375	0.8349151678619319
2469.0	13426.0	18.0	1.0	2.0	1	0	0.0	11.67913818359375	0.8501158546473211
2454.0	13427.0	18.0	3.0	3.0	2,1	0,1	1.0	11.67913818359375	0.8501158546473211
5807.0	13428.0	19.0	3.0	2.0	3	0	1.0	11.67913818359375	0.842481229158821
5734.0	13429.0	22.0	4.0	2.0	3	0	1.0	11.67913818359375	0.8199862803583516
1916.0	13431.0	17.0	3.0	4.0	2,4,1	0,4,33	1.0	11.67913818359375	0.8578196656610677
5859.0	13432.0	17.0	3.0	2.0	2	0	1.0	11.67913818359375	0.8578196656610677
5860.0	13433.0	17.0	4.0	2.0	2	0	1.0	11.67913818359375	0.8578196656610677
5787.0	13484.0	21.0	4.0	2.0	3	0	1.0	11.67913818359375	0.8274170550030222
5345.0	13485.0	45.0	4.0	3.0	3,4	0,8	1.0	11.67913818359375	0.6663390872452982
5791.0	13486.0	21.0	4.0	2.0	3	0	1.0	11.67913818359375	0.8274170550030222
2421.0	13487.0	20.0	4.0	2.0	3	0	1.0	11.67913818359375	0.8349151678619319
5795.0	13488.0	21.0	4.0	2.0	3	0	1.0	11.67913818359375	0.8274170550030222
5799.0	13490.0	21.0	3.0	2.0	3	0	1.0	11.67913818359375	0.8274170550030222
5780.0	13492.0	21.0	4.0	2.0	3	0	1.0	11.67913818359375	0.8274170550030222
2453.0	13494.0	20.0	3.0	2.0	3	0	1.0	11.67913818359375	0.8349151678619319
2401.0	13495.0	22.0	4.0	2.0	3	0	1.0	11.67913818359375	0.8199862803583516
1949.0	13496.0	17.0	4.0	4.0	2,4,1	0,5,32	1.0	11.67913818359375	0.8578196656610677
5847.0	13498.0	18.0	3.0	2.0	2	0	1.0	11.67913818359375	0.8501158546473211
5793.0	13500.0	21.0	4.0	2.0	3	0	1.0	11.67913818359375	0.8274170550030222
1642.0	13502.0	55.0	4.0	5.0	2,3,3,4	0,2,2,11	1.0	11.67913818359375	0.6088586284969373
2500.0	13503.0	17.0	1.0	2.0	2	0	0.0	11.67913818359375	0.8578196656610677
531.0	13504.0	166.0	4.0	3.0	3,4	0,46	1.0	11.67913818359375	0.22368224490792077
1978.0	13506.0	44.0	4.0	3.0	3,4	0,9	1.0	11.67913818359375	0.6723774999759252
5782.0	13507.0	21.0	4.0	2.0	3	0	1.0	11.67913818359375	0.8274170550030222
2443.0	13508.0	20.0	4.0	2.0	3	0	1.0	11.67913818359375	0.8349151678619319
5849.0	13510.0	18.0	4.0	2.0	2	0	1.0	11.67913818359375	0.8501158546473211
2502.0	13511.0	17.0	1.0	2.0	2	0	0.0	11.67913818359375	0.8578196656610677
1121.0	13512.0	70.0	4.0	5.0	2,4,4,3	0,1,5,18	1.0	11.67913818359375	0.531799871749751
5836.0	13514.0	19.0	4.0	2.0	3	0	1.0	11.67913818359375	0.842481229158821
5854.0	13516.0	18.0	4.0	2.0	2	0	1.0	11.67913818359375	0.8501158546473211
5851.0	13517.0	18.0	1.0	2.0	2	0	0.0	11.67913818359375	0.8501158546473211
5858.0	13518.0	18.0	3.0	2.0	2	0	1.0	11.67913818359375	0.8501158546473211
1283.0	13519.0	67.0	3.0	5.0	2,4,4,4	0,1,4,15	1.0	11.67913818359375	0.5463889096076512
5874.0	13521.0	17.0	4.0	2.0	2	0	1.0	11.67913818359375	0.8578196656610677
5803.0	13522.0	21.0	4.0	2.0	3	0	1.0	11.67913818359375	0.8274170550030222
5781.0	13523.0	21.0	4.0	2.0	3	0	1.0	11.67913818359375	0.8274170550030222
982.0	13526.0	75.0	1.0	4.0	1,3,4	0,13,18	0.0	11.67913818359375	0.5083453040157061
1085.0	13528.0	73.0	2.0	5.0	2,4,4,4	0,2,5,15	1.0	11.67913818359375	0.5176003733240696
2437.0	13529.0	20.0	4.0	2.0	3	0	1.0	11.67913818359375	0.8349151678619319
1530.0	13530.0	46.0	4.0	3.0	3,2	0,32	1.0	11.67913818359375	0.6603549036170828
5838.0	13533.0	19.0	4.0	2.0	3	0	1.0	11.67913818359375	0.842481229158821
5852.0	13534.0	18.0	3.0	2.0	2	0	1.0	11.67913818359375	0.8501158546473211
5805.0	13535.0	20.0	4.0	2.0	3	0	1.0	11.67913818359375	0.8349151678619319
1096.0	13537.0	17.0	2.0	11.0	2,2,3,2,2,3,2,1,4,1	0,1,2,3,7,6,10,14,5,30	1.0	11.67913818359375	0.8578196656610677
2430.0	13539.0	20.0	3.0	2.0	2	0	1.0	11.67913818359375	0.8349151678619319
5786.0	13542.0	21.0	4.0	2.0	3	0	1.0	11.67913818359375	0.8274170550030222
5883.0	13543.0	17.0	3.0	2.0	2	0	1.0	11.67913818359375	0.8578196656610677
4820.0	13544.0	61.0	4.0	5.0	2,3,4,4	0,2,3,14	1.0	11.67913818359375	0.5767786422273726
5816.0	13545.0	19.0	4.0	2.0	3	0	1.0	11.67913818359375	0.842481229158821
2464.0	13551.0	19.0	4.0	2.0	3	0	1.0	11.67913818359375	0.842481229158821
2124.0	13552.0	24.0	4.0	3.0	2,2	0,22	1.0	11.67913818359375	0.8053243321686963
1722.0	13553.0	45.0	4.0	5.0	2,3,3,3	0,2,7,13	1.0	11.67913818359375	0.6663390872452982
2434.0	13556.0	20.0	4.0	2.0	3	0	1.0	11.67913818359375	0.8349151678619319
2489.0	13558.0	18.0	4.0	2.0	3	0	1.0	11.67913818359375	0.8501158546473211
2091.0	13560.0	33.0	2.0	3.0	2,3	0,15	1.0	11.67913818359375	0.7425229459093547
510.0	13561.0	165.0	4.0	3.0	3,4	0,48	1.0	11.67913818359375	0.22570926949813513
2455.0	13566.0	20.0	4.0	2.0	3	0	1.0	11.67913818359375	0.8349151678619319
2514.0	13568.0	16.0	1.0	2.0	2	0	0.0	11.67913818359375	0.8655932891642663
2470.0	13569.0	19.0	3.0	2.0	3	0	1.0	11.67913818359375	0.842481229158821
5395.0	13570.0	43.0	4.0	3.0	3,4	0,8	1.0	11.67913818359375	0.6784706332369898
5815.0	13572.0	19.0	4.0	2.0	3	0	1.0	11.67913818359375	0.842481229158821
2478.0	13573.0	18.0	4.0	2.0	3	0	1.0	11.67913818359375	0.8501158546473211
1894.0	13574.0	28.0	2.0	5.0	2,2,3,2	0,1,4,24	1.0	11.67913818359375	0.7767822468045106
1857.0	13576.0	45.0	4.0	4.0	2,3,4	0,5,9	1.0	11.67913818359375	0.6663390872452982
5441.0	13577.0	35.0	3.0	3.0	2,3	0,14	1.0	11.67913818359375	0.7292460982067378
5383.0	13578.0	43.0	4.0	3.0	3,4	0,9	1.0	11.67913818359375	0.6784706332369898
878.0	13579.0	58.0	4.0	9.0	2,1,1,3,2,4,2,4	0,19,2,1,4,4,11,16	1.0	11.67913818359375	0.5926015972412526
2505.0	13581.0	16.0	1.0	3.0	1,2	0,1	0.0	11.67913818359375	0.8655932891642663
5871.0	13582.0	17.0	4.0	2.0	2	0	1.0	11.67913818359375	0.8578196656610677
2137.0	13583.0	24.0	4.0	3.0	2,2	0,22	1.0	11.67913818359375	0.8053243321686963
5833.0	13586.0	19.0	4.0	2.0	3	0	1.0	11.67913818359375	0.842481229158821
5789.0	13587.0	21.0	4.0	2.0	3	0	1.0	11.67913818359375	0.8274170550030222
5783.0	13588.0	21.0	4.0	2.0	3	0	1.0	11.67913818359375	0.8274170550030222
5796.0	13590.0	21.0	4.0	2.0	3	0	1.0	11.67913818359375	0.8274170550030222
1437.0	13591.0	61.0	3.0	6.0	2,1,3,4,4	0,1,2,3,14	1.0	11.67913818359375	0.5767786422273726
5864.0	13592.0	18.0	3.0	2.0	3	0	1.0	11.67913818359375	0.8501158546473211
2499.0	13594.0	17.0	4.0	2.0	2	0	1.0	11.67913818359375	0.8578196656610677
2513.0	13595.0	16.0	4.0	2.0	2	0	1.0	11.67913818359375	0.8655932891642663
5818.0	13596.0	19.0	4.0	2.0	3	0	1.0	11.67913818359375	0.842481229158821
1187.0	13597.0	56.0	3.0	6.0	2,4,3,2,3	0,1,4,12,18	1.0	11.67913818359375	0.6033906589506637
1137.0	13599.0	69.0	4.0	5.0	2,4,4,3	0,1,5,19	1.0	11.67913818359375	0.5366190804337184
5880.0	13600.0	17.0	4.0	2.0	2	0	1.0	11.67913818359375	0.8578196656610677
5822.0	13601.0	19.0	4.0	2.0	3	0	1.0	11.67913818359375	0.842481229158821
5884.0	13603.0	17.0	3.0	2.0	2	0	1.0	11.67913818359375	0.8578196656610677
2483.0	13604.0	18.0	4.0	2.0	3	0	1.0	11.67913818359375	0.8501158546473211
1724.0	13605.0	23.0	4.0	8.0	2,3,2,1,2,3,2	0,2,7,8,1,4,22	1.0	11.67913818359375	0.812622239184409
5834.0	13606.0	18.0	4.0	2.0	3	0	1.0	11.67913818359375	0.8501158546473211
5785.0	13608.0	21.0	4.0	2.0	3	0	1.0	11.67913818359375	0.8274170550030222
4587.0	13609.0	68.0	4.0	5.0	2,3,4,4	0,1,5,15	1.0	11.67913818359375	0.5414819611333695
2471.0	13610.0	19.0	4.0	2.0	3	0	1.0	11.67913818359375	0.842481229158821
504.0	13612.0	83.0	2.0	8.0	3,1,2,4,2,2,4	0,44,3,2,7,49,26	1.0	11.67913818359375	0.47295057343016383
2503.0	13613.0	16.0	2.0	3.0	1,2	0,1	1.0	11.67913818359375	0.8655932891642663
5363.0	13614.0	44.0	4.0	3.0	3,4	0,8	1.0	11.67913818359375	0.6723774999759252
1980.0	13616.0	44.0	4.0	3.0	3,4	0,9	1.0	11.67913818359375	0.6723774999759252
5821.0	13617.0	19.0	4.0	2.0	3	0	1.0	11.67913818359375	0.842481229158821
511.0	13618.0	166.0	4.0	3.0	3,4	0,47	1.0	11.67913818359375	0.22368224490792077
5825.0	13620.0	19.0	4.0	2.0	3	0	1.0	11.67913818359375	0.842481229158821
2399.0	13621.0	22.0	4.0	2.0	3	0	1.0	11.67913818359375	0.8199862803583516
1416.0	13623.0	47.0	4.0	3.0	3,2	0,34	1.0	11.67913818359375	0.6544244620766146
5820.0	13624.0	19.0	4.0	2.0	3	0	1.0	11.67913818359375	0.842481229158821
5453.0	13625.0	32.0	4.0	3.0	2,3	0,16	1.0	11.67913818359375	0.749251742246213
1023.0	13626.0	57.0	4.0	4.0	2,4,2	0,11,38	1.0	11.67913818359375	0.5979717955343841
2481.0	13628.0	18.0	4.0	2.0	2	0	1.0	11.67913818359375	0.8501158546473211
2476.0	13629.0	18.0	4.0	2.0	3	0	1.0	11.67913818359375	0.8501158546473211
2148.0	13630.0	24.0	4.0	3.0	3,2	0,22	1.0	11.67913818359375	0.8053243321686963
2186.0	13631.0	22.0	4.0	3.0	2,2	0,22	1.0	11.67913818359375	0.8199862803583516
2509.0	13632.0	16.0	3.0	2.0	2	0	1.0	11.67913818359375	0.8655932891642663
2439.0	13633.0	20.0	4.0	2.0	2	0	1.0	11.67913818359375	0.8349151678619319
1835.0	13635.0	14.0	4.0	5.0	2,3,1,1	0,5,21,19	1.0	11.67913818359375	0.8813525099553019
5843.0	13636.0	18.0	4.0	2.0	3	0	1.0	11.67913818359375	0.8501158546473211
1775.0	13637.0	16.0	4.0	4.0	3,1,2	0,47,1	1.0	11.67913818359375	0.8655932891642663
5814.0	13639.0	19.0	4.0	2.0	3	0	1.0	11.67913818359375	0.842481229158821
1572.0	13640.0	14.0	4.0	7.0	2,1,2,4,4,1	0,2,3,2,8,46	1.0	11.67913818359375	0.8813525099553019
5856.0	13642.0	18.0	4.0	2.0	3	0	1.0	11.67913818359375	0.8501158546473211
5817.0	13643.0	19.0	4.0	2.0	3	0	1.0	11.67913818359375	0.842481229158821
525.0	13644.0	166.0	4.0	3.0	3,4	0,46	1.0	11.67913818359375	0.22368224490792077
5839.0	13645.0	18.0	4.0	2.0	3	0	1.0	11.67913818359375	0.8501158546473211
5857.0	13647.0	18.0	4.0	2.0	3	0	1.0	11.67913818359375	0.8501158546473211
2506.0	13648.0	16.0	4.0	3.0	2,2	0,1	1.0	11.67913818359375	0.8655932891642663
1220.0	13650.0	25.0	4.0	6.0	2,3,1,3,2	0,1,35,5,23	1.0	11.67913818359375	0.798091965380954
5855.0	13651.0	18.0	4.0	2.0	3	0	1.0	11.67913818359375	0.8501158546473211
5835.0	13652.0	19.0	4.0	2.0	3	0	1.0	11.67913818359375	0.842481229158821
5824.0	13654.0	19.0	4.0	2.0	3	0	1.0	11.67913818359375	0.842481229158821
5866.0	13655.0	17.0	4.0	2.0	3	0	1.0	11.67913818359375	0.8578196656610677
2459.0	13656.0	19.0	4.0	2.0	3	0	1.0	11.67913818359375	0.842481229158821
1663.0	13657.0	14.0	4.0	5.0	2,2,4,1	0,2,8,45	1.0	11.67913818359375	0.8813525099553019
1647.0	13659.0	45.0	4.0	6.0	2,3,3,3,3	0,2,2,7,14	1.0	11.67913818359375	0.6663390872452982
547.0	13660.0	28.0	1.0	17.0	3,1,1,2,1,4,1,2,2,1,2,2,2,2,2,2	0,42,3,1,5,1,45,19,5,6,2,3,5,7,12,28	0.0	11.67913818359375	0.7767822468045106
855.0	13661.0	54.0	4.0	6.0	1,2,2,2,3	0,48,15,18,22	1.0	11.67913818359375	0.6143761491764866
2542.0	13663.0	14.0	3.0	2.0	1	0	1.0	11.67913818359375	0.8813525099553019
5088.0	13664.0	52.0	4.0	4.0	2,4,4	0,3,12	1.0	11.67913818359375	0.6255616441483419
2504.0	13665.0	17.0	4.0	2.0	3	0	1.0	11.67913818359375	0.8578196656610677
5462.0	13666.0	32.0	4.0	3.0	2,3	0,16	1.0	11.67913818359375	0.749251742246213
2565.0	13668.0	14.0	1.0	2.0	1	0	0.0	11.67913818359375	0.8813525099553019
2549.0	13669.0	14.0	4.0	2.0	1	0	1.0	11.67913818359375	0.8813525099553019
2528.0	13670.0	14.0	1.0	2.0	2	0	0.0	11.67913818359375	0.8813525099553019
2556.0	13671.0	14.0	4.0	2.0	2	0	1.0	11.67913818359375	0.8813525099553019
5863.0	13673.0	18.0	4.0	2.0	3	0	1.0	11.67913818359375	0.8501158546473211
2573.0	13674.0	14.0	3.0	2.0	2	0	1.0	11.67913818359375	0.8813525099553019
2560.0	13676.0	14.0	4.0	2.0	2	0	1.0	11.67913818359375	0.8813525099553019
2537.0	13677.0	14.0	2.0	2.0	2	0	1.0	11.67913818359375	0.8813525099553019
1863.0	13678.0	26.0	3.0	5.0	2,1,3,2	0,4,5,23	1.0	11.67913818359375	0.7909245502248251
2522.0	13679.0	14.0	4.0	2.0	2	0	1.0	11.67913818359375	0.8813525099553019
2570.0	13681.0	14.0	4.0	2.0	2	0	1.0	11.67913818359375	0.8813525099553019
2501.0	13682.0	17.0	4.0	2.0	3	0	1.0	11.67913818359375	0.8578196656610677
2543.0	13683.0	14.0	4.0	2.0	2	0	1.0	11.67913818359375	0.8813525099553019
2204.0	13685.0	14.0	1.0	3.0	2,1	0,21	0.0	11.67913818359375	0.8813525099553019
2526.0	13686.0	14.0	3.0	2.0	2	0	1.0	11.67913818359375	0.8813525099553019
2564.0	13688.0	14.0	4.0	2.0	2	0	1.0	11.67913818359375	0.8813525099553019
2533.0	13690.0	14.0	4.0	2.0	2	0	1.0	11.67913818359375	0.8813525099553019
890.0	13691.0	46.0	4.0	4.0	3,2,2	0,29,34	1.0	11.67913818359375	0.6603549036170828
2546.0	13692.0	14.0	1.0	2.0	1	0	0.0	11.67913818359375	0.8813525099553019
2490.0	13693.0	18.0	4.0	2.0	3	0	1.0	11.67913818359375	0.8501158546473211
5841.0	13695.0	18.0	4.0	2.0	3	0	1.0	11.67913818359375	0.8501158546473211
5862.0	13696.0	18.0	4.0	2.0	3	0	1.0	11.67913818359375	0.8501158546473211
2541.0	13697.0	14.0	3.0	2.0	2	0	1.0	11.67913818359375	0.8813525099553019
2567.0	13698.0	14.0	1.0	2.0	2	0	0.0	11.67913818359375	0.8813525099553019
2566.0	13699.0	14.0	4.0	2.0	2	0	1.0	11.67913818359375	0.8813525099553019
2575.0	13700.0	14.0	3.0	2.0	2	0	1.0	11.67913818359375	0.8813525099553019
2535.0	13702.0	14.0	4.0	2.0	1	0	1.0	11.67913818359375	0.8813525099553019
2512.0	13704.0	16.0	2.0	2.0	2	0	1.0	11.67913818359375	0.8655932891642663
2559.0	13707.0	14.0	2.0	2.0	1	0	1.0	11.67913818359375	0.8813525099553019
1003.0	13709.0	56.0	1.0	4.0	1,4,2	0,11,39	0.0	11.67913818359375	0.6033906589506637
2572.0	13710.0	14.0	1.0	2.0	2	0	0.0	11.67913818359375	0.8813525099553019
1975.0	13712.0	44.0	4.0	3.0	3,4	0,9	1.0	11.67913818359375	0.6723774999759252
2207.0	13713.0	14.0	4.0	3.0	3,1	0,21	1.0	11.67913818359375	0.8813525099553019
1861.0	13714.0	14.0	1.0	6.0	2,1,1,1,1	0,4,6,15,19	0.0	11.67913818359375	0.8813525099553019
2569.0	13715.0	14.0	4.0	2.0	1	0	1.0	11.67913818359375	0.8813525099553019
2540.0	13717.0	14.0	4.0	2.0	2	0	1.0	11.67913818359375	0.8813525099553019
1967.0	13718.0	14.0	2.0	5.0	2,2,1,1	0,5,16,19	1.0	11.67913818359375	0.8813525099553019
2568.0	13719.0	14.0	4.0	2.0	2	0	1.0	11.67913818359375	0.8813525099553019
2558.0	13720.0	14.0	4.0	2.0	2	0	1.0	11.67913818359375	0.8813525099553019
2205.0	13722.0	14.0	3.0	3.0	2,1	0,21	1.0	11.67913818359375	0.8813525099553019
2561.0	13723.0	14.0	4.0	2.0	1	0	1.0	11.67913818359375	0.8813525099553019
1294.0	13724.0	45.0	1.0	9.0	2,2,2,2,2,2,2,4	0,1,2,3,5,6,12,13	0.0	11.67913818359375	0.6663390872452982
2527.0	13726.0	14.0	2.0	2.0	2	0	1.0	11.67913818359375	0.8813525099553019
2555.0	13727.0	14.0	3.0	2.0	1	0	1.0	11.67913818359375	0.8813525099553019
2480.0	13730.0	18.0	4.0	2.0	3	0	1.0	11.67913818359375	0.8501158546473211
2553.0	13731.0	14.0	2.0	2.0	2	0	1.0	11.67913818359375	0.8813525099553019
2517.0	13732.0	14.0	1.0	3.0	1,1	0,2	0.0	11.67913818359375	0.8813525099553019
2529.0	13734.0	14.0	4.0	2.0	2	0	1.0	11.67913818359375	0.8813525099553019
1853.0	13735.0	14.0	1.0	3.0	2,1	0,45	0.0	11.67913818359375	0.8813525099553019
2457.0	13737.0	19.0	4.0	2.0	2	0	1.0	11.67913818359375	0.842481229158821
2574.0	13738.0	14.0	1.0	2.0	1	0	0.0	11.67913818359375	0.8813525099553019
544.0	13756.0	166.0	4.0	3.0	3,4	0,47	1.0	11.67913818359375	0.22368224490792077
4969.0	13757.0	15.0	4.0	5.0	2,4,3,1	0,3,13,43	1.0	11.67913818359375	0.873437357802717
5889.0	13758.0	17.0	3.0	2.0	3	0	1.0	11.67913818359375	0.8578196656610677
2431.0	13759.0	21.0	4.0	2.0	2	0	1.0	11.67913818359375	0.8274170550030222
950.0	13760.0	71.0	2.0	7.0	2,1,2,4,4,4	0,11,1,1,5,18	1.0	11.67913818359375	0.527023942876708
5574.0	13762.0	21.0	4.0	3.0	3,2	0,23	1.0	11.67913818359375	0.8274170550030222
886.0	13763.0	14.0	4.0	4.0	2,4,1	0,19,83	1.0	11.67913818359375	0.8813525099553019
530.0	13764.0	167.0	4.0	3.0	3,4	0,46	1.0	11.67913818359375	0.22167342439367754
5832.0	13765.0	20.0	4.0	2.0	3	0	1.0	11.67913818359375	0.8349151678619319
5870.0	13767.0	18.0	4.0	2.0	2	0	1.0	11.67913818359375	0.8501158546473211
5845.0	13768.0	19.0	4.0	2.0	3	0	1.0	11.67913818359375	0.842481229158821
4218.0	13769.0	86.0	3.0	3.0	3,3	0,30	1.0	11.67913818359375	0.4603224001650019
5867.0	13770.0	18.0	4.0	2.0	3	0	1.0	11.67913818359375	0.8501158546473211
5875.0	13772.0	18.0	4.0	2.0	3	0	1.0	11.67913818359375	0.8501158546473211
5364.0	13773.0	44.0	4.0	3.0	3,4	0,9	1.0	11.67913818359375	0.6723774999759252
5869.0	13774.0	18.0	4.0	2.0	3	0	1.0	11.67913818359375	0.8501158546473211
5900.0	13775.0	15.0	4.0	2.0	2	0	1.0	11.67913818359375	0.873437357802717
5828.0	13777.0	20.0	4.0	2.0	3	0	1.0	11.67913818359375	0.8349151678619319
5872.0	13778.0	18.0	4.0	2.0	3	0	1.0	11.67913818359375	0.8501158546473211
2467.0	13779.0	20.0	4.0	2.0	3	0	1.0	11.67913818359375	0.8349151678619319
5876.0	13780.0	18.0	4.0	2.0	3	0	1.0	11.67913818359375	0.8501158546473211
5902.0	13782.0	15.0	4.0	2.0	2	0	1.0	11.67913818359375	0.873437357802717
505.0	13783.0	167.0	4.0	3.0	3,4	0,48	1.0	11.67913818359375	0.22167342439367754
5850.0	13784.0	19.0	4.0	2.0	3	0	1.0	11.67913818359375	0.842481229158821
5853.0	13785.0	19.0	4.0	2.0	3	0	1.0	11.67913818359375	0.842481229158821
880.0	13787.0	14.0	3.0	10.0	1,3,1,2,2,1,1,2,1	0,19,28,1,6,8,5,13,22	1.0	11.67913818359375	0.8813525099553019
5861.0	13788.0	19.0	4.0	2.0	3	0	1.0	11.67913818359375	0.842481229158821
2468.0	13790.0	20.0	3.0	2.0	2	0	1.0	11.67913818359375	0.8349151678619319
5844.0	13791.0	20.0	4.0	2.0	3	0	1.0	11.67913818359375	0.8349151678619319
5826.0	13792.0	20.0	4.0	2.0	3	0	1.0	11.67913818359375	0.8349151678619319
514.0	13793.0	167.0	4.0	3.0	3,4	0,46	1.0	11.67913818359375	0.22167342439367754
5865.0	13795.0	18.0	4.0	2.0	3	0	1.0	11.67913818359375	0.8501158546473211
2477.0	13796.0	19.0	4.0	2.0	3	0	1.0	11.67913818359375	0.842481229158821
5837.0	13797.0	19.0	4.0	2.0	3	0	1.0	11.67913818359375	0.842481229158821
5901.0	13798.0	15.0	4.0	2.0	2	0	1.0	11.67913818359375	0.873437357802717
5894.0	13801.0	15.0	3.0	2.0	2	0	1.0	11.67913818359375	0.873437357802717
2426.0	13802.0	21.0	4.0	2.0	3	0	1.0	11.67913818359375	0.8274170550030222
5868.0	13803.0	18.0	4.0	2.0	3	0	1.0	11.67913818359375	0.8501158546473211
5886.0	13807.0	18.0	4.0	2.0	3	0	1.0	11.67913818359375	0.8501158546473211
5842.0	13808.0	20.0	4.0	2.0	3	0	1.0	11.67913818359375	0.8349151678619319
2447.0	13809.0	21.0	4.0	2.0	3	0	1.0	11.67913818359375	0.8274170550030222
5848.0	13810.0	19.0	4.0	2.0	3	0	1.0	11.67913818359375	0.842481229158821
5819.0	13812.0	20.0	4.0	2.0	3	0	1.0	11.67913818359375	0.8349151678619319
5823.0	13813.0	20.0	4.0	2.0	3	0	1.0	11.67913818359375	0.8349151678619319
3889.0	13814.0	167.0	4.0	3.0	3,4	0,47	1.0	11.67913818359375	0.22167342439367754
5924.0	13815.0	14.0	3.0	2.0	2	0	1.0	11.67913818359375	0.8813525099553019
5879.0	13817.0	18.0	4.0	2.0	3	0	1.0	11.67913818359375	0.8501158546473211
1483.0	13818.0	60.0	4.0	5.0	2,4,3,4	0,1,4,15	1.0	11.67913818359375	0.5820054517642075
5948.0	13819.0	14.0	3.0	2.0	2	0	1.0	11.67913818359375	0.8813525099553019
5944.0	13821.0	14.0	4.0	2.0	2	0	1.0	11.67913818359375	0.8813525099553019
5923.0	13822.0	14.0	3.0	2.0	2	0	1.0	11.67913818359375	0.8813525099553019
518.0	13823.0	13.0	4.0	4.0	3,4,1	0,42,158	1.0	11.67913818359375	0.8893393897859383
5885.0	13825.0	18.0	4.0	2.0	3	0	1.0	11.67913818359375	0.8501158546473211
1718.0	13826.0	28.0	4.0	5.0	2,4,2,2	0,2,10,28	1.0	11.67913818359375	0.7767822468045106
1022.0	13828.0	13.0	2.0	10.0	2,1,2,4,2,4,2,2,1	0,11,1,1,5,5,15,20,36	1.0	11.67913818359375	0.8893393897859383
4889.0	13829.0	58.0	4.0	5.0	2,4,3,4	0,1,5,13	1.0	11.67913818359375	0.5926015972412526
795.0	13830.0	13.0	1.0	15.0	1,1,1,2,2,2,2,2,2,2,2,1,2,1	0,59,8,1,2,3,3,3,6,6,9,13,13,23	0.0	11.67913818359375	0.8893393897859383
2117.0	13832.0	14.0	1.0	4.0	1,1,1	0,16,19	0.0	11.67913818359375	0.8813525099553019
5328.0	13834.0	46.0	3.0	3.0	3,4	0,9	1.0	11.67913818359375	0.6603549036170828
1733.0	13840.0	50.0	3.0	4.0	2,4,3	0,3,15	1.0	11.67913818359375	0.6369507852056338
5452.0	13841.0	33.0	3.0	3.0	2,3	0,16	1.0	11.67913818359375	0.7425229459093547
5917.0	13842.0	14.0	3.0	2.0	1	0	1.0	11.67913818359375	0.8813525099553019
1961.0	13843.0	14.0	1.0	4.0	1,4,1	0,6,35	0.0	11.67913818359375	0.8813525099553019
1856.0	13845.0	13.0	3.0	3.0	3,1	0,47	1.0	11.67913818359375	0.8893393897859383
5550.0	13846.0	23.0	3.0	3.0	3,2	0,23	1.0	11.67913818359375	0.812622239184409
1829.0	13847.0	13.0	4.0	3.0	2,1	0,47	1.0	11.67913818359375	0.8893393897859383
1621.0	13848.0	13.0	3.0	5.0	2,4,4,1	0,2,10,49	1.0	11.67913818359375	0.8893393897859383
2164.0	13850.0	24.0	3.0	3.0	3,2	0,23	1.0	11.67913818359375	0.8053243321686963
5877.0	13851.0	18.0	4.0	2.0	3	0	1.0	11.67913818359375	0.8501158546473211
5355.0	13852.0	36.0	4.0	3.0	3,3	0,18	1.0	11.67913818359375	0.722696966322745
5911.0	13854.0	14.0	3.0	2.0	2	0	1.0	11.67913818359375	0.8813525099553019
5521.0	13855.0	22.0	3.0	3.0	3,2	0,24	1.0	11.67913818359375	0.8199862803583516
5891.0	13856.0	17.0	4.0	2.0	3	0	1.0	11.67913818359375	0.8578196656610677
5950.0	13858.0	14.0	3.0	2.0	2	0	1.0	11.67913818359375	0.8813525099553019
2121.0	13859.0	14.0	1.0	4.0	1,1,1	0,16,19	0.0	11.67913818359375	0.8813525099553019
5906.0	13860.0	14.0	1.0	2.0	1	0	0.0	11.67913818359375	0.8813525099553019
2516.0	13861.0	17.0	4.0	2.0	3	0	1.0	11.67913818359375	0.8578196656610677
5915.0	13863.0	14.0	3.0	2.0	2	0	1.0	11.67913818359375	0.8813525099553019
1404.0	13864.0	32.0	1.0	11.0	2,1,1,2,2,1,3,3,4,2	0,1,2,1,3,3,2,3,8,29	0.0	11.67913818359375	0.749251742246213
5878.0	13865.0	18.0	4.0	2.0	3	0	1.0	11.67913818359375	0.8501158546473211
2515.0	13867.0	17.0	4.0	2.0	3	0	1.0	11.67913818359375	0.8578196656610677
529.0	13868.0	167.0	4.0	3.0	3,4	0,46	1.0	11.67913818359375	0.22167342439367754
1819.0	13869.0	13.0	4.0	3.0	3,1	0,48	1.0	11.67913818359375	0.8893393897859383
1024.0	13870.0	71.0	4.0	7.0	2,1,2,4,4,4	0,11,1,1,5,18	1.0	11.67913818359375	0.527023942876708
5881.0	13872.0	18.0	3.0	2.0	3	0	1.0	11.67913818359375	0.8501158546473211
2519.0	13873.0	17.0	4.0	2.0	3	0	1.0	11.67913818359375	0.8578196656610677
2520.0	13874.0	17.0	4.0	2.0	3	0	1.0	11.67913818359375	0.8578196656610677
1453.0	13876.0	13.0	3.0	9.0	2,1,3,3,2,1,2,1	0,2,1,4,14,27,1,19	1.0	11.67913818359375	0.8893393897859383
5882.0	13877.0	18.0	4.0	2.0	3	0	1.0	11.67913818359375	0.8501158546473211
4287.0	13878.0	81.0	3.0	3.0	3,3	0,28	1.0	11.67913818359375	0.481561236894444
5873.0	13881.0	18.0	4.0	2.0	3	0	1.0	11.67913818359375	0.8501158546473211
5931.0	13882.0	14.0	3.0	2.0	1	0	1.0	11.67913818359375	0.8813525099553019
1223.0	13884.0	65.0	1.0	8.0	2,1,1,2,4,4,4	0,1,2,1,2,4,15	0.0	11.67913818359375	0.5563366108803747
5887.0	13885.0	18.0	4.0	2.0	3	0	1.0	11.67913818359375	0.8501158546473211
1053.0	13886.0	75.0	4.0	3.0	3,3	0,26	1.0	11.67913818359375	0.5083453040157061
1280.0	13887.0	53.0	1.0	7.0	2,2,4,2,2,4	0,1,3,8,9,14	0.0	11.67913818359375	0.6199436700252451
1227.0	13890.0	13.0	2.0	12.0	2,1,2,2,2,2,2,1,2,2,1	0,1,3,3,6,6,6,10,4,15,23	1.0	11.67913818359375	0.8893393897859383
2518.0	13895.0	17.0	4.0	2.0	3	0	1.0	11.67913818359375	0.8578196656610677
4375.0	13896.0	76.0	4.0	3.0	3,3	0,26	1.0	11.67913818359375	0.503780013304115
2524.0	13898.0	15.0	3.0	2.0	3	0	1.0	11.67913818359375	0.873437357802717
2603.0	13899.0	13.0	3.0	2.0	2	0	1.0	11.67913818359375	0.8893393897859383
2508.0	13900.0	17.0	4.0	2.0	3	0	1.0	11.67913818359375	0.8578196656610677
4799.0	13902.0	60.0	2.0	5.0	2,3,3,4	0,2,5,14	1.0	11.67913818359375	0.5820054517642075
2539.0	13903.0	15.0	4.0	2.0	3	0	1.0	11.67913818359375	0.873437357802717
4466.0	13905.0	71.0	4.0	5.0	2,4,3,4	0,2,6,17	1.0	11.67913818359375	0.527023942876708
4283.0	13907.0	80.0	4.0	3.0	3,3	0,29	1.0	11.67913818359375	0.4859251794562728
5916.0	13909.0	14.0	4.0	2.0	2	0	1.0	11.67913818359375	0.8813525099553019
2233.0	13910.0	13.0	3.0	4.0	2,2,1	0,1,20	1.0	11.67913818359375	0.8893393897859383
2550.0	13911.0	15.0	2.0	2.0	2	0	1.0	11.67913818359375	0.873437357802717
2510.0	13913.0	17.0	3.0	2.0	2	0	1.0	11.67913818359375	0.8578196656610677
2580.0	13914.0	13.0	4.0	2.0	2	0	1.0	11.67913818359375	0.8893393897859383
2593.0	13915.0	13.0	4.0	2.0	2	0	1.0	11.67913818359375	0.8893393897859383
5958.0	13917.0	13.0	4.0	2.0	2	0	1.0	11.67913818359375	0.8893393897859383
2563.0	13919.0	15.0	4.0	2.0	2	0	1.0	11.67913818359375	0.873437357802717
5964.0	13920.0	13.0	4.0	2.0	2	0	1.0	11.67913818359375	0.8893393897859383
2588.0	13922.0	13.0	2.0	2.0	2	0	1.0	11.67913818359375	0.8893393897859383
5963.0	13923.0	13.0	1.0	2.0	1	0	0.0	11.67913818359375	0.8893393897859383
5957.0	13924.0	13.0	2.0	2.0	2	0	1.0	11.67913818359375	0.8893393897859383
1993.0	13925.0	17.0	2.0	5.0	1,1,1,2	0,5,13,19	1.0	11.67913818359375	0.8578196656610677
2596.0	13928.0	13.0	4.0	2.0	2	0	1.0	11.67913818359375	0.8893393897859383
5888.0	13929.0	17.0	4.0	2.0	3	0	1.0	11.67913818359375	0.8578196656610677
5203.0	13930.0	29.0	4.0	4.0	2,3,2	0,5,26	1.0	11.67913818359375	0.7698062075881518
1263.0	13933.0	67.0	3.0	5.0	2,4,4,4	0,1,5,16	1.0	11.67913818359375	0.5463889096076512
2605.0	13934.0	13.0	3.0	2.0	2	0	1.0	11.67913818359375	0.8893393897859383
1131.0	13935.0	71.0	4.0	5.0	2,4,4,4	0,2,5,17	1.0	11.67913818359375	0.527023942876708
767.0	13936.0	12.0	3.0	10.0	1,4,1,1,2,4,4,3,1	0,1,45,19,2,3,6,18,56	1.0	11.67913818359375	0.8973986472960032
2203.0	13938.0	13.0	1.0	3.0	3,1	0,23	0.0	11.67913818359375	0.8893393897859383
2557.0	13939.0	15.0	4.0	2.0	2	0	1.0	11.67913818359375	0.873437357802717
2607.0	13940.0	13.0	2.0	2.0	2	0	1.0	11.67913818359375	0.8893393897859383
2591.0	13941.0	13.0	2.0	2.0	2	0	1.0	11.67913818359375	0.8893393897859383
4416.0	13943.0	76.0	4.0	4.0	2,4,4	0,6,19	1.0	11.67913818359375	0.503780013304115
2613.0	13945.0	13.0	1.0	2.0	2	0	0.0	11.67913818359375	0.8893393897859383
1451.0	13946.0	12.0	1.0	7.0	2,2,3,2,3,1	0,1,4,8,13,44	0.0	11.67913818359375	0.8973986472960032
5892.0	13947.0	15.0	4.0	2.0	3	0	1.0	11.67913818359375	0.873437357802717
532.0	13948.0	166.0	4.0	3.0	3,4	0,47	1.0	11.67913818359375	0.22368224490792077
2523.0	13957.0	15.0	4.0	2.0	3	0	1.0	11.67913818359375	0.873437357802717
2606.0	13959.0	13.0	3.0	2.0	2	0	1.0	11.67913818359375	0.8893393897859383
1982.0	13960.0	13.0	1.0	4.0	2,4,1	0,5,36	0.0	11.67913818359375	0.8893393897859383
5903.0	13961.0	15.0	4.0	2.0	3	0	1.0	11.67913818359375	0.873437357802717
2602.0	13962.0	13.0	2.0	2.0	2	0	1.0	11.67913818359375	0.8893393897859383
2562.0	13964.0	15.0	4.0	2.0	2	0	1.0	11.67913818359375	0.873437357802717
1700.0	13965.0	25.0	2.0	6.0	2,3,2,2,2	0,2,8,10,24	1.0	11.67913818359375	0.798091965380954
1046.0	13966.0	77.0	4.0	4.0	2,4,4	0,6,18	1.0	11.67913818359375	0.49925572204529106
5954.0	13967.0	13.0	2.0	2.0	1	0	1.0	11.67913818359375	0.8893393897859383
603.0	13969.0	67.0	4.0	4.0	3,2,2	0,68,49	1.0	11.67913818359375	0.5463889096076512
2582.0	13970.0	13.0	3.0	2.0	2	0	1.0	11.67913818359375	0.8893393897859383
2608.0	13972.0	13.0	3.0	2.0	2	0	1.0	11.67913818359375	0.8893393897859383
2193.0	13974.0	21.0	2.0	3.0	3,2	0,24	1.0	11.67913818359375	0.8274170550030222
1620.0	13975.0	52.0	4.0	4.0	2,4,3	0,4,18	1.0	11.67913818359375	0.6255616441483419
2055.0	13976.0	34.0	4.0	3.0	3,3	0,17	1.0	11.67913818359375	0.7358545787948659
2224.0	13977.0	13.0	1.0	3.0	1,1	0,21	0.0	11.67913818359375	0.8893393897859383
2507.0	13979.0	17.0	4.0	2.0	3	0	1.0	11.67913818359375	0.8578196656610677
2525.0	13980.0	15.0	4.0	2.0	3	0	1.0	11.67913818359375	0.873437357802717
1555.0	13981.0	12.0	4.0	4.0	3,1,1	0,47,17	1.0	11.67913818359375	0.8973986472960032
2532.0	13983.0	15.0	4.0	2.0	3	0	1.0	11.67913818359375	0.873437357802717
875.0	13984.0	85.0	4.0	3.0	3,3	0,31	1.0	11.67913818359375	0.4644938748609263
5898.0	13987.0	15.0	4.0	2.0	2	0	1.0	11.67913818359375	0.873437357802717
2240.0	13988.0	13.0	4.0	3.0	2,1	0,20	1.0	11.67913818359375	0.8893393897859383
5961.0	13989.0	13.0	4.0	2.0	2	0	1.0	11.67913818359375	0.8893393897859383
2545.0	13990.0	15.0	4.0	2.0	3	0	1.0	11.67913818359375	0.873437357802717
2243.0	13992.0	12.0	1.0	3.0	2,1	0,21	0.0	11.67913818359375	0.8973986472960032
2103.0	13993.0	34.0	1.0	3.0	2,3	0,15	0.0	11.67913818359375	0.7358545787948659
2220.0	13997.0	13.0	3.0	4.0	2,2,1	0,1,20	1.0	11.67913818359375	0.8893393897859383
5893.0	13998.0	17.0	4.0	2.0	3	0	1.0	11.67913818359375	0.8578196656610677
686.0	13999.0	12.0	1.0	6.0	1,3,2,2,1	0,1,61,36,62	0.0	11.67913818359375	0.8973986472960032
5392.0	14001.0	36.0	4.0	3.0	3,3	0,16	1.0	11.67913818359375	0.722696966322745
2105.0	14004.0	14.0	2.0	5.0	2,1,2,1	0,15,1,19	1.0	11.67913818359375	0.8813525099553019
2212.0	14005.0	18.0	1.0	3.0	2,2	0,18	0.0	11.67913818359375	0.8501158546473211
2088.0	14007.0	32.0	2.0	3.0	1,3	0,17	1.0	11.67913818359375	0.749251742246213
2196.0	14008.0	17.0	2.0	3.0	2,2	0,19	1.0	11.67913818359375	0.8578196656610677
2521.0	14009.0	15.0	4.0	3.0	2,3	0,2	1.0	11.67913818359375	0.873437357802717
2610.0	14010.0	13.0	4.0	2.0	2	0	1.0	11.67913818359375	0.8893393897859383
1323.0	14011.0	25.0	2.0	5.0	3,1,4,2	0,32,3,28	1.0	11.67913818359375	0.798091965380954
5890.0	14012.0	17.0	4.0	2.0	3	0	1.0	11.67913818359375	0.8578196656610677
2624.0	14023.0	13.0	4.0	2.0	2	0	1.0	11.67913818359375	0.8893393897859383
4276.0	14024.0	82.0	3.0	3.0	3,3	0,28	1.0	11.67913818359375	0.4772364855404145
2637.0	14025.0	13.0	4.0	2.0	2	0	1.0	11.67913818359375	0.8893393897859383
2659.0	14026.0	13.0	3.0	2.0	2	0	1.0	11.67913818359375	0.8893393897859383
5907.0	14028.0	16.0	4.0	2.0	3	0	1.0	11.67913818359375	0.8655932891642663
5897.0	14029.0	16.0	4.0	2.0	3	0	1.0	11.67913818359375	0.8655932891642663
2641.0	14030.0	13.0	4.0	2.0	2	0	1.0	11.67913818359375	0.8893393897859383
2635.0	14031.0	13.0	1.0	2.0	2	0	0.0	11.67913818359375	0.8893393897859383
5914.0	14032.0	15.0	4.0	2.0	3	0	1.0	11.67913818359375	0.873437357802717
2645.0	14033.0	13.0	4.0	2.0	2	0	1.0	11.67913818359375	0.8893393897859383
4266.0	14034.0	83.0	4.0	3.0	2,3	0,28	1.0	11.67913818359375	0.47295057343016383
5335.0	14036.0	25.0	3.0	4.0	2,3,2	0,6,25	1.0	11.67913818359375	0.798091965380954
2534.0	14037.0	16.0	4.0	2.0	3	0	1.0	11.67913818359375	0.8655932891642663
5899.0	14038.0	16.0	4.0	2.0	3	0	1.0	11.67913818359375	0.8655932891642663
5904.0	14040.0	16.0	4.0	2.0	3	0	1.0	11.67913818359375	0.8655932891642663
2650.0	14041.0	13.0	1.0	2.0	2	0	0.0	11.67913818359375	0.8893393897859383
2621.0	14042.0	13.0	4.0	2.0	2	0	1.0	11.67913818359375	0.8893393897859383
2657.0	14044.0	13.0	4.0	2.0	2	0	1.0	11.67913818359375	0.8893393897859383
2646.0	14045.0	13.0	3.0	2.0	2	0	1.0	11.67913818359375	0.8893393897859383
5921.0	14047.0	15.0	4.0	2.0	3	0	1.0	11.67913818359375	0.873437357802717
4226.0	14048.0	88.0	4.0	3.0	3,3	0,29	1.0	11.67913818359375	0.4520915024738753
2511.0	14049.0	18.0	3.0	2.0	2	0	1.0	11.67913818359375	0.8501158546473211
2642.0	14051.0	13.0	3.0	2.0	1	0	1.0	11.67913818359375	0.8893393897859383
4746.0	14052.0	55.0	3.0	5.0	2,4,3,3	0,2,7,20	1.0	11.67913818359375	0.6088586284969373
2554.0	14053.0	16.0	3.0	2.0	3	0	1.0	11.67913818359375	0.8655932891642663
2627.0	14055.0	13.0	4.0	2.0	2	0	1.0	11.67913818359375	0.8893393897859383
2651.0	14056.0	13.0	4.0	2.0	2	0	1.0	11.67913818359375	0.8893393897859383
2617.0	14057.0	13.0	4.0	2.0	2	0	1.0	11.67913818359375	0.8893393897859383
2623.0	14059.0	13.0	2.0	2.0	2	0	1.0	11.67913818359375	0.8893393897859383
1757.0	14065.0	12.0	1.0	11.0	2,1,1,1,1,2,2,1,1,1	0,1,4,1,4,1,4,6,19,17	0.0	11.67913818359375	0.8973986472960032
5908.0	14067.0	16.0	4.0	2.0	3	0	1.0	11.67913818359375	0.8655932891642663
874.0	14068.0	12.0	4.0	7.0	2,2,2,3,3,1	0,19,5,7,17,57	1.0	11.67913818359375	0.8973986472960032
1445.0	14069.0	12.0	3.0	7.0	2,3,4,2,4,1	0,2,3,8,10,48	1.0	11.67913818359375	0.8973986472960032
2615.0	14070.0	13.0	3.0	2.0	2	0	1.0	11.67913818359375	0.8893393897859383
5909.0	14072.0	16.0	4.0	2.0	3	0	1.0	11.67913818359375	0.8655932891642663
4793.0	14073.0	13.0	3.0	6.0	2,3,3,2,1	0,3,8,21,38	1.0	11.67913818359375	0.8893393897859383
2263.0	14074.0	12.0	2.0	3.0	2,1	0,18	1.0	11.67913818359375	0.8973986472960032
5928.0	14076.0	15.0	4.0	2.0	3	0	1.0	11.67913818359375	0.873437357802717
1525.0	14077.0	12.0	1.0	5.0	2,4,4,1	0,3,11,54	0.0	11.67913818359375	0.8973986472960032
2057.0	14078.0	12.0	4.0	5.0	2,1,1,1	0,1,21,18	1.0	11.67913818359375	0.8973986472960032
2633.0	14079.0	13.0	1.0	2.0	1	0	0.0	11.67913818359375	0.8893393897859383
900.0	14081.0	19.0	4.0	5.0	2,4,1,2	0,14,60,18	1.0	11.67913818359375	0.842481229158821
2536.0	14082.0	16.0	4.0	2.0	3	0	1.0	11.67913818359375	0.8655932891642663
5936.0	14083.0	15.0	4.0	2.0	3	0	1.0	11.67913818359375	0.873437357802717
2658.0	14084.0	13.0	4.0	2.0	2	0	1.0	11.67913818359375	0.8893393897859383
5932.0	14086.0	15.0	4.0	2.0	3	0	1.0	11.67913818359375	0.873437357802717
1182.0	14087.0	73.0	4.0	5.0	2,4,4,4	0,1,4,16	1.0	11.67913818359375	0.5176003733240696
5927.0	14092.0	15.0	4.0	2.0	3	0	1.0	11.67913818359375	0.873437357802717
2585.0	14094.0	14.0	1.0	2.0	3	0	0.0	11.67913818359375	0.8813525099553019
2577.0	14095.0	14.0	4.0	2.0	3	0	1.0	11.67913818359375	0.8813525099553019
2643.0	14096.0	13.0	3.0	2.0	1	0	1.0	11.67913818359375	0.8893393897859383
2552.0	14098.0	16.0	4.0	2.0	3	0	1.0	11.67913818359375	0.8655932891642663
2571.0	14099.0	16.0	4.0	2.0	3	0	1.0	11.67913818359375	0.8655932891642663
1318.0	14100.0	52.0	2.0	3.0	3,2	0,37	1.0	11.67913818359375	0.6255616441483419
4639.0	14101.0	68.0	4.0	5.0	2,4,4,4	0,1,4,15	1.0	11.67913818359375	0.5414819611333695
1955.0	14103.0	24.0	3.0	4.0	1,3,2	0,5,27	1.0	11.67913818359375	0.8053243321686963
1059.0	14104.0	12.0	3.0	6.0	2,3,4,4,1	0,6,5,15,64	1.0	11.67913818359375	0.8973986472960032
2268.0	14105.0	12.0	4.0	3.0	2,1	0,18	1.0	11.67913818359375	0.8973986472960032
2612.0	14106.0	14.0	4.0	2.0	3	0	1.0	11.67913818359375	0.8813525099553019
2531.0	14108.0	16.0	4.0	2.0	2	0	1.0	11.67913818359375	0.8655932891642663
5905.0	14109.0	16.0	3.0	2.0	3	0	1.0	11.67913818359375	0.8655932891642663
5997.0	14110.0	13.0	3.0	2.0	2	0	1.0	11.67913818359375	0.8893393897859383
2551.0	14111.0	16.0	4.0	2.0	3	0	1.0	11.67913818359375	0.8655932891642663
2654.0	14113.0	13.0	2.0	2.0	1	0	1.0	11.67913818359375	0.8893393897859383
5919.0	14114.0	15.0	4.0	2.0	3	0	1.0	11.67913818359375	0.873437357802717
1425.0	14115.0	16.0	3.0	11.0	2,3,2,2,3,1,2,1,1,2	0,2,3,5,5,12,4,15,2,19	1.0	11.67913818359375	0.8655932891642663
4433.0	14116.0	70.0	4.0	5.0	2,4,3,4	0,3,8,17	1.0	11.67913818359375	0.531799871749751
5445.0	14118.0	34.0	4.0	3.0	2,3	0,16	1.0	11.67913818359375	0.7358545787948659
2219.0	14119.0	16.0	3.0	3.0	2,2	0,19	1.0	11.67913818359375	0.8655932891642663
2638.0	14120.0	13.0	2.0	2.0	2	0	1.0	11.67913818359375	0.8893393897859383
5947.0	14121.0	15.0	3.0	2.0	3	0	1.0	11.67913818359375	0.873437357802717
5922.0	14123.0	15.0	4.0	2.0	3	0	1.0	11.67913818359375	0.873437357802717
1657.0	14124.0	12.0	4.0	5.0	2,4,4,1	0,2,9,49	1.0	11.67913818359375	0.8973986472960032
2548.0	14125.0	16.0	4.0	2.0	1	0	1.0	11.67913818359375	0.8655932891642663
2614.0	14127.0	14.0	4.0	2.0	3	0	1.0	11.67913818359375	0.8813525099553019
1484.0	14128.0	61.0	4.0	5.0	2,4,3,4	0,1,4,15	1.0	11.67913818359375	0.5767786422273726
4977.0	14129.0	59.0	4.0	4.0	2,4,4	0,3,13	1.0	11.67913818359375	0.5872796270249686
5952.0	14131.0	15.0	4.0	2.0	3	0	1.0	11.67913818359375	0.873437357802717
677.0	14132.0	61.0	3.0	4.0	3,2,2	0,62,50	1.0	11.67913818359375	0.5767786422273726
2636.0	14134.0	13.0	4.0	2.0	2	0	1.0	11.67913818359375	0.8893393897859383
2644.0	14136.0	13.0	4.0	2.0	2	0	1.0	11.67913818359375	0.8893393897859383
5896.0	14137.0	16.0	4.0	2.0	3	0	1.0	11.67913818359375	0.8655932891642663
2576.0	14138.0	14.0	4.0	2.0	3	0	1.0	11.67913818359375	0.8813525099553019
5930.0	14139.0	15.0	4.0	2.0	2	0	1.0	11.67913818359375	0.873437357802717
4753.0	14141.0	56.0	4.0	5.0	2,4,3,3	0,2,7,19	1.0	11.67913818359375	0.6033906589506637
2288.0	14142.0	11.0	4.0	3.0	1,1	0,18	1.0	11.67913818359375	0.9055309383772328
5935.0	14143.0	15.0	4.0	2.0	3	0	1.0	11.67913818359375	0.873437357802717
1516.0	14145.0	62.0	4.0	4.0	2,4,4	0,3,15	1.0	11.67913818359375	0.5715987730376627
2042.0	14146.0	11.0	1.0	5.0	2,1,1,1	0,5,19,17	0.0	11.67913818359375	0.9055309383772328
1989.0	14147.0	12.0	3.0	5.0	2,2,1,1	0,5,20,18	1.0	11.67913818359375	0.8973986472960032
2653.0	14148.0	13.0	1.0	2.0	1	0	0.0	11.67913818359375	0.8893393897859383
2661.0	14150.0	13.0	4.0	2.0	2	0	1.0	11.67913818359375	0.8893393897859383
5942.0	14151.0	15.0	3.0	2.0	3	0	1.0	11.67913818359375	0.873437357802717
2609.0	14152.0	14.0	4.0	2.0	3	0	1.0	11.67913818359375	0.8813525099553019
5953.0	14153.0	15.0	4.0	2.0	3	0	1.0	11.67913818359375	0.873437357802717
5938.0	14155.0	15.0	4.0	2.0	3	0	1.0	11.67913818359375	0.873437357802717
1079.0	14156.0	11.0	3.0	8.0	1,4,4,1,3,1,1	0,3,8,31,4,24,17	1.0	11.67913818359375	0.9055309383772328
2305.0	14157.0	11.0	3.0	3.0	2,1	0,17	1.0	11.67913818359375	0.9055309383772328
1510.0	14158.0	56.0	3.0	5.0	2,3,3,4	0,3,6,15	1.0	11.67913818359375	0.6033906589506637
2625.0	14160.0	13.0	1.0	2.0	2	0	0.0	11.67913818359375	0.8893393897859383
5918.0	14161.0	15.0	3.0	2.0	3	0	1.0	11.67913818359375	0.873437357802717
1731.0	14162.0	28.0	4.0	5.0	2,4,3,2	0,2,8,31	1.0	11.67913818359375	0.7767822468045106
2544.0	14163.0	16.0	4.0	2.0	3	0	1.0	11.67913818359375	0.8655932891642663
4228.0	14165.0	91.0	4.0	3.0	3,4	0,26	1.0	11.67913818359375	0.44002028373416385
5945.0	14166.0	15.0	4.0	2.0	3	0	1.0	11.67913818359375	0.873437357802717
2583.0	14167.0	14.0	4.0	2.0	3	0	1.0	11.67913818359375	0.8813525099553019
947.0	14169.0	23.0	3.0	8.0	1,3,2,1,3,3,2	0,11,16,20,4,7,27	1.0	11.67913818359375	0.812622239184409
1603.0	14170.0	59.0	1.0	4.0	2,4,4	0,3,13	0.0	11.67913818359375	0.5872796270249686
5912.0	14171.0	15.0	4.0	2.0	3	0	1.0	11.67913818359375	0.873437357802717
4554.0	14172.0	68.0	4.0	6.0	2,4,2,4,4	0,1,3,5,16	1.0	11.67913818359375	0.5414819611333695
5951.0	14174.0	15.0	3.0	2.0	3	0	1.0	11.67913818359375	0.873437357802717
1583.0	14175.0	58.0	3.0	4.0	2,4,4	0,4,14	1.0	11.67913818359375	0.5926015972412526
5926.0	14176.0	15.0	4.0	2.0	3	0	1.0	11.67913818359375	0.873437357802717
1475.0	14177.0	63.0	3.0	4.0	2,4,4	0,3,15	1.0	11.67913818359375	0.5664654226384526
2581.0	14179.0	14.0	4.0	2.0	3	0	1.0	11.67913818359375	0.8813525099553019
2214.0	14180.0	16.0	3.0	4.0	2,2,2	0,2,19	1.0	11.67913818359375	0.8655932891642663
2579.0	14181.0	14.0	4.0	2.0	1	0	1.0	11.67913818359375	0.8813525099553019
2282.0	14183.0	11.0	3.0	3.0	2,1	0,18	1.0	11.67913818359375	0.9055309383772328
2604.0	14185.0	14.0	4.0	2.0	2	0	1.0	11.67913818359375	0.8813525099553019
2718.0	14186.0	11.0	4.0	2.0	2	0	1.0	11.67913818359375	0.9055309383772328
2691.0	14189.0	11.0	2.0	2.0	2	0	1.0	11.67913818359375	0.9055309383772328
2709.0	14190.0	11.0	1.0	2.0	1	0	0.0	11.67913818359375	0.9055309383772328
2131.0	14193.0	12.0	3.0	4.0	2,1,1	0,19,17	1.0	11.67913818359375	0.8973986472960032
2215.0	14195.0	16.0	1.0	4.0	1,2,2	0,2,19	0.0	11.67913818359375	0.8655932891642663
5962.0	14200.0	14.0	4.0	2.0	3	0	1.0	11.67913818359375	0.8813525099553019
2677.0	14201.0	11.0	4.0	2.0	2	0	1.0	11.67913818359375	0.9055309383772328
2717.0	14203.0	11.0	4.0	2.0	2	0	1.0	11.67913818359375	0.9055309383772328
5939.0	14204.0	15.0	4.0	2.0	3	0	1.0	11.67913818359375	0.873437357802717
2669.0	14232.0	14.0	4.0	2.0	3	0	1.0	11.67913818359375	0.8813525099553019
2689.0	14233.0	12.0	1.0	2.0	2	0	0.0	11.67913818359375	0.8973986472960032
2678.0	14234.0	12.0	3.0	2.0	1	0	1.0	11.67913818359375	0.8973986472960032
2710.0	14236.0	12.0	1.0	2.0	2	0	0.0	11.67913818359375	0.8973986472960032
2547.0	14237.0	17.0	4.0	2.0	3	0	1.0	11.67913818359375	0.8578196656610677
2687.0	14239.0	12.0	3.0	2.0	2	0	1.0	11.67913818359375	0.8973986472960032
5920.0	14240.0	16.0	4.0	2.0	3	0	1.0	11.67913818359375	0.8655932891642663
6043.0	14242.0	13.0	3.0	2.0	2	0	1.0	11.67913818359375	0.8893393897859383
2693.0	14243.0	12.0	3.0	2.0	2	0	1.0	11.67913818359375	0.8973986472960032
5937.0	14245.0	16.0	1.0	2.0	3	0	0.0	11.67913818359375	0.8655932891642663
2690.0	14246.0	12.0	3.0	2.0	2	0	1.0	11.67913818359375	0.8973986472960032
2694.0	14247.0	12.0	4.0	2.0	2	0	1.0	11.67913818359375	0.8973986472960032
2698.0	14250.0	12.0	1.0	2.0	2	0	0.0	11.67913818359375	0.8973986472960032
5925.0	14254.0	16.0	3.0	2.0	3	0	1.0	11.67913818359375	0.8655932891642663
2715.0	14256.0	12.0	1.0	2.0	1	0	0.0	11.67913818359375	0.8973986472960032
5956.0	14258.0	15.0	4.0	2.0	3	0	1.0	11.67913818359375	0.873437357802717
4814.0	14260.0	63.0	4.0	5.0	2,3,4,4	0,2,3,15	1.0	11.67913818359375	0.5664654226384526
5913.0	14262.0	16.0	3.0	2.0	3	0	1.0	11.67913818359375	0.8655932891642663
5959.0	14264.0	15.0	4.0	2.0	3	0	1.0	11.67913818359375	0.873437357802717
2303.0	14266.0	12.0	1.0	3.0	2,1	0,17	0.0	11.67913818359375	0.8973986472960032
5933.0	14268.0	16.0	4.0	2.0	3	0	1.0	11.67913818359375	0.8655932891642663
5943.0	14270.0	16.0	4.0	2.0	3	0	1.0	11.67913818359375	0.8655932891642663
5929.0	14275.0	16.0	2.0	2.0	2	0	1.0	11.67913818359375	0.8655932891642663
5984.0	14276.0	14.0	3.0	2.0	3	0	1.0	11.67913818359375	0.8813525099553019
5949.0	14278.0	16.0	3.0	2.0	3	0	1.0	11.67913818359375	0.8655932891642663
5998.0	14279.0	14.0	4.0	2.0	3	0	1.0	11.67913818359375	0.8813525099553019
5934.0	14281.0	16.0	4.0	2.0	3	0	1.0	11.67913818359375	0.8655932891642663
5969.0	14282.0	14.0	4.0	2.0	3	0	1.0	11.67913818359375	0.8813525099553019
5955.0	14293.0	15.0	4.0	2.0	3	0	1.0	11.67913818359375	0.873437357802717
5996.0	14294.0	14.0	4.0	2.0	3	0	1.0	11.67913818359375	0.8813525099553019
5967.0	14296.0	14.0	4.0	2.0	3	0	1.0	11.67913818359375	0.8813525099553019
5960.0	14298.0	15.0	4.0	2.0	3	0	1.0	11.67913818359375	0.873437357802717
5988.0	14300.0	14.0	4.0	2.0	3	0	1.0	11.67913818359375	0.8813525099553019
5993.0	14306.0	14.0	4.0	2.0	3	0	1.0	11.67913818359375	0.8813525099553019
720.0	14307.0	61.0	1.0	4.0	1,2,2	0,60,48	0.0	11.67913818359375	0.5767786422273726
6000.0	14309.0	14.0	4.0	2.0	3	0	1.0	11.67913818359375	0.8813525099553019
1592.0	14310.0	11.0	3.0	7.0	2,2,4,3,4,1	0,1,1,4,11,49	1.0	11.67913818359375	0.9055309383772328
5941.0	14312.0	16.0	4.0	2.0	3	0	1.0	11.67913818359375	0.8655932891642663
1536.0	14314.0	38.0	2.0	8.0	2,2,3,2,3,4,2	0,1,2,2,3,6,29	1.0	11.67913818359375	0.7097746214849577
2597.0	14315.0	15.0	4.0	2.0	3	0	1.0	11.67913818359375	0.873437357802717
1257.0	14318.0	11.0	4.0	4.0	3,2,1	0,31,49	1.0	11.67913818359375	0.9055309383772328
1043.0	14320.0	77.0	4.0	3.0	3,3	0,26	1.0	11.67913818359375	0.49925572204529106
1938.0	14323.0	11.0	1.0	7.0	1,1,2,2,1,1	0,5,1,4,21,16	0.0	11.67913818359375	0.9055309383772328
1408.0	14324.0	11.0	1.0	8.0	2,1,3,3,3,1,1	0,1,1,5,10,42,16	0.0	11.67913818359375	0.9055309383772328
2592.0	14326.0	15.0	1.0	2.0	3	0	0.0	11.67913818359375	0.873437357802717
6024.0	14327.0	13.0	2.0	2.0	2	0	1.0	11.67913818359375	0.8893393897859383
2990.0	14330.0	1.0	1.0	2.0	1	0	0.0	11.67913818359375	0.9910193117246737
2992.0	14331.0	1.0	1.0	2.0	2	0	0.0	11.67913818359375	0.9910193117246737
1938.0	14332.0	1.0	2.0	8.0	1,1,2,2,1,1,1	0,5,1,4,21,16,11	1.0	11.67913818359375	0.9910193117246737
1408.0	14333.0	1.0	2.0	9.0	2,1,3,3,3,1,1,1	0,1,1,5,10,42,16,11	1.0	11.67913818359375	0.9910193117246737
2592.0	14334.0	1.0	2.0	3.0	3,1	0,15	1.0	11.67913818359375	0.9910193117246737
2995.0	14335.0	1.0	3.0	2.0	2	0	1.0	11.67913818359375	0.9910193117246737
2994.0	14336.0	1.0	2.0	2.0	1	0	1.0	11.67913818359375	0.9910193117246737
2590.0	14340.0	16.0	2.0	2.0	3	0	1.0	11.67913818359375	0.8655932891642663
2599.0	14341.0	16.0	4.0	2.0	3	0	1.0	11.67913818359375	0.8655932891642663
2679.0	14343.0	13.0	1.0	2.0	2	0	0.0	11.67913818359375	0.8893393897859383
2595.0	14344.0	16.0	4.0	2.0	3	0	1.0	11.67913818359375	0.8655932891642663
2682.0	14346.0	13.0	3.0	2.0	2	0	1.0	11.67913818359375	0.8893393897859383
2530.0	14349.0	18.0	4.0	2.0	3	0	1.0	11.67913818359375	0.8501158546473211
2704.0	14350.0	13.0	3.0	2.0	2	0	1.0	11.67913818359375	0.8893393897859383
2663.0	14352.0	15.0	4.0	2.0	3	0	1.0	11.67913818359375	0.873437357802717
6042.0	14353.0	14.0	3.0	2.0	2	0	1.0	11.67913818359375	0.8813525099553019
1887.0	14355.0	31.0	4.0	5.0	2,3,1,3	0,4,7,19	1.0	11.67913818359375	0.7560415154193999
2611.0	14356.0	16.0	4.0	2.0	3	0	1.0	11.67913818359375	0.8655932891642663
1721.0	14358.0	53.0	3.0	4.0	2,3,4	0,6,12	1.0	11.67913818359375	0.6199436700252451
2616.0	14360.0	15.0	4.0	2.0	3	0	1.0	11.67913818359375	0.873437357802717
2618.0	14361.0	15.0	4.0	2.0	3	0	1.0	11.67913818359375	0.873437357802717
2600.0	14363.0	16.0	4.0	2.0	3	0	1.0	11.67913818359375	0.8655932891642663
1421.0	14365.0	12.0	1.0	9.0	2,3,4,1,1,1,2,1	0,2,4,20,4,5,18,20	0.0	11.67913818359375	0.8973986472960032
4468.0	14366.0	57.0	1.0	7.0	2,2,3,4,2,3	0,1,2,5,14,20	0.0	11.67913818359375	0.5979717955343841
2589.0	14368.0	16.0	4.0	2.0	3	0	1.0	11.67913818359375	0.8655932891642663
6001.0	14369.0	15.0	4.0	2.0	3	0	1.0	11.67913818359375	0.873437357802717
1900.0	14371.0	36.0	4.0	5.0	2,2,3,3	0,1,4,19	1.0	11.67913818359375	0.722696966322745
5994.0	14372.0	15.0	4.0	2.0	3	0	1.0	11.67913818359375	0.873437357802717
2584.0	14374.0	16.0	4.0	2.0	3	0	1.0	11.67913818359375	0.8655932891642663
2601.0	14375.0	16.0	2.0	2.0	3	0	1.0	11.67913818359375	0.8655932891642663
2251.0	14377.0	13.0	1.0	4.0	2,1,1	0,1,22	0.0	11.67913818359375	0.8893393897859383
6031.0	14378.0	14.0	2.0	2.0	2	0	1.0	11.67913818359375	0.8813525099553019
2676.0	14380.0	13.0	4.0	2.0	2	0	1.0	11.67913818359375	0.8893393897859383
5940.0	14381.0	17.0	4.0	2.0	3	0	1.0	11.67913818359375	0.8578196656610677
1324.0	14387.0	63.0	4.0	6.0	2,2,4,4,3	0,1,1,5,21	1.0	11.67913818359375	0.5664654226384526
2594.0	14389.0	16.0	2.0	2.0	3	0	1.0	11.67913818359375	0.8655932891642663
5991.0	14390.0	15.0	1.0	2.0	3	0	0.0	11.67913818359375	0.873437357802717
2184.0	14392.0	12.0	1.0	4.0	2,1,1	0,19,17	0.0	11.67913818359375	0.8973986472960032
2598.0	14393.0	16.0	3.0	2.0	3	0	1.0	11.67913818359375	0.8655932891642663
2538.0	14395.0	18.0	3.0	2.0	3	0	1.0	11.67913818359375	0.8501158546473211
5910.0	14396.0	17.0	4.0	2.0	3	0	1.0	11.67913818359375	0.8578196656610677
6013.0	14397.0	14.0	4.0	2.0	3	0	1.0	11.67913818359375	0.8813525099553019
2622.0	14398.0	15.0	4.0	2.0	3	0	1.0	11.67913818359375	0.873437357802717
6018.0	14406.0	14.0	4.0	2.0	3	0	1.0	11.67913818359375	0.8813525099553019
2626.0	14407.0	15.0	4.0	2.0	3	0	1.0	11.67913818359375	0.873437357802717
6032.0	14409.0	14.0	4.0	2.0	3	0	1.0	11.67913818359375	0.8813525099553019
4840.0	14411.0	64.0	3.0	5.0	2,4,4,4	0,1,3,15	1.0	11.67913818359375	0.5613781732589856
2681.0	14412.0	13.0	4.0	2.0	2	0	1.0	11.67913818359375	0.8893393897859383
5055.0	14414.0	31.0	4.0	5.0	2,3,3,2	0,2,8,31	1.0	11.67913818359375	0.7560415154193999
2665.0	14416.0	15.0	2.0	2.0	3	0	1.0	11.67913818359375	0.873437357802717
2652.0	14417.0	15.0	4.0	2.0	3	0	1.0	11.67913818359375	0.873437357802717
5995.0	14419.0	15.0	4.0	2.0	3	0	1.0	11.67913818359375	0.873437357802717
5986.0	14422.0	15.0	4.0	2.0	3	0	1.0	11.67913818359375	0.873437357802717
6010.0	14423.0	14.0	3.0	2.0	3	0	1.0	11.67913818359375	0.8813525099553019
6038.0	14425.0	14.0	4.0	2.0	3	0	1.0	11.67913818359375	0.8813525099553019
6040.0	14426.0	14.0	4.0	2.0	3	0	1.0	11.67913818359375	0.8813525099553019
5418.0	14428.0	36.0	4.0	3.0	3,3	0,18	1.0	11.67913818359375	0.722696966322745
6034.0	14429.0	14.0	4.0	2.0	3	0	1.0	11.67913818359375	0.8813525099553019
5982.0	14431.0	15.0	4.0	2.0	3	0	1.0	11.67913818359375	0.873437357802717
5552.0	14432.0	12.0	3.0	5.0	2,1,2,1	0,19,1,17	1.0	11.67913818359375	0.8973986472960032
2578.0	14434.0	16.0	4.0	2.0	2	0	1.0	11.67913818359375	0.8655932891642663
5970.0	14435.0	15.0	4.0	2.0	3	0	1.0	11.67913818359375	0.873437357802717
6002.0	14437.0	15.0	3.0	2.0	3	0	1.0	11.67913818359375	0.873437357802717
5968.0	14438.0	15.0	4.0	2.0	3	0	1.0	11.67913818359375	0.873437357802717
6035.0	14443.0	14.0	4.0	2.0	3	0	1.0	11.67913818359375	0.8813525099553019
2630.0	14445.0	15.0	4.0	2.0	3	0	1.0	11.67913818359375	0.873437357802717
5593.0	14447.0	17.0	4.0	3.0	2,2	0,20	1.0	11.67913818359375	0.8578196656610677
5975.0	14449.0	15.0	4.0	2.0	3	0	1.0	11.67913818359375	0.873437357802717
5965.0	14450.0	15.0	4.0	2.0	3	0	1.0	11.67913818359375	0.873437357802717
6004.0	14452.0	14.0	4.0	2.0	3	0	1.0	11.67913818359375	0.8813525099553019
6033.0	14453.0	14.0	4.0	2.0	3	0	1.0	11.67913818359375	0.8813525099553019
5895.0	14455.0	18.0	4.0	2.0	3	0	1.0	11.67913818359375	0.8501158546473211
3003.0	14459.0	2.0	1.0	2.0	1	0	0.0	11.67913818359375	0.9821192762112462
3005.0	14460.0	2.0	2.0	2.0	1	0	1.0	11.67913818359375	0.9821192762112462
3011.0	14461.0	2.0	3.0	2.0	2	0	1.0	11.67913818359375	0.9821192762112462
3013.0	14462.0	2.0	2.0	2.0	1	0	1.0	11.67913818359375	0.9821192762112462
1528.0	14465.0	66.0	4.0	4.0	2,4,4	0,3,15	1.0	11.67913818359375	0.5513403252019066
6088.0	14466.0	14.0	3.0	2.0	2	0	1.0	11.67913818359375	0.8813525099553019
6083.0	14468.0	14.0	3.0	2.0	2	0	1.0	11.67913818359375	0.8813525099553019
6067.0	14469.0	14.0	1.0	2.0	2	0	0.0	11.67913818359375	0.8813525099553019
6012.0	14471.0	16.0	3.0	2.0	3	0	1.0	11.67913818359375	0.8655932891642663
6076.0	14473.0	14.0	3.0	2.0	2	0	1.0	11.67913818359375	0.8813525099553019
6078.0	14475.0	14.0	3.0	2.0	2	0	1.0	11.67913818359375	0.8813525099553019
6054.0	14476.0	16.0	4.0	2.0	3	0	1.0	11.67913818359375	0.8655932891642663
6009.0	14478.0	16.0	4.0	2.0	3	0	1.0	11.67913818359375	0.8655932891642663
3877.0	14479.0	172.0	4.0	3.0	3,4	0,48	1.0	11.67913818359375	0.21189671209366814
5972.0	14481.0	17.0	4.0	2.0	3	0	1.0	11.67913818359375	0.8578196656610677
6087.0	14485.0	14.0	3.0	2.0	2	0	1.0	11.67913818359375	0.8813525099553019
6056.0	14488.0	16.0	1.0	2.0	3	0	0.0	11.67913818359375	0.8655932891642663
6005.0	14490.0	16.0	4.0	2.0	3	0	1.0	11.67913818359375	0.8655932891642663
1606.0	14491.0	33.0	1.0	6.0	2,3,2,1,3	0,4,10,13,19	0.0	11.67913818359375	0.7425229459093547
2631.0	14497.0	17.0	4.0	2.0	3	0	1.0	11.67913818359375	0.8578196656610677
1881.0	14498.0	32.0	3.0	5.0	2,3,1,3	0,4,8,19	1.0	11.67913818359375	0.749251742246213
2639.0	14499.0	17.0	3.0	2.0	3	0	1.0	11.67913818359375	0.8578196656610677
1995.0	14500.0	26.0	4.0	5.0	2,2,3,2	0,1,6,26	1.0	11.67913818359375	0.7909245502248251
1769.0	14501.0	20.0	4.0	7.0	2,2,3,1,2,2	0,1,5,11,13,21	1.0	11.67913818359375	0.8349151678619319
883.0	14503.0	13.0	4.0	12.0	1,2,2,1,2,3,2,3,2,1,1	0,19,6,5,1,2,6,6,14,32,17	1.0	11.67913818359375	0.8893393897859383
6055.0	14504.0	16.0	4.0	2.0	3	0	1.0	11.67913818359375	0.8655932891642663
2252.0	14506.0	18.0	3.0	4.0	2,2,2	0,1,19	1.0	11.67913818359375	0.8501158546473211
2587.0	14507.0	18.0	4.0	2.0	3	0	1.0	11.67913818359375	0.8501158546473211
1144.0	14509.0	76.0	3.0	5.0	2,4,4,4	0,1,5,17	1.0	11.67913818359375	0.503780013304115
1622.0	14510.0	31.0	3.0	11.0	2,1,1,2,1,1,1,1,3,3	0,2,1,2,8,1,4,4,5,21	1.0	11.67913818359375	0.7560415154193999
499.0	14512.0	13.0	2.0	6.0	3,4,1,2,1	0,39,130,18,21	1.0	11.67913818359375	0.8893393897859383
6053.0	14513.0	16.0	4.0	2.0	3	0	1.0	11.67913818359375	0.8655932891642663
5974.0	14515.0	17.0	4.0	2.0	3	0	1.0	11.67913818359375	0.8578196656610677
5979.0	14516.0	17.0	4.0	2.0	3	0	1.0	11.67913818359375	0.8578196656610677
1877.0	14518.0	13.0	3.0	4.0	3,1,2	0,49,1	1.0	11.67913818359375	0.8893393897859383
2730.0	14519.0	13.0	4.0	2.0	2	0	1.0	11.67913818359375	0.8893393897859383
2668.0	14520.0	17.0	1.0	2.0	3	0	0.0	11.67913818359375	0.8578196656610677
2640.0	14522.0	17.0	4.0	2.0	3	0	1.0	11.67913818359375	0.8578196656610677
2327.0	14523.0	13.0	1.0	4.0	1,2,1	0,1,17	0.0	11.67913818359375	0.8893393897859383
6098.0	14525.0	14.0	2.0	2.0	2	0	1.0	11.67913818359375	0.8813525099553019
2692.0	14526.0	15.0	4.0	2.0	3	0	1.0	11.67913818359375	0.873437357802717
2619.0	14528.0	17.0	4.0	2.0	2	0	1.0	11.67913818359375	0.8578196656610677
2360.0	14529.0	13.0	3.0	3.0	2,1	0,17	1.0	11.67913818359375	0.8893393897859383
2628.0	14531.0	17.0	4.0	2.0	3	0	1.0	11.67913818359375	0.8578196656610677
2063.0	14532.0	13.0	3.0	8.0	1,2,1,2,1,1,2	0,1,5,1,19,16,1	1.0	11.67913818359375	0.8893393897859383
6093.0	14534.0	14.0	4.0	2.0	2	0	1.0	11.67913818359375	0.8813525099553019
5990.0	14535.0	17.0	3.0	2.0	3	0	1.0	11.67913818359375	0.8578196656610677
6007.0	14537.0	16.0	4.0	2.0	3	0	1.0	11.67913818359375	0.8655932891642663
2655.0	14538.0	17.0	4.0	2.0	3	0	1.0	11.67913818359375	0.8578196656610677
2255.0	14540.0	13.0	4.0	3.0	3,1	0,21	1.0	11.67913818359375	0.8893393897859383
6082.0	14541.0	14.0	3.0	2.0	2	0	1.0	11.67913818359375	0.8813525099553019
4066.0	14543.0	121.0	4.0	3.0	3,3	0,55	1.0	11.67913818359375	0.33568831423748824
6089.0	14544.0	14.0	4.0	2.0	2	0	1.0	11.67913818359375	0.8813525099553019
5973.0	14546.0	17.0	4.0	2.0	3	0	1.0	11.67913818359375	0.8578196656610677
2686.0	14547.0	15.0	4.0	2.0	3	0	1.0	11.67913818359375	0.873437357802717
2003.0	14550.0	25.0	3.0	4.0	2,3,2	0,6,27	1.0	11.67913818359375	0.798091965380954
2674.0	14552.0	15.0	4.0	2.0	3	0	1.0	11.67913818359375	0.873437357802717
2649.0	14553.0	17.0	3.0	2.0	3	0	1.0	11.67913818359375	0.8578196656610677
537.0	14555.0	171.0	4.0	3.0	3,4	0,47	1.0	11.67913818359375	0.21381693533792365
1739.0	14556.0	56.0	4.0	4.0	2,4,4	0,3,14	1.0	11.67913818359375	0.6033906589506637
6071.0	14558.0	14.0	3.0	2.0	2	0	1.0	11.67913818359375	0.8813525099553019
4253.0	14559.0	89.0	4.0	3.0	3,3	0,32	1.0	11.67913818359375	0.44803140961823357
6046.0	14561.0	16.0	4.0	2.0	3	0	1.0	11.67913818359375	0.8655932891642663
5987.0	14562.0	17.0	4.0	2.0	3	0	1.0	11.67913818359375	0.8578196656610677
6050.0	14564.0	16.0	4.0	2.0	3	0	1.0	11.67913818359375	0.8655932891642663
2660.0	14565.0	17.0	4.0	2.0	3	0	1.0	11.67913818359375	0.8578196656610677
5346.0	14567.0	39.0	4.0	3.0	3,3	0,20	1.0	11.67913818359375	0.7034003568636636
2629.0	14568.0	17.0	4.0	2.0	2	0	1.0	11.67913818359375	0.8578196656610677
2634.0	14570.0	17.0	4.0	2.0	3	0	1.0	11.67913818359375	0.8578196656610677
2211.0	14571.0	20.0	4.0	3.0	3,2	0,21	1.0	11.67913818359375	0.8349151678619319
2175.0	14573.0	13.0	1.0	5.0	2,1,1,1	0,20,16,1	0.0	11.67913818359375	0.8893393897859383
2662.0	14574.0	17.0	4.0	2.0	3	0	1.0	11.67913818359375	0.8578196656610677
931.0	14576.0	61.0	4.0	5.0	2,3,2,3	0,14,16,23	1.0	11.67913818359375	0.5767786422273726
2712.0	14577.0	15.0	4.0	2.0	3	0	1.0	11.67913818359375	0.873437357802717
701.0	14579.0	66.0	4.0	4.0	3,2,2	0,62,48	1.0	11.67913818359375	0.5513403252019066
2586.0	14580.0	18.0	3.0	2.0	3	0	1.0	11.67913818359375	0.8501158546473211
2696.0	14582.0	15.0	4.0	2.0	3	0	1.0	11.67913818359375	0.873437357802717
6047.0	14583.0	16.0	4.0	2.0	3	0	1.0	11.67913818359375	0.8655932891642663
2719.0	14585.0	13.0	2.0	2.0	2	0	1.0	11.67913818359375	0.8893393897859383
2683.0	14588.0	15.0	4.0	2.0	3	0	1.0	11.67913818359375	0.873437357802717
2354.0	14589.0	13.0	3.0	3.0	2,1	0,17	1.0	11.67913818359375	0.8893393897859383
2707.0	14591.0	15.0	4.0	2.0	3	0	1.0	11.67913818359375	0.873437357802717
2726.0	14592.0	13.0	2.0	2.0	2	0	1.0	11.67913818359375	0.8893393897859383
2722.0	14594.0	13.0	3.0	2.0	2	0	1.0	11.67913818359375	0.8893393897859383
5992.0	14595.0	17.0	3.0	2.0	3	0	1.0	11.67913818359375	0.8578196656610677
2175.0	14596.0	2.0	2.0	6.0	2,1,1,1,1	0,20,16,1,13	1.0	11.67913818359375	0.9821192762112462
3035.0	14597.0	2.0	2.0	2.0	2	0	1.0	11.67913818359375	0.9821192762112462
6028.0	14598.0	18.0	4.0	2.0	3	0	1.0	11.67913818359375	0.8501158546473211
2666.0	14600.0	19.0	1.0	2.0	3	0	0.0	11.67913818359375	0.842481229158821
6015.0	14601.0	18.0	4.0	2.0	3	0	1.0	11.67913818359375	0.8501158546473211
6036.0	14603.0	18.0	4.0	2.0	3	0	1.0	11.67913818359375	0.8501158546473211
1670.0	14604.0	14.0	4.0	6.0	2,2,4,1,1	0,2,7,37,17	1.0	11.67913818359375	0.8813525099553019
1535.0	14606.0	62.0	4.0	6.0	2,2,4,3,4	0,1,2,6,15	1.0	11.67913818359375	0.5715987730376627
1344.0	14607.0	63.0	1.0	7.0	2,2,3,3,4,3	0,1,1,3,6,21	0.0	11.67913818359375	0.5664654226384526
6045.0	14608.0	18.0	4.0	2.0	3	0	1.0	11.67913818359375	0.8501158546473211
2667.0	14610.0	19.0	4.0	2.0	3	0	1.0	11.67913818359375	0.842481229158821
6020.0	14612.0	18.0	4.0	2.0	3	0	1.0	11.67913818359375	0.8501158546473211
6048.0	14614.0	18.0	3.0	2.0	3	0	1.0	11.67913818359375	0.8501158546473211
2324.0	14618.0	14.0	3.0	4.0	1,2,1	0,1,18	1.0	11.67913818359375	0.8813525099553019
2189.0	14620.0	14.0	1.0	5.0	2,2,1,1	0,1,20,17	0.0	11.67913818359375	0.8813525099553019
2017.0	14622.0	39.0	4.0	3.0	3,3	0,20	1.0	11.67913818359375	0.7034003568636636
6016.0	14625.0	18.0	4.0	2.0	3	0	1.0	11.67913818359375	0.8501158546473211
6041.0	14627.0	18.0	4.0	2.0	3	0	1.0	11.67913818359375	0.8501158546473211
5983.0	14629.0	19.0	4.0	2.0	3	0	1.0	11.67913818359375	0.842481229158821
1378.0	14631.0	54.0	3.0	7.0	2,2,3,3,3,3	0,2,2,4,7,22	1.0	11.67913818359375	0.6143761491764866
6023.0	14633.0	18.0	4.0	2.0	3	0	1.0	11.67913818359375	0.8501158546473211
5981.0	14635.0	19.0	4.0	2.0	3	0	1.0	11.67913818359375	0.842481229158821
5978.0	14637.0	19.0	4.0	2.0	3	0	1.0	11.67913818359375	0.842481229158821
1237.0	14639.0	14.0	3.0	8.0	2,4,2,4,3,1,1	0,1,4,3,11,46,17	1.0	11.67913818359375	0.8813525099553019
1250.0	14641.0	58.0	1.0	6.0	2,4,4,2,3	0,1,4,14,19	0.0	11.67913818359375	0.5926015972412526
488.0	14643.0	14.0	4.0	4.0	3,4,1	0,45,164	1.0	11.67913818359375	0.8813525099553019
5976.0	14645.0	19.0	4.0	2.0	3	0	1.0	11.67913818359375	0.842481229158821
6037.0	14647.0	18.0	4.0	2.0	3	0	1.0	11.67913818359375	0.8501158546473211
6006.0	14649.0	18.0	4.0	2.0	3	0	1.0	11.67913818359375	0.8501158546473211
5977.0	14651.0	19.0	4.0	2.0	3	0	1.0	11.67913818359375	0.842481229158821
5966.0	14653.0	19.0	4.0	2.0	3	0	1.0	11.67913818359375	0.842481229158821
1213.0	14655.0	43.0	1.0	7.0	2,1,3,3,3,2	0,1,4,4,10,35	0.0	11.67913818359375	0.6784706332369898
2664.0	14657.0	19.0	4.0	2.0	3	0	1.0	11.67913818359375	0.842481229158821
2043.0	14659.0	14.0	2.0	6.0	2,2,2,1,1	0,1,5,21,17	1.0	11.67913818359375	0.8813525099553019
5985.0	14663.0	19.0	3.0	2.0	3	0	1.0	11.67913818359375	0.842481229158821
6052.0	14665.0	18.0	4.0	2.0	3	0	1.0	11.67913818359375	0.8501158546473211
2383.0	14669.0	14.0	3.0	3.0	2,1	0,17	1.0	11.67913818359375	0.8813525099553019
5466.0	14671.0	36.0	3.0	3.0	2,3	0,19	1.0	11.67913818359375	0.722696966322745
2280.0	14672.0	14.0	4.0	3.0	2,1	0,21	1.0	11.67913818359375	0.8813525099553019
2385.0	14674.0	14.0	1.0	3.0	2,1	0,17	0.0	11.67913818359375	0.8813525099553019
2758.0	14675.0	14.0	1.0	2.0	1	0	0.0	11.67913818359375	0.8813525099553019
2749.0	14677.0	14.0	3.0	2.0	1	0	1.0	11.67913818359375	0.8813525099553019
2742.0	14678.0	14.0	4.0	2.0	2	0	1.0	11.67913818359375	0.8813525099553019
2708.0	14680.0	17.0	4.0	2.0	3	0	1.0	11.67913818359375	0.8578196656610677
2181.0	14681.0	14.0	3.0	5.0	2,1,2,1	0,19,1,18	1.0	11.67913818359375	0.8813525099553019
2376.0	14683.0	14.0	1.0	3.0	2,1	0,17	0.0	11.67913818359375	0.8813525099553019
6051.0	14686.0	18.0	4.0	2.0	3	0	1.0	11.67913818359375	0.8501158546473211
2737.0	14687.0	14.0	4.0	2.0	2	0	1.0	11.67913818359375	0.8813525099553019
2346.0	14689.0	14.0	1.0	3.0	2,1	0,18	0.0	11.67913818359375	0.8813525099553019
6027.0	14690.0	18.0	3.0	2.0	3	0	1.0	11.67913818359375	0.8501158546473211
6025.0	14693.0	18.0	3.0	2.0	3	0	1.0	11.67913818359375	0.8501158546473211
2735.0	14695.0	14.0	4.0	2.0	2	0	1.0	11.67913818359375	0.8813525099553019
2699.0	14705.0	17.0	1.0	2.0	3	0	0.0	11.67913818359375	0.8578196656610677
2670.0	14706.0	17.0	4.0	2.0	3	0	1.0	11.67913818359375	0.8578196656610677
1434.0	14707.0	69.0	4.0	5.0	2,4,4,4	0,1,4,15	1.0	11.67913818359375	0.5366190804337184
2363.0	14709.0	14.0	3.0	3.0	2,1	0,18	1.0	11.67913818359375	0.8813525099553019
1643.0	14710.0	14.0	1.0	8.0	2,3,2,2,1,2,1	0,2,6,7,9,19,21	0.0	11.67913818359375	0.8813525099553019
2773.0	14711.0	14.0	3.0	2.0	1	0	1.0	11.67913818359375	0.8813525099553019
1929.0	14713.0	18.0	1.0	6.0	1,1,1,1,2	0,4,5,19,17	0.0	11.67913818359375	0.8501158546473211
2763.0	14714.0	14.0	1.0	2.0	1	0	0.0	11.67913818359375	0.8813525099553019
2766.0	14715.0	14.0	1.0	2.0	2	0	0.0	11.67913818359375	0.8813525099553019
2774.0	14717.0	14.0	4.0	2.0	2	0	1.0	11.67913818359375	0.8813525099553019
2745.0	14718.0	14.0	3.0	2.0	2	0	1.0	11.67913818359375	0.8813525099553019
2770.0	14719.0	14.0	1.0	2.0	2	0	0.0	11.67913818359375	0.8813525099553019
6011.0	14721.0	18.0	4.0	2.0	3	0	1.0	11.67913818359375	0.8501158546473211
2736.0	14722.0	14.0	3.0	2.0	1	0	1.0	11.67913818359375	0.8813525099553019
2746.0	14723.0	14.0	2.0	2.0	2	0	1.0	11.67913818359375	0.8813525099553019
2713.0	14725.0	17.0	3.0	2.0	3	0	1.0	11.67913818359375	0.8578196656610677
6026.0	14726.0	18.0	3.0	2.0	3	0	1.0	11.67913818359375	0.8501158546473211
2764.0	14727.0	14.0	1.0	2.0	1	0	0.0	11.67913818359375	0.8813525099553019
2739.0	14729.0	14.0	3.0	2.0	2	0	1.0	11.67913818359375	0.8813525099553019
6057.0	14731.0	18.0	3.0	2.0	3	0	1.0	11.67913818359375	0.8501158546473211
2699.0	14733.0	2.0	2.0	3.0	3,1	0,17	1.0	11.67913818359375	0.9821192762112462
1643.0	14734.0	2.0	2.0	9.0	2,3,2,2,1,2,1,1	0,2,6,7,9,19,21,14	1.0	11.67913818359375	0.9821192762112462
3051.0	14735.0	2.0	1.0	2.0	1	0	0.0	11.67913818359375	0.9821192762112462
1929.0	14736.0	2.0	2.0	7.0	1,1,1,1,2,1	0,4,5,19,17,18	1.0	11.67913818359375	0.9821192762112462
2763.0	14737.0	2.0	2.0	3.0	1,1	0,14	1.0	11.67913818359375	0.9821192762112462
2766.0	14738.0	2.0	1.0	3.0	2,1	0,14	0.0	11.67913818359375	0.9821192762112462
2770.0	14739.0	2.0	2.0	3.0	2,1	0,14	1.0	11.67913818359375	0.9821192762112462
2764.0	14740.0	2.0	1.0	3.0	1,1	0,14	0.0	11.67913818359375	0.9821192762112462
3055.0	14741.0	2.0	2.0	2.0	2	0	1.0	11.67913818359375	0.9821192762112462
3054.0	14742.0	2.0	1.0	2.0	1	0	0.0	11.67913818359375	0.9821192762112462
5336.0	14744.0	45.0	4.0	3.0	3,3	0,18	1.0	11.67913818359375	0.6663390872452982
5971.0	14746.0	21.0	4.0	2.0	3	0	1.0	11.67913818359375	0.8274170550030222
6014.0	14747.0	20.0	4.0	2.0	3	0	1.0	11.67913818359375	0.8349151678619319
5999.0	14749.0	21.0	4.0	2.0	3	0	1.0	11.67913818359375	0.8274170550030222
2759.0	14750.0	16.0	3.0	2.0	1	0	1.0	11.67913818359375	0.8655932891642663
6008.0	14752.0	20.0	4.0	2.0	3	0	1.0	11.67913818359375	0.8349151678619319
2386.0	14753.0	16.0	1.0	3.0	1,1	0,17	0.0	11.67913818359375	0.8655932891642663
6075.0	14755.0	18.0	4.0	2.0	3	0	1.0	11.67913818359375	0.8501158546473211
2775.0	14756.0	16.0	3.0	2.0	1	0	1.0	11.67913818359375	0.8655932891642663
6059.0	14758.0	18.0	4.0	2.0	3	0	1.0	11.67913818359375	0.8501158546473211
6017.0	14759.0	20.0	4.0	2.0	3	0	1.0	11.67913818359375	0.8349151678619319
6044.0	14765.0	20.0	3.0	2.0	3	0	1.0	11.67913818359375	0.8349151678619319
6003.0	14767.0	21.0	3.0	2.0	3	0	1.0	11.67913818359375	0.8274170550030222
6063.0	14769.0	18.0	4.0	2.0	3	0	1.0	11.67913818359375	0.8501158546473211
2769.0	14776.0	16.0	3.0	2.0	2	0	1.0	11.67913818359375	0.8655932891642663
2373.0	14778.0	16.0	1.0	3.0	2,1	0,17	0.0	11.67913818359375	0.8655932891642663
2740.0	14780.0	16.0	4.0	2.0	1	0	1.0	11.67913818359375	0.8655932891642663
6114.0	14782.0	16.0	4.0	2.0	2	0	1.0	11.67913818359375	0.8655932891642663
6029.0	14784.0	20.0	4.0	2.0	3	0	1.0	11.67913818359375	0.8349151678619319
6092.0	14786.0	18.0	4.0	2.0	3	0	1.0	11.67913818359375	0.8501158546473211
2620.0	14788.0	21.0	4.0	2.0	3	0	1.0	11.67913818359375	0.8274170550030222
2760.0	14790.0	16.0	4.0	2.0	2	0	1.0	11.67913818359375	0.8655932891642663
2695.0	14792.0	19.0	4.0	2.0	2	0	1.0	11.67913818359375	0.842481229158821
2671.0	14794.0	19.0	4.0	2.0	3	0	1.0	11.67913818359375	0.842481229158821
6111.0	14796.0	16.0	3.0	2.0	2	0	1.0	11.67913818359375	0.8655932891642663
6095.0	14798.0	18.0	4.0	2.0	3	0	1.0	11.67913818359375	0.8501158546473211
2688.0	14800.0	19.0	3.0	2.0	3	0	1.0	11.67913818359375	0.842481229158821
6105.0	14802.0	18.0	4.0	2.0	3	0	1.0	11.67913818359375	0.8501158546473211
6030.0	14804.0	20.0	4.0	2.0	3	0	1.0	11.67913818359375	0.8349151678619319
6085.0	14806.0	18.0	4.0	2.0	3	0	1.0	11.67913818359375	0.8501158546473211
6039.0	14808.0	20.0	4.0	2.0	3	0	1.0	11.67913818359375	0.8349151678619319
6070.0	14810.0	18.0	3.0	2.0	3	0	1.0	11.67913818359375	0.8501158546473211
5373.0	14814.0	42.0	4.0	3.0	3,3	0,20	1.0	11.67913818359375	0.6846189829098743
6068.0	14816.0	18.0	4.0	2.0	3	0	1.0	11.67913818359375	0.8501158546473211
2374.0	14818.0	16.0	2.0	3.0	2,1	0,17	1.0	11.67913818359375	0.8655932891642663
6104.0	14820.0	18.0	4.0	2.0	3	0	1.0	11.67913818359375	0.8501158546473211
5333.0	14822.0	29.0	4.0	4.0	2,3,2	0,6,29	1.0	11.67913818359375	0.7698062075881518
2771.0	14824.0	16.0	3.0	2.0	2	0	1.0	11.67913818359375	0.8655932891642663
5634.0	14826.0	20.0	1.0	3.0	1,2	0,18	0.0	11.67913818359375	0.8349151678619319
2765.0	14828.0	16.0	1.0	2.0	2	0	0.0	11.67913818359375	0.8655932891642663
6073.0	14830.0	18.0	4.0	2.0	3	0	1.0	11.67913818359375	0.8501158546473211
2347.0	14832.0	16.0	1.0	3.0	2,1	0,18	0.0	11.67913818359375	0.8655932891642663
5294.0	14834.0	38.0	3.0	5.0	2,1,2,3	0,5,1,20	1.0	11.67913818359375	0.7097746214849577
6091.0	14836.0	18.0	4.0	2.0	3	0	1.0	11.67913818359375	0.8501158546473211
2700.0	14855.0	19.0	2.0	2.0	2	0	1.0	11.67913818359375	0.842481229158821
2757.0	14856.0	16.0	2.0	2.0	1	0	1.0	11.67913818359375	0.8655932891642663
2705.0	14866.0	19.0	3.0	2.0	3	0	1.0	11.67913818359375	0.842481229158821
2761.0	14867.0	16.0	3.0	2.0	2	0	1.0	11.67913818359375	0.8655932891642663
2714.0	14868.0	19.0	3.0	2.0	3	0	1.0	11.67913818359375	0.842481229158821
2768.0	14870.0	16.0	1.0	2.0	1	0	0.0	11.67913818359375	0.8655932891642663
1868.0	14871.0	32.0	3.0	4.0	2,4,2	0,4,32	1.0	11.67913818359375	0.749251742246213
6019.0	14872.0	20.0	4.0	2.0	3	0	1.0	11.67913818359375	0.8349151678619319
6081.0	14873.0	18.0	4.0	2.0	3	0	1.0	11.67913818359375	0.8501158546473211
4237.0	14879.0	98.0	4.0	3.0	3,4	0,27	1.0	11.67913818359375	0.4130926992281222
2672.0	14880.0	19.0	4.0	2.0	3	0	1.0	11.67913818359375	0.842481229158821
4581.0	14882.0	64.0	3.0	6.0	2,4,3,3,3	0,1,3,9,22	1.0	11.67913818359375	0.5613781732589856
5980.0	14883.0	21.0	4.0	2.0	3	0	1.0	11.67913818359375	0.8274170550030222
6086.0	14884.0	18.0	4.0	2.0	3	0	1.0	11.67913818359375	0.8501158546473211
2680.0	14885.0	19.0	3.0	2.0	3	0	1.0	11.67913818359375	0.842481229158821
1461.0	14886.0	19.0	1.0	11.0	2,1,2,4,2,2,2,1,1,2	0,1,3,2,4,4,9,12,19,17	0.0	11.67913818359375	0.842481229158821
6079.0	14888.0	18.0	4.0	2.0	3	0	1.0	11.67913818359375	0.8501158546473211
6049.0	14890.0	20.0	4.0	2.0	3	0	1.0	11.67913818359375	0.8349151678619319
2711.0	14891.0	19.0	4.0	2.0	3	0	1.0	11.67913818359375	0.842481229158821
2772.0	14892.0	16.0	3.0	2.0	2	0	1.0	11.67913818359375	0.8655932891642663
6126.0	14894.0	15.0	4.0	2.0	2	0	1.0	11.67913818359375	0.873437357802717
2673.0	14895.0	19.0	4.0	2.0	3	0	1.0	11.67913818359375	0.842481229158821
1815.0	14896.0	36.0	3.0	7.0	2,1,1,3,1,3	0,1,4,4,6,19	1.0	11.67913818359375	0.722696966322745
6065.0	14897.0	18.0	4.0	2.0	3	0	1.0	11.67913818359375	0.8501158546473211
6064.0	14899.0	18.0	4.0	2.0	3	0	1.0	11.67913818359375	0.8501158546473211
2278.0	14900.0	19.0	3.0	3.0	2,2	0,18	1.0	11.67913818359375	0.842481229158821
4760.0	14901.0	65.0	3.0	5.0	2,4,4,3	0,1,5,20	1.0	11.67913818359375	0.5563366108803747
2767.0	14902.0	16.0	3.0	2.0	2	0	1.0	11.67913818359375	0.8655932891642663
2724.0	14903.0	17.0	4.0	2.0	3	0	1.0	11.67913818359375	0.8578196656610677
1965.0	14905.0	35.0	1.0	5.0	1,1,1,3	0,5,5,19	0.0	11.67913818359375	0.7292460982067378
6072.0	14906.0	18.0	3.0	2.0	3	0	1.0	11.67913818359375	0.8501158546473211
2723.0	14907.0	17.0	2.0	2.0	3	0	1.0	11.67913818359375	0.8578196656610677
2701.0	14908.0	19.0	4.0	2.0	3	0	1.0	11.67913818359375	0.842481229158821
1029.0	14909.0	84.0	4.0	4.0	2,4,4	0,7,20	1.0	11.67913818359375	0.4687031517605507
6066.0	14911.0	18.0	4.0	2.0	3	0	1.0	11.67913818359375	0.8501158546473211
2738.0	14912.0	16.0	4.0	2.0	1	0	1.0	11.67913818359375	0.8655932891642663
2721.0	14913.0	17.0	4.0	2.0	3	0	1.0	11.67913818359375	0.8578196656610677
5580.0	14914.0	23.0	3.0	3.0	3,2	0,22	1.0	11.67913818359375	0.812622239184409
2685.0	14915.0	19.0	1.0	2.0	3	0	0.0	11.67913818359375	0.842481229158821
2165.0	14919.0	37.0	3.0	3.0	2,3	0,19	1.0	11.67913818359375	0.7162066501506766
6058.0	14920.0	19.0	3.0	2.0	3	0	1.0	11.67913818359375	0.842481229158821
972.0	14928.0	14.0	2.0	7.0	2,3,2,2,2,1	0,11,13,15,24,39	1.0	11.67913818359375	0.8813525099553019
2310.0	14929.0	19.0	2.0	3.0	2,2	0,17	1.0	11.67913818359375	0.842481229158821
6021.0	14931.0	20.0	4.0	2.0	3	0	1.0	11.67913818359375	0.8349151678619319
733.0	14932.0	117.0	4.0	3.0	2,3	0,59	1.0	11.67913818359375	0.34802284500224345
1248.0	14934.0	56.0	2.0	6.0	2,3,4,2,3	0,2,4,15,21	1.0	11.67913818359375	0.6033906589506637
1747.0	14935.0	20.0	2.0	6.0	2,3,3,1,2	0,2,7,31,17	1.0	11.67913818359375	0.8349151678619319
1303.0	14936.0	19.0	3.0	8.0	2,2,4,2,4,1,2	0,3,3,7,8,40,17	1.0	11.67913818359375	0.842481229158821
4827.0	14937.0	63.0	3.0	5.0	2,4,4,3	0,1,5,20	1.0	11.67913818359375	0.5664654226384526
6022.0	14938.0	20.0	3.0	2.0	3	0	1.0	11.67913818359375	0.8349151678619319
6125.0	14939.0	15.0	2.0	2.0	2	0	1.0	11.67913818359375	0.873437357802717
2716.0	14943.0	20.0	4.0	2.0	3	0	1.0	11.67913818359375	0.8349151678619319
2702.0	14944.0	20.0	4.0	2.0	3	0	1.0	11.67913818359375	0.8349151678619319
1948.0	14945.0	36.0	3.0	6.0	1,1,1,1,3	0,4,1,5,19	1.0	11.67913818359375	0.722696966322745
2813.0	14947.0	15.0	4.0	2.0	2	0	1.0	11.67913818359375	0.873437357802717
2407.0	14948.0	15.0	4.0	3.0	2,1	0,18	1.0	11.67913818359375	0.873437357802717
6090.0	14951.0	19.0	4.0	2.0	3	0	1.0	11.67913818359375	0.842481229158821
2281.0	14953.0	20.0	4.0	3.0	1,2	0,18	1.0	11.67913818359375	0.8349151678619319
1928.0	14954.0	30.0	4.0	5.0	1,2,3,2	0,4,6,26	1.0	11.67913818359375	0.7628928180053915
2729.0	14957.0	18.0	4.0	2.0	3	0	1.0	45.75277328491211	0.9593965317306974
2810.0	14959.0	15.0	2.0	2.0	2	0	1.0	45.75277328491211	0.9660474388189305
2812.0	14960.0	15.0	1.0	2.0	2	0	0.0	45.75277328491211	0.9660474388189305
2720.0	14962.0	18.0	4.0	2.0	3	0	1.0	45.75277328491211	0.9593965317306974
6069.0	14963.0	19.0	4.0	2.0	3	0	1.0	45.75277328491211	0.957189753697366
2751.0	14965.0	17.0	4.0	2.0	3	0	1.0	45.75277328491211	0.9616083974378882
2741.0	14966.0	17.0	3.0	2.0	2	0	1.0	45.75277328491211	0.9616083974378882
6103.0	14968.0	19.0	4.0	2.0	3	0	1.0	45.75277328491211	0.957189753697366
2801.0	14969.0	15.0	4.0	2.0	2	0	1.0	45.75277328491211	0.9660474388189305
2675.0	14971.0	20.0	4.0	2.0	3	0	1.0	45.75277328491211	0.9549880516353639
2697.0	14972.0	20.0	4.0	2.0	3	0	1.0	45.75277328491211	0.9549880516353639
2411.0	14974.0	15.0	3.0	3.0	2,1	0,18	1.0	45.75277328491211	0.9660474388189305
2743.0	14975.0	17.0	4.0	2.0	3	0	1.0	45.75277328491211	0.9616083974378882
6100.0	14979.0	19.0	4.0	2.0	3	0	1.0	45.75277328491211	0.957189753697366
6062.0	14981.0	19.0	4.0	2.0	3	0	1.0	45.75277328491211	0.957189753697366
2756.0	14983.0	17.0	4.0	2.0	3	0	1.0	45.75277328491211	0.9616083974378882
6117.0	14985.0	17.0	3.0	2.0	3	0	1.0	45.75277328491211	0.9616083974378882
6102.0	14988.0	19.0	4.0	2.0	3	0	1.0	45.75277328491211	0.957189753697366
1905.0	14990.0	15.0	3.0	7.0	1,2,1,3,1,1	0,1,4,5,24,18	1.0	45.75277328491211	0.9660474388189305
2789.0	14992.0	15.0	3.0	2.0	2	0	1.0	45.75277328491211	0.9660474388189305
2755.0	14994.0	17.0	3.0	2.0	3	0	1.0	45.75277328491211	0.9616083974378882
1501.0	14997.0	55.0	2.0	3.0	3,2	0,34	1.0	45.75277328491211	0.8810373689944768
6074.0	14999.0	19.0	4.0	2.0	3	0	1.0	45.75277328491211	0.957189753697366
4230.0	15000.0	100.0	4.0	3.0	3,4	0,26	1.0	45.75277328491211	0.7943093772130622
6162.0	15002.0	15.0	3.0	2.0	2	0	1.0	45.75277328491211	0.9660474388189305
6060.0	15003.0	19.0	4.0	2.0	3	0	1.0	45.75277328491211	0.957189753697366
6152.0	15005.0	15.0	3.0	2.0	2	0	1.0	45.75277328491211	0.9660474388189305
2304.0	15006.0	20.0	3.0	3.0	2,2	0,17	1.0	45.75277328491211	0.9549880516353639
4810.0	15008.0	56.0	3.0	3.0	3,2	0,35	1.0	45.75277328491211	0.8790108305944122
2814.0	15009.0	15.0	1.0	2.0	2	0	0.0	45.75277328491211	0.9660474388189305
6120.0	15011.0	17.0	4.0	2.0	3	0	1.0	45.75277328491211	0.9616083974378882
6096.0	15012.0	19.0	4.0	2.0	3	0	1.0	45.75277328491211	0.957189753697366
2814.0	15013.0	1.0	1.0	3.0	2,1	0,15	0.0	45.75277328491211	0.9976998269637786
2400.0	15014.0	16.0	2.0	3.0	2,1	0,18	1.0	45.75277328491211	0.9638253625484484
2790.0	15015.0	16.0	3.0	2.0	2	0	1.0	45.75277328491211	0.9638253625484484
2703.0	15019.0	21.0	3.0	2.0	3	0	1.0	45.75277328491211	0.9527914138690786
2404.0	15021.0	16.0	1.0	3.0	2,1	0,18	0.0	45.75277328491211	0.9638253625484484
5380.0	15023.0	44.0	4.0	3.0	3,3	0,20	1.0	45.75277328491211	0.903640034419061
1952.0	15024.0	22.0	3.0	5.0	1,1,1,2	0,8,19,17	1.0	45.75277328491211	0.9505998287497537
1667.0	15026.0	15.0	4.0	5.0	2,4,4,1	0,2,10,54	1.0	45.75277328491211	0.9660474388189305
873.0	15027.0	100.0	4.0	3.0	3,4	0,27	1.0	45.75277328491211	0.7943093772130622
2728.0	15029.0	19.0	4.0	2.0	3	0	1.0	45.75277328491211	0.957189753697366
6094.0	15030.0	20.0	4.0	2.0	3	0	1.0	45.75277328491211	0.9549880516353639
6084.0	15032.0	20.0	4.0	2.0	3	0	1.0	45.75277328491211	0.9549880516353639
5564.0	15033.0	16.0	1.0	4.0	2,1,1	0,20,19	0.0	45.75277328491211	0.9638253625484484
2750.0	15035.0	18.0	4.0	2.0	2	0	1.0	45.75277328491211	0.9593965317306974
6099.0	15037.0	20.0	4.0	2.0	3	0	1.0	45.75277328491211	0.9549880516353639
4631.0	15038.0	69.0	4.0	5.0	2,4,4,3	0,2,6,22	1.0	45.75277328491211	0.8530861395566658
1677.0	15040.0	57.0	4.0	6.0	2,2,3,3,4	0,1,2,7,14	1.0	45.75277328491211	0.8769889535833324
6077.0	15041.0	20.0	4.0	2.0	3	0	1.0	45.75277328491211	0.9549880516353639
6108.0	15043.0	18.0	4.0	2.0	3	0	1.0	45.75277328491211	0.9593965317306974
6106.0	15044.0	19.0	4.0	2.0	3	0	1.0	45.75277328491211	0.957189753697366
6101.0	15047.0	20.0	4.0	2.0	3	0	1.0	45.75277328491211	0.9549880516353639
6476.0	15049.0	1.0	1.0	2.0	1	0	0.0	45.75277328491211	0.9976998269637786
2404.0	15050.0	1.0	2.0	4.0	2,1,1	0,18,16	1.0	45.75277328491211	0.9976998269637786
6468.0	15051.0	1.0	1.0	2.0	2	0	0.0	45.75277328491211	0.9976998269637786
5564.0	15052.0	1.0	1.0	5.0	2,1,1,1	0,20,19,16	0.0	45.75277328491211	0.9976998269637786
6473.0	15053.0	1.0	2.0	2.0	1	0	1.0	45.75277328491211	0.9976998269637786
5725.0	15059.0	17.0	2.0	3.0	2,1	0,19	1.0	45.75277328491211	0.9616083974378882
4207.0	15060.0	101.0	4.0	3.0	3,4	0,27	1.0	45.75277328491211	0.7924823282011788
6097.0	15062.0	21.0	4.0	2.0	3	0	1.0	45.75277328491211	0.9527914138690786
2725.0	15063.0	20.0	4.0	2.0	3	0	1.0	45.75277328491211	0.9549880516353639
1239.0	15065.0	16.0	3.0	9.0	2,1,4,4,2,1,1,1	0,3,1,5,19,39,1,17	1.0	45.75277328491211	0.9638253625484484
6113.0	15066.0	19.0	4.0	2.0	3	0	1.0	45.75277328491211	0.957189753697366
1311.0	15068.0	70.0	3.0	7.0	2,3,3,2,4,4	0,1,2,5,5,17	1.0	45.75277328491211	0.8511238938208834
3090.0	15074.0	1.0	2.0	2.0	1	0	1.0	45.75277328491211	0.9976998269637786
3091.0	15075.0	1.0	2.0	2.0	2	0	1.0	45.75277328491211	0.9976998269637786
5393.0	15076.0	46.0	3.0	3.0	3,3	0,19	1.0	45.75277328491211	0.8994877585108956
2731.0	15078.0	21.0	4.0	2.0	3	0	1.0	45.75277328491211	0.9527914138690786
6160.0	15079.0	18.0	3.0	2.0	2	0	1.0	45.75277328491211	0.9593965317306974
4231.0	15081.0	102.0	4.0	3.0	3,4	0,27	1.0	45.75277328491211	0.7906594817181685
6119.0	15082.0	20.0	4.0	2.0	3	0	1.0	45.75277328491211	0.9549880516353639
2368.0	15084.0	17.0	3.0	3.0	2,1	0,21	1.0	45.75277328491211	0.9616083974378882
907.0	15085.0	97.0	4.0	3.0	3,4	0,26	1.0	45.75277328491211	0.7998158364219842
4349.0	15087.0	103.0	4.0	3.0	3,4	0,26	1.0	45.75277328491211	0.7888408280974875
6169.0	15088.0	17.0	1.0	2.0	1	0	0.0	45.75277328491211	0.9616083974378882
2798.0	15090.0	18.0	2.0	2.0	2	0	1.0	45.75277328491211	0.9593965317306974
2753.0	15091.0	20.0	4.0	2.0	3	0	1.0	45.75277328491211	0.9549880516353639
6107.0	15093.0	21.0	4.0	2.0	3	0	1.0	45.75277328491211	0.9527914138690786
6109.0	15094.0	20.0	4.0	2.0	2	0	1.0	45.75277328491211	0.9549880516353639
4260.0	15096.0	97.0	4.0	3.0	3,4	0,26	1.0	45.75277328491211	0.7998158364219842
2706.0	15097.0	23.0	4.0	2.0	3	0	1.0	45.75277328491211	0.9484132846554268
2039.0	15099.0	40.0	4.0	4.0	2,1,3	0,5,19	1.0	45.75277328491211	0.9120021787663086
4463.0	15100.0	83.0	4.0	3.0	3,3	0,26	1.0	45.75277328491211	0.8260216729901924
2334.0	15102.0	17.0	2.0	4.0	2,3,1	0,1,21	1.0	45.75277328491211	0.9616083974378882
1994.0	15103.0	17.0	1.0	5.0	2,3,1,1	0,5,28,17	0.0	45.75277328491211	0.9616083974378882
4235.0	15105.0	102.0	4.0	3.0	3,4	0,27	1.0	45.75277328491211	0.7906594817181685
6112.0	15106.0	20.0	4.0	2.0	3	0	1.0	45.75277328491211	0.9549880516353639
1503.0	15108.0	41.0	1.0	8.0	2,2,1,3,3,3,2	0,3,2,1,4,9,32	0.0	45.75277328491211	0.9099044159457351
2783.0	15111.0	18.0	1.0	2.0	2	0	0.0	45.75277328491211	0.9593965317306974
2754.0	15112.0	20.0	3.0	2.0	3	0	1.0	45.75277328491211	0.9549880516353639
6128.0	15114.0	18.0	3.0	3.0	1,2	0,1	1.0	45.75277328491211	0.9593965317306974
1454.0	15115.0	18.0	1.0	10.0	2,4,1,2,3,4,3,1,1	0,2,7,1,2,2,9,35,18	0.0	45.75277328491211	0.9593965317306974
6080.0	15117.0	22.0	1.0	2.0	3	0	0.0	45.75277328491211	0.9505998287497537
2162.0	15118.0	17.0	1.0	4.0	2,2,1	0,19,24	0.0	45.75277328491211	0.9616083974378882
2732.0	15130.0	20.0	4.0	2.0	3	0	1.0	45.75277328491211	0.9549880516353639
1945.0	15132.0	16.0	3.0	5.0	1,3,2,1	0,4,23,26	1.0	45.75277328491211	0.9638253625484484
6124.0	15134.0	19.0	4.0	2.0	3	0	1.0	45.75277328491211	0.957189753697366
2419.0	15136.0	16.0	3.0	3.0	2,1	0,18	1.0	45.75277328491211	0.9638253625484484
2162.0	15137.0	23.0	2.0	5.0	2,2,1,1	0,19,24,17	1.0	45.75277328491211	0.9484132846554268
1994.0	15139.0	23.0	1.0	6.0	2,3,1,1,1	0,5,28,17,17	0.0	45.75277328491211	0.9484132846554268
3098.0	15140.0	23.0	1.0	2.0	2	0	0.0	45.75277328491211	0.9484132846554268
3098.0	15142.0	4.0	2.0	3.0	2,1	0,23	1.0	45.75277328491211	0.9908310039801009
1994.0	15143.0	4.0	1.0	7.0	2,3,1,1,1,1	0,5,28,17,17,23	0.0	45.75277328491211	0.9908310039801009
2747.0	15145.0	47.0	4.0	2.0	3	0	1.0	45.75277328491211	0.8974187810223576
6127.0	15146.0	46.0	3.0	2.0	3	0	1.0	45.75277328491211	0.8994877585108956
2778.0	15148.0	45.0	4.0	2.0	3	0	1.0	45.75277328491211	0.9015615059774401
2779.0	15149.0	45.0	4.0	2.0	3	0	1.0	45.75277328491211	0.9015615059774401
1315.0	15151.0	102.0	4.0	6.0	2,4,2,4,4	0,1,4,4,17	1.0	45.75277328491211	0.7906594817181685
1354.0	15152.0	74.0	3.0	10.0	2,3,2,4,1,3,1,3,3	0,2,2,3,9,1,7,5,21	1.0	45.75277328491211	0.8433199422259987
2777.0	15153.0	45.0	2.0	2.0	3	0	1.0	45.75277328491211	0.9015615059774401
2799.0	15155.0	45.0	4.0	2.0	3	0	1.0	45.75277328491211	0.9015615059774401
2804.0	15157.0	45.0	4.0	2.0	3	0	1.0	45.75277328491211	0.9015615059774401
1703.0	15158.0	43.0	1.0	5.0	2,4,4,1	0,2,10,54	0.0	45.75277328491211	0.9057233548581819
2178.0	15160.0	48.0	1.0	4.0	2,1,2	0,20,17	0.0	45.75277328491211	0.8953545625400513
2793.0	15161.0	45.0	3.0	2.0	2	0	1.0	45.75277328491211	0.9015615059774401
6159.0	15163.0	45.0	3.0	2.0	2	0	1.0	45.75277328491211	0.9015615059774401
2350.0	15164.0	44.0	2.0	3.0	1,1	0,21	1.0	45.75277328491211	0.903640034419061
2381.0	15166.0	47.0	3.0	3.0	2,2	0,17	1.0	45.75277328491211	0.8974187810223576
759.0	15172.0	146.0	4.0	3.0	3,3	0,56	1.0	45.75277328491211	0.7144715612735627
2816.0	15179.0	45.0	4.0	2.0	3	0	1.0	45.75277328491211	0.9015615059774401
1152.0	15180.0	108.0	4.0	3.0	2,3	0,26	1.0	45.75277328491211	0.7798101161535675
2837.0	15182.0	43.0	4.0	2.0	2	0	1.0	45.75277328491211	0.9057233548581819
2838.0	15183.0	43.0	1.0	2.0	2	0	0.0	45.75277328491211	0.9057233548581819
2733.0	15185.0	47.0	4.0	2.0	3	0	1.0	45.75277328491211	0.8974187810223576
2734.0	15186.0	47.0	4.0	2.0	3	0	1.0	45.75277328491211	0.8974187810223576
2834.0	15188.0	43.0	3.0	2.0	2	0	1.0	45.75277328491211	0.9057233548581819
1161.0	15191.0	108.0	4.0	5.0	2,4,4,4	0,1,5,19	1.0	45.75277328491211	0.7798101161535675
2842.0	15195.0	43.0	4.0	2.0	2	0	1.0	45.75277328491211	0.9057233548581819
1171.0	15196.0	95.0	2.0	7.0	2,2,4,2,4,3	0,3,2,5,6,22	1.0	45.75277328491211	0.803508000097499
2856.0	15198.0	43.0	4.0	2.0	2	0	1.0	45.75277328491211	0.9057233548581819
2860.0	15199.0	43.0	3.0	2.0	2	0	1.0	45.75277328491211	0.9057233548581819
2762.0	15201.0	47.0	4.0	2.0	3	0	1.0	45.75277328491211	0.8974187810223576
2776.0	15202.0	47.0	4.0	2.0	3	0	1.0	45.75277328491211	0.8974187810223576
714.0	15205.0	149.0	1.0	3.0	3,3	0,58	0.0	45.75277328491211	0.7095526682872877
4213.0	15207.0	124.0	4.0	3.0	3,4	0,26	1.0	45.75277328491211	0.7516007679206599
2781.0	15208.0	45.0	4.0	2.0	2	0	1.0	45.75277328491211	0.9015615059774401
4309.0	15214.0	122.0	4.0	3.0	3,4	0,26	1.0	45.75277328491211	0.7550703579530603
2353.0	15216.0	47.0	4.0	3.0	2,2	0,18	1.0	45.75277328491211	0.8974187810223576
5057.0	15217.0	43.0	2.0	6.0	2,3,3,3,1	0,2,6,14,44	1.0	45.75277328491211	0.9057233548581819
5354.0	15219.0	74.0	3.0	3.0	3,3	0,20	1.0	45.75277328491211	0.8433199422259987
2807.0	15220.0	45.0	4.0	2.0	3	0	1.0	45.75277328491211	0.9015615059774401
2808.0	15222.0	45.0	4.0	2.0	3	0	1.0	45.75277328491211	0.9015615059774401
4555.0	15223.0	107.0	4.0	5.0	2,4,4,4	0,1,5,19	1.0	45.75277328491211	0.7816079496843278
2163.0	15225.0	50.0	2.0	4.0	1,1,2	0,19,18	1.0	45.75277328491211	0.8912403588331613
6118.0	15226.0	47.0	4.0	2.0	3	0	1.0	45.75277328491211	0.8974187810223576
2811.0	15228.0	45.0	4.0	2.0	2	0	1.0	45.75277328491211	0.9015615059774401
2819.0	15229.0	45.0	4.0	2.0	3	0	1.0	45.75277328491211	0.9015615059774401
2292.0	15231.0	50.0	1.0	3.0	1,2	0,18	0.0	45.75277328491211	0.8912403588331613
6141.0	15239.0	45.0	3.0	2.0	3	0	1.0	45.75277328491211	0.9015615059774401
6158.0	15241.0	45.0	2.0	2.0	3	0	1.0	45.75277328491211	0.9015615059774401
6161.0	15243.0	45.0	3.0	2.0	3	0	1.0	45.75277328491211	0.9015615059774401
2852.0	15245.0	43.0	4.0	2.0	2	0	1.0	45.75277328491211	0.9057233548581819
2727.0	15250.0	48.0	4.0	2.0	3	0	1.0	45.75277328491211	0.8953545625400513
6148.0	15253.0	45.0	4.0	2.0	3	0	1.0	45.75277328491211	0.9015615059774401
6110.0	15254.0	47.0	4.0	2.0	3	0	1.0	45.75277328491211	0.8974187810223576
2748.0	15256.0	47.0	4.0	2.0	3	0	1.0	45.75277328491211	0.8974187810223576
3119.0	15257.0	3.0	2.0	2.0	1	0	1.0	45.75277328491211	0.9931153411095791
3116.0	15258.0	3.0	1.0	2.0	2	0	0.0	45.75277328491211	0.9931153411095791
3118.0	15260.0	3.0	1.0	2.0	2	0	0.0	45.75277328491211	0.9931153411095791
1566.0	15261.0	46.0	2.0	8.0	2,3,2,2,2,2,1	0,2,4,9,9,23,26	1.0	45.75277328491211	0.8994877585108956
2442.0	15265.0	46.0	1.0	3.0	2,1	0,18	0.0	45.75277328491211	0.8994877585108956
6061.0	15267.0	52.0	4.0	2.0	3	0	1.0	45.75277328491211	0.887145060119723
2805.0	15270.0	48.0	2.0	2.0	2	0	1.0	45.75277328491211	0.8953545625400513
2815.0	15272.0	48.0	4.0	2.0	3	0	1.0	45.75277328491211	0.8953545625400513
4285.0	15273.0	126.0	4.0	3.0	3,4	0,26	1.0	45.75277328491211	0.748147120846245
1206.0	15275.0	92.0	4.0	7.0	2,1,4,4,2,3	0,3,1,4,14,21	1.0	45.75277328491211	0.8090782277109553
2744.0	15276.0	50.0	3.0	2.0	3	0	1.0	45.75277328491211	0.8912403588331613
6155.0	15278.0	48.0	4.0	2.0	2	0	1.0	45.75277328491211	0.8953545625400513
914.0	15280.0	96.0	2.0	4.0	2,4,2	0,13,43	1.0	45.75277328491211	0.8016597926612865
6149.0	15281.0	48.0	3.0	2.0	2	0	1.0	45.75277328491211	0.8953545625400513
4261.0	15283.0	123.0	3.0	3.0	3,3	0,30	1.0	45.75277328491211	0.7533335654752467
868.0	15285.0	98.0	2.0	4.0	3,2,2	0,57,46	1.0	45.75277328491211	0.7979761216011034
6116.0	15286.0	50.0	3.0	2.0	3	0	1.0	45.75277328491211	0.8912403588331613
2827.0	15294.0	46.0	1.0	2.0	2	0	0.0	45.75277328491211	0.8994877585108956
2844.0	15296.0	46.0	1.0	2.0	2	0	0.0	45.75277328491211	0.8994877585108956
1580.0	15297.0	54.0	1.0	11.0	2,1,2,1,3,3,2,1,1,2	0,1,3,3,1,3,8,10,19,17	0.0	45.75277328491211	0.8830685795302466
2179.0	15299.0	51.0	1.0	4.0	2,1,2	0,19,18	0.0	45.75277328491211	0.8891903517909809
6156.0	15300.0	48.0	2.0	2.0	3	0	1.0	45.75277328491211	0.8953545625400513
6121.0	15302.0	49.0	4.0	2.0	3	0	1.0	45.75277328491211	0.8932950921174387
6122.0	15303.0	49.0	4.0	2.0	3	0	1.0	45.75277328491211	0.8932950921174387
609.0	15305.0	159.0	4.0	3.0	3,3	0,68	1.0	45.75277328491211	0.6933996315127564
2797.0	15306.0	48.0	4.0	2.0	2	0	1.0	45.75277328491211	0.8953545625400513
4320.0	15308.0	118.0	4.0	3.0	3,3	0,31	1.0	45.75277328491211	0.762057661619382
966.0	15309.0	106.0	1.0	7.0	2,1,4,2,4,4	0,19,2,5,7,20	0.0	45.75277328491211	0.7834099280771991
2427.0	15311.0	46.0	2.0	3.0	2,1	0,18	1.0	45.75277328491211	0.8994877585108956
2752.0	15312.0	50.0	4.0	2.0	3	0	1.0	45.75277328491211	0.8912403588331613
1570.0	15314.0	50.0	1.0	9.0	2,3,3,1,1,3,1,2	0,2,4,11,4,6,25,17	0.0	45.75277328491211	0.8912403588331613
6164.0	15315.0	48.0	3.0	2.0	3	0	1.0	45.75277328491211	0.8953545625400513
2432.0	15317.0	45.0	1.0	4.0	2,1,1	0,18,1	0.0	45.75277328491211	0.9015615059774401
2463.0	15318.0	45.0	1.0	3.0	2,1	0,18	0.0	45.75277328491211	0.9015615059774401
1124.0	15320.0	112.0	4.0	5.0	2,4,4,4	0,2,5,19	1.0	45.75277328491211	0.7726600403022785
1304.0	15321.0	45.0	3.0	6.0	3,1,4,1,1	0,33,5,31,17	1.0	45.75277328491211	0.9015615059774401
6129.0	15333.0	49.0	3.0	2.0	3	0	1.0	45.75277328491211	0.8932950921174387
6153.0	15334.0	48.0	3.0	2.0	3	0	1.0	45.75277328491211	0.8953545625400513
2787.0	15336.0	48.0	1.0	2.0	2	0	0.0	45.75277328491211	0.8953545625400513
2865.0	15337.0	45.0	1.0	3.0	2,2	0,1	0.0	45.75277328491211	0.9015615059774401
2034.0	15339.0	45.0	2.0	5.0	2,2,2,1	0,5,20,25	1.0	45.75277328491211	0.9015615059774401
1138.0	15340.0	112.0	1.0	5.0	2,4,4,4	0,2,6,18	0.0	45.75277328491211	0.7726600403022785
1165.0	15342.0	55.0	4.0	13.0	2,2,2,2,4,2,1,2,1,2,1,3	0,3,3,3,3,10,14,4,5,1,18,17	1.0	45.75277328491211	0.8810373689944768
2456.0	15343.0	45.0	1.0	3.0	2,1	0,18	0.0	45.75277328491211	0.9015615059774401
6115.0	15345.0	50.0	4.0	2.0	2	0	1.0	45.75277328491211	0.8912403588331613
761.0	15346.0	45.0	3.0	13.0	1,1,2,1,2,2,1,4,4,3,4,1	0,3,1,42,19,6,7,1,3,8,16,54	1.0	45.75277328491211	0.9015615059774401
2796.0	15348.0	48.0	4.0	2.0	3	0	1.0	45.75277328491211	0.8953545625400513
2839.0	15349.0	46.0	4.0	2.0	2	0	1.0	45.75277328491211	0.8994877585108956
4763.0	15351.0	102.0	3.0	5.0	2,4,3,4	0,1,5,17	1.0	45.75277328491211	0.7906594817181685
2824.0	15352.0	47.0	4.0	2.0	3	0	1.0	45.75277328491211	0.8974187810223576
2037.0	15354.0	72.0	4.0	3.0	3,3	0,22	1.0	45.75277328491211	0.8472129324816722
2867.0	15355.0	45.0	1.0	3.0	2,1	0,1	0.0	45.75277328491211	0.9015615059774401
2872.0	15357.0	45.0	1.0	3.0	1,1	0,1	0.0	45.75277328491211	0.9015615059774401
2482.0	15358.0	45.0	2.0	3.0	2,1	0,17	1.0	45.75277328491211	0.9015615059774401
2782.0	15360.0	48.0	3.0	2.0	3	0	1.0	45.75277328491211	0.8953545625400513
2475.0	15361.0	45.0	1.0	3.0	2,1	0,18	0.0	45.75277328491211	0.9015615059774401
2494.0	15363.0	45.0	4.0	3.0	2,1	0,17	1.0	45.75277328491211	0.9015615059774401
2458.0	15366.0	45.0	1.0	3.0	2,1	0,18	0.0	45.75277328491211	0.9015615059774401
2874.0	15367.0	45.0	1.0	2.0	2	0	0.0	45.75277328491211	0.9015615059774401
2420.0	15369.0	46.0	3.0	3.0	2,1	0,18	1.0	45.75277328491211	0.8994877585108956
2825.0	15370.0	47.0	4.0	2.0	3	0	1.0	45.75277328491211	0.8974187810223576
1438.0	15372.0	103.0	3.0	5.0	2,4,4,4	0,1,4,17	1.0	45.75277328491211	0.7888408280974875
2864.0	15375.0	45.0	2.0	3.0	1,2	0,1	1.0	45.75277328491211	0.9015615059774401
1067.0	15376.0	68.0	1.0	10.0	2,1,4,1,4,4,2,2,2	0,2,1,3,2,4,11,17,32	0.0	45.75277328491211	0.8550529092029572
6134.0	15378.0	48.0	3.0	2.0	3	0	1.0	45.75277328491211	0.8953545625400513
2795.0	15379.0	48.0	3.0	2.0	3	0	1.0	45.75277328491211	0.8953545625400513
1138.0	15383.0	1.0	2.0	6.0	2,4,4,4,1	0,2,6,18,112	1.0	45.75277328491211	0.9976998269637786
2456.0	15384.0	1.0	1.0	4.0	2,1,1	0,18,45	0.0	45.75277328491211	0.9976998269637786
3131.0	15385.0	1.0	2.0	2.0	2	0	1.0	45.75277328491211	0.9976998269637786
2867.0	15386.0	1.0	2.0	4.0	2,1,1	0,1,45	1.0	45.75277328491211	0.9976998269637786
2872.0	15387.0	1.0	2.0	4.0	1,1,1	0,1,45	1.0	45.75277328491211	0.9976998269637786
3134.0	15388.0	1.0	1.0	2.0	2	0	0.0	45.75277328491211	0.9976998269637786
2475.0	15389.0	1.0	1.0	4.0	2,1,1	0,18,45	0.0	45.75277328491211	0.9976998269637786
2458.0	15390.0	1.0	1.0	4.0	2,1,1	0,18,45	0.0	45.75277328491211	0.9976998269637786
2874.0	15391.0	1.0	1.0	3.0	2,1	0,45	0.0	45.75277328491211	0.9976998269637786
3138.0	15393.0	1.0	2.0	2.0	2	0	1.0	45.75277328491211	0.9976998269637786
1067.0	15394.0	1.0	2.0	11.0	2,1,4,1,4,4,2,2,2,1	0,2,1,3,2,4,11,17,32,68	1.0	45.75277328491211	0.9976998269637786
3140.0	15395.0	1.0	2.0	2.0	2	0	1.0	45.75277328491211	0.9976998269637786
2787.0	15396.0	1.0	2.0	3.0	2,1	0,48	1.0	45.75277328491211	0.9976998269637786
3134.0	15397.0	1.0	2.0	3.0	2,1	0,1	1.0	45.75277328491211	0.9976998269637786
2456.0	15398.0	1.0	1.0	5.0	2,1,1,1	0,18,45,1	0.0	45.75277328491211	0.9976998269637786
2475.0	15399.0	1.0	2.0	5.0	2,1,1,1	0,18,45,1	1.0	45.75277328491211	0.9976998269637786
2458.0	15400.0	1.0	2.0	5.0	2,1,1,1	0,18,45,1	1.0	45.75277328491211	0.9976998269637786
2874.0	15401.0	1.0	2.0	4.0	2,1,1	0,45,1	1.0	45.75277328491211	0.9976998269637786
5492.0	15404.0	72.0	2.0	3.0	2,3	0,20	1.0	45.75277328491211	0.8472129324816722
2794.0	15405.0	50.0	3.0	2.0	3	0	1.0	45.75277328491211	0.8912403588331613
2822.0	15407.0	49.0	3.0	2.0	3	0	1.0	45.75277328491211	0.8932950921174387
1400.0	15408.0	101.0	4.0	5.0	2,4,4,3	0,2,5,21	1.0	45.75277328491211	0.7924823282011788
6131.0	15410.0	50.0	3.0	2.0	3	0	1.0	45.75277328491211	0.8912403588331613
4887.0	15411.0	101.0	4.0	6.0	2,2,3,4,4	0,1,2,4,15	1.0	45.75277328491211	0.7924823282011788
2495.0	15413.0	47.0	1.0	3.0	2,1	0,17	0.0	45.75277328491211	0.8974187810223576
6145.0	15414.0	50.0	4.0	2.0	3	0	1.0	45.75277328491211	0.8912403588331613
6163.0	15416.0	50.0	4.0	2.0	3	0	1.0	45.75277328491211	0.8912403588331613
4345.0	15417.0	114.0	4.0	4.0	2,3,3	0,19,28	1.0	45.75277328491211	0.7691096247071882
6150.0	15419.0	50.0	4.0	2.0	3	0	1.0	45.75277328491211	0.8912403588331613
6171.0	15420.0	49.0	4.0	2.0	3	0	1.0	45.75277328491211	0.8932950921174387
2869.0	15422.0	47.0	3.0	3.0	2,2	0,1	1.0	45.75277328491211	0.8974187810223576
6186.0	15423.0	49.0	4.0	2.0	3	0	1.0	45.75277328491211	0.8932950921174387
1019.0	15425.0	126.0	4.0	3.0	2,4	0,26	1.0	45.75277328491211	0.748147120846245
6154.0	15426.0	50.0	4.0	2.0	3	0	1.0	45.75277328491211	0.8912403588331613
6205.0	15428.0	49.0	4.0	2.0	3	0	1.0	45.75277328491211	0.8932950921174387
5585.0	15429.0	57.0	4.0	3.0	2,2	0,22	1.0	45.75277328491211	0.8769889535833324
6136.0	15431.0	50.0	4.0	2.0	3	0	1.0	45.75277328491211	0.8912403588331613
6202.0	15432.0	49.0	4.0	2.0	3	0	1.0	45.75277328491211	0.8932950921174387
2854.0	15434.0	47.0	1.0	3.0	1,2	0,1	0.0	45.75277328491211	0.8974187810223576
2893.0	15437.0	47.0	2.0	2.0	2	0	1.0	45.75277328491211	0.8974187810223576
2905.0	15438.0	47.0	1.0	2.0	2	0	0.0	45.75277328491211	0.8974187810223576
2899.0	15443.0	47.0	2.0	2.0	2	0	1.0	45.75277328491211	0.8974187810223576
2016.0	15444.0	72.0	2.0	5.0	2,2,2,3	0,1,5,20	1.0	45.75277328491211	0.8472129324816722
4818.0	15446.0	105.0	4.0	5.0	2,3,4,4	0,1,4,16	1.0	45.75277328491211	0.7852160608880618
6198.0	15449.0	49.0	4.0	2.0	3	0	1.0	45.75277328491211	0.8932950921174387
5099.0	15450.0	47.0	2.0	4.0	3,1,1	0,49,17	1.0	45.75277328491211	0.8974187810223576
6130.0	15452.0	51.0	4.0	2.0	3	0	1.0	45.75277328491211	0.8891903517909809
6177.0	15453.0	49.0	3.0	2.0	3	0	1.0	45.75277328491211	0.8932950921174387
2465.0	15455.0	47.0	1.0	3.0	1,1	0,18	0.0	45.75277328491211	0.8974187810223576
6143.0	15456.0	50.0	3.0	2.0	3	0	1.0	45.75277328491211	0.8912403588331613
6133.0	15458.0	50.0	4.0	2.0	3	0	1.0	45.75277328491211	0.8912403588331613
4485.0	15459.0	99.0	3.0	6.0	2,4,2,3,3	0,2,8,8,22	1.0	45.75277328491211	0.796140638442648
2469.0	15464.0	47.0	3.0	3.0	1,1	0,18	1.0	45.75277328491211	0.8974187810223576
6151.0	15465.0	50.0	3.0	2.0	3	0	1.0	45.75277328491211	0.8912403588331613
6135.0	15467.0	50.0	4.0	2.0	3	0	1.0	45.75277328491211	0.8912403588331613
6176.0	15470.0	49.0	4.0	2.0	3	0	1.0	45.75277328491211	0.8932950921174387
2684.0	15471.0	55.0	4.0	2.0	3	0	1.0	45.75277328491211	0.8810373689944768
6147.0	15473.0	50.0	4.0	2.0	3	0	1.0	45.75277328491211	0.8912403588331613
6123.0	15474.0	51.0	4.0	2.0	3	0	1.0	45.75277328491211	0.8891903517909809
6146.0	15477.0	50.0	1.0	2.0	2	0	0.0	45.75277328491211	0.8912403588331613
2871.0	15479.0	47.0	3.0	3.0	2,1	0,1	1.0	45.75277328491211	0.8974187810223576
1360.0	15480.0	47.0	3.0	6.0	2,4,4,3,1	0,2,5,18,57	1.0	45.75277328491211	0.8974187810223576
973.0	15482.0	101.0	4.0	8.0	2,1,2,4,3,4,3	0,11,1,1,5,8,25	1.0	45.75277328491211	0.7924823282011788
2898.0	15483.0	47.0	3.0	2.0	2	0	1.0	45.75277328491211	0.8974187810223576
6146.0	15485.0	2.0	1.0	3.0	2,1	0,50	0.0	45.75277328491211	0.9954049447235537
2157.0	15486.0	75.0	4.0	3.0	2,3	0,19	1.0	45.75277328491211	0.8413801604339827
2190.0	15488.0	54.0	1.0	5.0	2,2,1,2	0,1,20,17	0.0	45.75277328491211	0.8830685795302466
1861.0	15490.0	48.0	1.0	7.0	2,1,1,1,1,1	0,4,6,15,19,14	0.0	45.75277328491211	0.8953545625400513
2502.0	15492.0	48.0	3.0	3.0	2,1	0,17	1.0	45.75277328491211	0.8953545625400513
6137.0	15494.0	52.0	4.0	2.0	3	0	1.0	45.75277328491211	0.887145060119723
2784.0	15497.0	52.0	4.0	2.0	3	0	1.0	45.75277328491211	0.887145060119723
1294.0	15503.0	48.0	3.0	10.0	2,2,2,2,2,2,2,4,1	0,1,2,3,5,6,12,13,45	1.0	45.75277328491211	0.8953545625400513
804.0	15505.0	154.0	4.0	3.0	3,3	0,55	1.0	45.75277328491211	0.7014296534430936
2820.0	15507.0	52.0	4.0	2.0	3	0	1.0	45.75277328491211	0.887145060119723
2792.0	15509.0	52.0	2.0	2.0	2	0	1.0	45.75277328491211	0.887145060119723
2528.0	15511.0	48.0	2.0	3.0	2,1	0,14	1.0	45.75277328491211	0.8953545625400513
2572.0	15513.0	48.0	3.0	3.0	2,1	0,14	1.0	45.75277328491211	0.8953545625400513
2546.0	15515.0	48.0	1.0	3.0	1,1	0,14	0.0	45.75277328491211	0.8953545625400513
6219.0	15517.0	49.0	3.0	2.0	2	0	1.0	45.75277328491211	0.8932950921174387
2817.0	15519.0	52.0	2.0	2.0	2	0	1.0	45.75277328491211	0.887145060119723
2505.0	15522.0	48.0	1.0	4.0	1,2,1	0,1,16	0.0	45.75277328491211	0.8953545625400513
1853.0	15526.0	48.0	3.0	4.0	2,1,1	0,45,14	1.0	45.75277328491211	0.8953545625400513
6233.0	15533.0	49.0	1.0	2.0	2	0	0.0	45.75277328491211	0.8932950921174387
2802.0	15535.0	52.0	1.0	2.0	2	0	0.0	45.75277328491211	0.887145060119723
1396.0	15537.0	68.0	1.0	14.0	2,1,3,3,1,1,1,1,1,4,1,3,3	0,2,2,3,7,2,1,4,1,4,9,5,23	0.0	45.75277328491211	0.8550529092029572
2823.0	15547.0	51.0	1.0	2.0	2	0	0.0	45.75277328491211	0.8891903517909809
2800.0	15552.0	52.0	4.0	2.0	3	0	1.0	45.75277328491211	0.887145060119723
2785.0	15553.0	52.0	3.0	2.0	3	0	1.0	45.75277328491211	0.887145060119723
2809.0	15555.0	52.0	4.0	2.0	3	0	1.0	45.75277328491211	0.887145060119723
6183.0	15556.0	51.0	3.0	2.0	3	0	1.0	45.75277328491211	0.8891903517909809
2500.0	15558.0	48.0	1.0	3.0	2,1	0,17	0.0	45.75277328491211	0.8953545625400513
2565.0	15560.0	48.0	1.0	3.0	1,1	0,14	0.0	45.75277328491211	0.8953545625400513
2204.0	15561.0	48.0	1.0	4.0	2,1,1	0,21,14	0.0	45.75277328491211	0.8953545625400513
6170.0	15563.0	51.0	3.0	2.0	3	0	1.0	45.75277328491211	0.8891903517909809
5851.0	15564.0	48.0	2.0	3.0	2,1	0,18	1.0	45.75277328491211	0.8953545625400513
2831.0	15566.0	50.0	4.0	2.0	3	0	1.0	45.75277328491211	0.8912403588331613
2859.0	15567.0	50.0	4.0	2.0	3	0	1.0	45.75277328491211	0.8912403588331613
2833.0	15575.0	50.0	3.0	2.0	3	0	1.0	45.75277328491211	0.8912403588331613
2821.0	15576.0	51.0	1.0	2.0	3	0	0.0	45.75277328491211	0.8891903517909809
2862.0	15578.0	50.0	4.0	2.0	3	0	1.0	45.75277328491211	0.8912403588331613
6239.0	15579.0	49.0	3.0	2.0	2	0	1.0	45.75277328491211	0.8932950921174387
2567.0	15581.0	48.0	2.0	3.0	2,1	0,14	1.0	45.75277328491211	0.8953545625400513
6168.0	15582.0	51.0	4.0	2.0	3	0	1.0	45.75277328491211	0.8891903517909809
2786.0	15584.0	52.0	4.0	2.0	3	0	1.0	45.75277328491211	0.887145060119723
2517.0	15585.0	48.0	1.0	4.0	1,1,1	0,2,14	0.0	45.75277328491211	0.8953545625400513
6199.0	15587.0	51.0	3.0	2.0	3	0	1.0	45.75277328491211	0.8891903517909809
6179.0	15588.0	51.0	3.0	2.0	3	0	1.0	45.75277328491211	0.8891903517909809
6132.0	15590.0	52.0	4.0	2.0	3	0	1.0	45.75277328491211	0.887145060119723
6142.0	15591.0	52.0	4.0	2.0	3	0	1.0	45.75277328491211	0.887145060119723
6138.0	15593.0	52.0	4.0	2.0	3	0	1.0	45.75277328491211	0.887145060119723
1003.0	15594.0	48.0	1.0	5.0	1,4,2,1	0,11,39,56	0.0	45.75277328491211	0.8953545625400513
6195.0	15596.0	51.0	4.0	2.0	3	0	1.0	45.75277328491211	0.8891903517909809
6144.0	15602.0	52.0	4.0	2.0	3	0	1.0	45.75277328491211	0.887145060119723
6139.0	15603.0	52.0	4.0	2.0	3	0	1.0	45.75277328491211	0.887145060119723
6184.0	15604.0	51.0	4.0	2.0	3	0	1.0	45.75277328491211	0.8891903517909809
547.0	15606.0	48.0	1.0	18.0	3,1,1,2,1,4,1,2,2,1,2,2,2,2,2,2,1	0,42,3,1,5,1,45,19,5,6,2,3,5,7,12,28,28	0.0	45.75277328491211	0.8953545625400513
2818.0	15607.0	52.0	4.0	2.0	3	0	1.0	45.75277328491211	0.887145060119723
6253.0	15608.0	48.0	1.0	2.0	1	0	0.0	45.75277328491211	0.8953545625400513
2847.0	15610.0	50.0	4.0	2.0	3	0	1.0	45.75277328491211	0.8912403588331613
2803.0	15611.0	52.0	1.0	2.0	2	0	0.0	45.75277328491211	0.887145060119723
906.0	15612.0	131.0	4.0	3.0	3,4	0,26	1.0	45.75277328491211	0.7395822736687349
6263.0	15614.0	48.0	2.0	2.0	2	0	1.0	45.75277328491211	0.8953545625400513
6193.0	15615.0	51.0	4.0	2.0	3	0	1.0	45.75277328491211	0.8891903517909809
6194.0	15616.0	51.0	3.0	2.0	3	0	1.0	45.75277328491211	0.8891903517909809
2076.0	15618.0	75.0	4.0	3.0	3,3	0,21	1.0	45.75277328491211	0.8413801604339827
703.0	15619.0	156.0	3.0	3.0	3,3	0,58	1.0	45.75277328491211	0.698206545412984
6185.0	15620.0	51.0	4.0	2.0	3	0	1.0	45.75277328491211	0.8891903517909809
5146.0	15622.0	71.0	2.0	5.0	1,2,4,2	0,1,5,36	1.0	45.75277328491211	0.8491661615898327
6300.0	15623.0	48.0	2.0	2.0	2	0	1.0	45.75277328491211	0.8953545625400513
2514.0	15626.0	48.0	2.0	3.0	2,1	0,16	1.0	45.75277328491211	0.8953545625400513
6271.0	15627.0	48.0	2.0	2.0	2	0	1.0	45.75277328491211	0.8953545625400513
4476.0	15628.0	114.0	3.0	3.0	3,3	0,28	1.0	45.75277328491211	0.7691096247071882
1001.0	15631.0	128.0	4.0	3.0	3,4	0,26	1.0	45.75277328491211	0.7447093434710423
686.0	15634.0	47.0	4.0	7.0	1,3,2,2,1,1	0,1,61,36,62,12	1.0	45.75277328491211	0.8974187810223576
795.0	15635.0	47.0	1.0	16.0	1,1,1,2,2,2,2,2,2,2,2,1,2,1,1	0,59,8,1,2,3,3,3,6,6,9,13,13,23,13	0.0	45.75277328491211	0.8974187810223576
6264.0	15638.0	48.0	2.0	2.0	2	0	1.0	45.75277328491211	0.8953545625400513
2866.0	15639.0	50.0	4.0	2.0	3	0	1.0	45.75277328491211	0.8912403588331613
1223.0	15640.0	47.0	4.0	9.0	2,1,1,2,4,4,4,1	0,1,2,1,2,4,15,65	1.0	45.75277328491211	0.8974187810223576
6213.0	15642.0	50.0	4.0	2.0	3	0	1.0	45.75277328491211	0.8912403588331613
6140.0	15643.0	52.0	4.0	2.0	3	0	1.0	45.75277328491211	0.887145060119723
1384.0	15644.0	93.0	4.0	3.0	3,2	0,38	1.0	45.75277328491211	0.8072172077873807
2574.0	15646.0	48.0	1.0	3.0	1,1	0,14	0.0	45.75277328491211	0.8953545625400513
1120.0	15647.0	76.0	1.0	11.0	2,1,1,1,2,1,3,4,4,2	0,1,2,2,1,3,1,4,10,42	0.0	45.75277328491211	0.8394448404757408
1014.0	15648.0	128.0	4.0	3.0	2,4	0,26	1.0	45.75277328491211	0.7447093434710423
2829.0	15650.0	50.0	4.0	2.0	3	0	1.0	45.75277328491211	0.8912403588331613
6197.0	15651.0	51.0	4.0	2.0	3	0	1.0	45.75277328491211	0.8891903517909809
6188.0	15652.0	51.0	4.0	2.0	3	0	1.0	45.75277328491211	0.8891903517909809
1280.0	15655.0	47.0	3.0	8.0	2,2,4,2,2,4,1	0,1,3,8,9,14,53	1.0	45.75277328491211	0.8974187810223576
2845.0	15656.0	50.0	4.0	2.0	3	0	1.0	45.75277328491211	0.8912403588331613
6165.0	15658.0	52.0	4.0	2.0	3	0	1.0	45.75277328491211	0.887145060119723
6187.0	15659.0	51.0	3.0	2.0	3	0	1.0	45.75277328491211	0.8891903517909809
949.0	15660.0	66.0	1.0	16.0	2,1,1,2,2,1,2,2,2,2,4,2,2,4,2	0,19,2,2,3,4,2,2,2,2,2,5,10,10,32	0.0	45.75277328491211	0.859000061970181
6294.0	15661.0	48.0	2.0	2.0	2	0	1.0	45.75277328491211	0.8953545625400513
6243.0	15662.0	48.0	1.0	2.0	1	0	0.0	45.75277328491211	0.8953545625400513
6256.0	15663.0	48.0	3.0	2.0	2	0	1.0	45.75277328491211	0.8953545625400513
6172.0	15664.0	51.0	2.0	2.0	3	0	1.0	45.75277328491211	0.8891903517909809
982.0	15665.0	48.0	3.0	5.0	1,3,4,1	0,13,18,75	1.0	45.75277328491211	0.8953545625400513
6200.0	15666.0	51.0	3.0	2.0	3	0	1.0	45.75277328491211	0.8891903517909809
6261.0	15667.0	48.0	2.0	2.0	2	0	1.0	45.75277328491211	0.8953545625400513
1376.0	15668.0	105.0	3.0	5.0	2,4,3,4	0,2,6,18	1.0	45.75277328491211	0.7852160608880618
2858.0	15679.0	50.0	4.0	2.0	3	0	1.0	45.75277328491211	0.8912403588331613
2836.0	15680.0	50.0	3.0	2.0	3	0	1.0	45.75277328491211	0.8912403588331613
2876.0	15681.0	49.0	3.0	2.0	3	0	1.0	45.75277328491211	0.8932950921174387
1404.0	15682.0	47.0	3.0	12.0	2,1,1,2,2,1,3,3,4,2,1	0,1,2,1,3,3,2,3,8,29,32	1.0	45.75277328491211	0.8974187810223576
2212.0	15683.0	47.0	3.0	4.0	2,2,1	0,18,18	1.0	45.75277328491211	0.8974187810223576
2395.0	15685.0	52.0	3.0	3.0	2,2	0,18	1.0	45.75277328491211	0.887145060119723
2203.0	15686.0	47.0	3.0	4.0	3,1,1	0,23,13	1.0	45.75277328491211	0.8974187810223576
4722.0	15687.0	109.0	3.0	5.0	2,3,4,4	0,1,4,18	1.0	45.75277328491211	0.7780164179510184
2909.0	15689.0	49.0	3.0	2.0	3	0	1.0	45.75277328491211	0.8932950921174387
2934.0	15690.0	47.0	4.0	2.0	2	0	1.0	45.75277328491211	0.8974187810223576
2912.0	15691.0	49.0	4.0	2.0	2	0	1.0	45.75277328491211	0.8932950921174387
1982.0	15692.0	47.0	4.0	5.0	2,4,1,1	0,5,36,13	1.0	45.75277328491211	0.8974187810223576
4247.0	15693.0	135.0	4.0	3.0	3,4	0,28	1.0	45.75277328491211	0.7328010467450784
2877.0	15694.0	49.0	4.0	2.0	3	0	1.0	45.75277328491211	0.8932950921174387
2835.0	15695.0	50.0	4.0	2.0	3	0	1.0	45.75277328491211	0.8912403588331613
2967.0	15696.0	47.0	1.0	2.0	2	0	0.0	45.75277328491211	0.8974187810223576
2103.0	15697.0	47.0	3.0	4.0	2,3,1	0,15,34	1.0	45.75277328491211	0.8974187810223576
2961.0	15698.0	47.0	3.0	2.0	2	0	1.0	45.75277328491211	0.8974187810223576
2832.0	15699.0	50.0	4.0	2.0	2	0	1.0	45.75277328491211	0.8912403588331613
5177.0	15700.0	66.0	3.0	5.0	2,2,3,2	0,5,8,28	1.0	45.75277328491211	0.859000061970181
4091.0	15701.0	154.0	4.0	3.0	3,3	0,59	1.0	45.75277328491211	0.7014296534430936
4291.0	15702.0	130.0	4.0	3.0	3,4	0,26	1.0	45.75277328491211	0.7412873628729069
2959.0	15703.0	47.0	1.0	2.0	2	0	0.0	45.75277328491211	0.8974187810223576
2613.0	15704.0	47.0	1.0	3.0	2,1	0,13	0.0	45.75277328491211	0.8974187810223576
5775.0	15705.0	51.0	1.0	3.0	2,2	0,19	0.0	45.75277328491211	0.8891903517909809
2936.0	15706.0	47.0	1.0	2.0	2	0	0.0	45.75277328491211	0.8974187810223576
2848.0	15707.0	50.0	4.0	2.0	3	0	1.0	45.75277328491211	0.8912403588331613
1961.0	15708.0	47.0	4.0	5.0	1,4,1,1	0,6,35,14	1.0	45.75277328491211	0.8974187810223576
2117.0	15709.0	47.0	1.0	5.0	1,1,1,1	0,16,19,14	0.0	45.75277328491211	0.8974187810223576
5463.0	15711.0	74.0	4.0	3.0	3,3	0,21	1.0	45.75277328491211	0.8433199422259987
2224.0	15712.0	47.0	1.0	4.0	1,1,1	0,21,13	0.0	45.75277328491211	0.8974187810223576
2892.0	15714.0	49.0	4.0	2.0	3	0	1.0	45.75277328491211	0.8932950921174387
2121.0	15715.0	47.0	1.0	5.0	1,1,1,1	0,16,19,14	0.0	45.75277328491211	0.8974187810223576
6166.0	15716.0	51.0	4.0	2.0	3	0	1.0	45.75277328491211	0.8891903517909809
2243.0	15717.0	47.0	2.0	4.0	2,1,1	0,21,12	1.0	45.75277328491211	0.8974187810223576
2861.0	15718.0	50.0	3.0	2.0	3	0	1.0	45.75277328491211	0.8912403588331613
2883.0	15719.0	49.0	4.0	2.0	3	0	1.0	45.75277328491211	0.8932950921174387
5150.0	15720.0	66.0	2.0	6.0	2,2,3,3,2	0,1,5,9,32	1.0	45.75277328491211	0.859000061970181
2966.0	15722.0	47.0	1.0	2.0	2	0	0.0	45.75277328491211	0.8974187810223576
2967.0	15724.0	1.0	1.0	3.0	2,1	0,47	0.0	45.75277328491211	0.9976998269637786
2959.0	15725.0	1.0	1.0	3.0	2,1	0,47	0.0	45.75277328491211	0.9976998269637786
2613.0	15726.0	1.0	2.0	4.0	2,1,1	0,13,47	1.0	45.75277328491211	0.9976998269637786
5775.0	15727.0	1.0	2.0	4.0	2,2,1	0,19,51	1.0	45.75277328491211	0.9976998269637786
2936.0	15728.0	1.0	2.0	3.0	2,1	0,47	1.0	45.75277328491211	0.9976998269637786
2117.0	15729.0	1.0	1.0	6.0	1,1,1,1,1	0,16,19,14,47	0.0	45.75277328491211	0.9976998269637786
2224.0	15730.0	1.0	1.0	5.0	1,1,1,1	0,21,13,47	0.0	45.75277328491211	0.9976998269637786
2121.0	15731.0	1.0	2.0	6.0	1,1,1,1,1	0,16,19,14,47	1.0	45.75277328491211	0.9976998269637786
2966.0	15733.0	1.0	2.0	3.0	2,1	0,47	1.0	45.75277328491211	0.9976998269637786
6192.0	15734.0	52.0	3.0	2.0	3	0	1.0	45.75277328491211	0.887145060119723
6257.0	15736.0	50.0	3.0	2.0	3	0	1.0	45.75277328491211	0.8912403588331613
5963.0	15737.0	48.0	1.0	3.0	1,1	0,13	0.0	45.75277328491211	0.8953545625400513
6207.0	15739.0	52.0	4.0	2.0	3	0	1.0	45.75277328491211	0.887145060119723
6225.0	15740.0	50.0	4.0	2.0	3	0	1.0	45.75277328491211	0.8912403588331613
6250.0	15742.0	50.0	4.0	2.0	3	0	1.0	45.75277328491211	0.8912403588331613
6191.0	15743.0	52.0	2.0	2.0	3	0	1.0	45.75277328491211	0.887145060119723
6245.0	15745.0	50.0	3.0	2.0	3	0	1.0	45.75277328491211	0.8912403588331613
6189.0	15746.0	52.0	3.0	2.0	3	0	1.0	45.75277328491211	0.887145060119723
6216.0	15748.0	50.0	1.0	2.0	3	0	0.0	45.75277328491211	0.8912403588331613
1451.0	15750.0	48.0	1.0	8.0	2,2,3,2,3,1,1	0,1,4,8,13,44,12	0.0	45.75277328491211	0.8953545625400513
6181.0	15751.0	52.0	4.0	2.0	3	0	1.0	45.75277328491211	0.887145060119723
6259.0	15753.0	50.0	4.0	2.0	3	0	1.0	45.75277328491211	0.8912403588331613
6215.0	15754.0	50.0	4.0	2.0	3	0	1.0	45.75277328491211	0.8912403588331613
6201.0	15756.0	52.0	4.0	2.0	3	0	1.0	45.75277328491211	0.887145060119723
6211.0	15757.0	51.0	4.0	2.0	3	0	1.0	45.75277328491211	0.8891903517909809
6235.0	15759.0	50.0	4.0	2.0	3	0	1.0	45.75277328491211	0.8912403588331613
4683.0	15760.0	106.0	4.0	6.0	2,3,3,3,4	0,2,3,6,17	1.0	45.75277328491211	0.7834099280771991
643.0	15762.0	106.0	4.0	4.0	3,2,2	0,69,51	1.0	45.75277328491211	0.7834099280771991
6240.0	15763.0	50.0	4.0	2.0	3	0	1.0	45.75277328491211	0.8912403588331613
6241.0	15769.0	50.0	4.0	2.0	3	0	1.0	45.75277328491211	0.8912403588331613
6180.0	15771.0	52.0	1.0	2.0	3	0	0.0	45.75277328491211	0.887145060119723
6210.0	15772.0	51.0	4.0	2.0	3	0	1.0	45.75277328491211	0.8891903517909809
6222.0	15774.0	50.0	4.0	2.0	3	0	1.0	45.75277328491211	0.8912403588331613
6196.0	15775.0	52.0	4.0	2.0	3	0	1.0	45.75277328491211	0.887145060119723
6182.0	15777.0	52.0	1.0	2.0	3	0	0.0	45.75277328491211	0.887145060119723
5906.0	15780.0	48.0	2.0	3.0	1,1	0,14	1.0	45.75277328491211	0.8953545625400513
6209.0	15781.0	52.0	4.0	2.0	3	0	1.0	45.75277328491211	0.887145060119723
6237.0	15783.0	50.0	4.0	2.0	3	0	1.0	45.75277328491211	0.8912403588331613
6247.0	15784.0	50.0	4.0	2.0	3	0	1.0	45.75277328491211	0.8912403588331613
6167.0	15788.0	52.0	4.0	2.0	3	0	1.0	45.75277328491211	0.887145060119723
2955.0	15789.0	48.0	4.0	2.0	2	0	1.0	45.75277328491211	0.8953545625400513
2956.0	15791.0	48.0	4.0	2.0	2	0	1.0	45.75277328491211	0.8953545625400513
6216.0	15793.0	1.0	2.0	3.0	3,1	0,50	1.0	45.75277328491211	0.9976998269637786
1451.0	15794.0	1.0	2.0	9.0	2,2,3,2,3,1,1,1	0,1,4,8,13,44,12,48	1.0	45.75277328491211	0.9976998269637786
6534.0	15795.0	1.0	3.0	2.0	2	0	1.0	45.75277328491211	0.9976998269637786
6180.0	15797.0	1.0	2.0	3.0	3,1	0,52	1.0	45.75277328491211	0.9976998269637786
6182.0	15798.0	1.0	2.0	3.0	3,1	0,52	1.0	45.75277328491211	0.9976998269637786
2461.0	15800.0	52.0	4.0	3.0	2,2	0,17	1.0	45.75277328491211	0.887145060119723
903.0	15801.0	132.0	4.0	3.0	3,4	0,27	1.0	45.75277328491211	0.7378811064647748
2857.0	15803.0	52.0	4.0	2.0	3	0	1.0	45.75277328491211	0.887145060119723
2633.0	15804.0	48.0	2.0	3.0	1,1	0,13	1.0	45.75277328491211	0.8953545625400513
6173.0	15806.0	53.0	4.0	2.0	3	0	1.0	45.75277328491211	0.8851044729732186
2870.0	15807.0	52.0	3.0	2.0	3	0	1.0	45.75277328491211	0.887145060119723
2585.0	15809.0	48.0	1.0	3.0	3,1	0,14	0.0	45.75277328491211	0.8953545625400513
2873.0	15810.0	51.0	2.0	2.0	3	0	1.0	45.75277328491211	0.8891903517909809
2843.0	15812.0	52.0	4.0	2.0	3	0	1.0	45.75277328491211	0.887145060119723
6204.0	15813.0	53.0	4.0	2.0	3	0	1.0	45.75277328491211	0.8851044729732186
2929.0	15815.0	49.0	1.0	2.0	2	0	0.0	45.75277328491211	0.8932950921174387
2826.0	15816.0	52.0	4.0	2.0	3	0	1.0	45.75277328491211	0.887145060119723
1757.0	15818.0	48.0	1.0	12.0	2,1,1,1,1,2,2,1,1,1,1	0,1,4,1,4,1,4,6,19,17,12	0.0	45.75277328491211	0.8953545625400513
2879.0	15820.0	51.0	4.0	2.0	2	0	1.0	45.75277328491211	0.8891903517909809
1525.0	15821.0	48.0	1.0	6.0	2,4,4,1,1	0,3,11,54,12	0.0	45.75277328491211	0.8953545625400513
2709.0	15823.0	48.0	1.0	3.0	1,1	0,11	0.0	45.75277328491211	0.8953545625400513
2878.0	15824.0	51.0	4.0	2.0	3	0	1.0	45.75277328491211	0.8891903517909809
1603.0	15826.0	48.0	1.0	5.0	2,4,4,1	0,3,13,59	0.0	45.75277328491211	0.8953545625400513
2884.0	15827.0	51.0	4.0	2.0	3	0	1.0	45.75277328491211	0.8891903517909809
2868.0	15829.0	52.0	4.0	2.0	3	0	1.0	45.75277328491211	0.887145060119723
6208.0	15832.0	53.0	4.0	2.0	3	0	1.0	45.75277328491211	0.8851044729732186
6206.0	15835.0	53.0	4.0	2.0	3	0	1.0	45.75277328491211	0.8851044729732186
6220.0	15836.0	51.0	4.0	2.0	3	0	1.0	45.75277328491211	0.8891903517909809
2846.0	15838.0	52.0	4.0	2.0	3	0	1.0	45.75277328491211	0.887145060119723
6174.0	15839.0	53.0	4.0	2.0	3	0	1.0	45.75277328491211	0.8851044729732186
1707.0	15841.0	72.0	4.0	5.0	2,3,4,2	0,2,6,38	1.0	45.75277328491211	0.8472129324816722
2849.0	15844.0	52.0	4.0	2.0	3	0	1.0	45.75277328491211	0.887145060119723
2851.0	15845.0	52.0	4.0	2.0	3	0	1.0	45.75277328491211	0.887145060119723
2653.0	15847.0	48.0	2.0	3.0	1,1	0,13	1.0	45.75277328491211	0.8953545625400513
2906.0	15849.0	51.0	2.0	2.0	2	0	1.0	45.75277328491211	0.8891903517909809
2828.0	15851.0	52.0	4.0	2.0	3	0	1.0	45.75277328491211	0.887145060119723
5690.0	15853.0	56.0	3.0	3.0	3,2	0,20	1.0	45.75277328491211	0.8790108305944122
2916.0	15855.0	51.0	2.0	2.0	2	0	1.0	45.75277328491211	0.8891903517909809
2911.0	15861.0	51.0	4.0	2.0	3	0	1.0	45.75277328491211	0.8891903517909809
2840.0	15863.0	52.0	4.0	2.0	3	0	1.0	45.75277328491211	0.887145060119723
6218.0	15865.0	51.0	4.0	2.0	2	0	1.0	45.75277328491211	0.8891903517909809
2919.0	15867.0	51.0	4.0	2.0	3	0	1.0	45.75277328491211	0.8891903517909809
6175.0	15869.0	53.0	4.0	2.0	3	0	1.0	45.75277328491211	0.8851044729732186
6190.0	15871.0	53.0	4.0	2.0	3	0	1.0	45.75277328491211	0.8851044729732186
2917.0	15873.0	51.0	4.0	2.0	3	0	1.0	45.75277328491211	0.8891903517909809
6223.0	15875.0	51.0	3.0	2.0	3	0	1.0	45.75277328491211	0.8891903517909809
5385.0	15877.0	78.0	4.0	3.0	3,3	0,23	1.0	45.75277328491211	0.835587545032227
1891.0	15879.0	73.0	1.0	6.0	2,2,2,2,3	0,1,6,5,22	0.0	45.75277328491211	0.8452641961384397
6212.0	15881.0	52.0	3.0	2.0	3	0	1.0	45.75277328491211	0.887145060119723
2972.0	15883.0	48.0	2.0	2.0	1	0	1.0	45.75277328491211	0.8953545625400513
2841.0	15885.0	52.0	2.0	2.0	3	0	1.0	45.75277328491211	0.887145060119723
2897.0	15887.0	51.0	3.0	2.0	3	0	1.0	45.75277328491211	0.8891903517909809
2896.0	15888.0	51.0	4.0	2.0	3	0	1.0	45.75277328491211	0.8891903517909809
6277.0	15889.0	50.0	4.0	2.0	3	0	1.0	45.75277328491211	0.8912403588331613
5800.0	15891.0	52.0	4.0	4.0	2,2,2	0,1,18	1.0	45.75277328491211	0.887145060119723
6178.0	15892.0	53.0	4.0	2.0	3	0	1.0	45.75277328491211	0.8851044729732186
5537.0	15895.0	73.0	4.0	3.0	3,3	0,22	1.0	45.75277328491211	0.8452641961384397
6281.0	15897.0	50.0	4.0	2.0	3	0	1.0	45.75277328491211	0.8912403588331613
6255.0	15898.0	51.0	4.0	2.0	3	0	1.0	45.75277328491211	0.8891903517909809
2625.0	15900.0	48.0	4.0	3.0	2,1	0,13	1.0	45.75277328491211	0.8953545625400513
1006.0	15901.0	130.0	4.0	3.0	3,4	0,26	1.0	45.75277328491211	0.7412873628729069
6228.0	15902.0	51.0	4.0	2.0	3	0	1.0	45.75277328491211	0.8891903517909809
2900.0	15903.0	51.0	4.0	2.0	3	0	1.0	45.75277328491211	0.8891903517909809
2921.0	15905.0	51.0	1.0	2.0	3	0	0.0	45.75277328491211	0.8891903517909809
6292.0	15908.0	50.0	4.0	2.0	3	0	1.0	45.75277328491211	0.8912403588331613
2914.0	15909.0	51.0	1.0	2.0	2	0	0.0	45.75277328491211	0.8891903517909809
6226.0	15912.0	51.0	4.0	2.0	3	0	1.0	45.75277328491211	0.8891903517909809
6291.0	15915.0	50.0	4.0	2.0	3	0	1.0	45.75277328491211	0.8912403588331613
2918.0	15917.0	51.0	3.0	2.0	2	0	1.0	45.75277328491211	0.8891903517909809
6297.0	15918.0	50.0	4.0	2.0	3	0	1.0	45.75277328491211	0.8912403588331613
6279.0	15920.0	50.0	4.0	2.0	3	0	1.0	45.75277328491211	0.8912403588331613
2650.0	15921.0	48.0	4.0	3.0	2,1	0,13	1.0	45.75277328491211	0.8953545625400513
1240.0	15923.0	114.0	4.0	5.0	2,4,4,4	0,1,5,18	1.0	45.75277328491211	0.7691096247071882
2635.0	15924.0	48.0	1.0	3.0	2,1	0,13	0.0	45.75277328491211	0.8953545625400513
2886.0	15926.0	51.0	3.0	2.0	3	0	1.0	45.75277328491211	0.8891903517909809
6269.0	15929.0	50.0	4.0	2.0	3	0	1.0	45.75277328491211	0.8912403588331613
2042.0	15930.0	48.0	1.0	6.0	2,1,1,1,1	0,5,19,17,11	0.0	45.75277328491211	0.8953545625400513
2920.0	15932.0	51.0	1.0	2.0	3	0	0.0	45.75277328491211	0.8891903517909809
6270.0	15933.0	50.0	4.0	2.0	3	0	1.0	45.75277328491211	0.8912403588331613
6272.0	15935.0	50.0	4.0	2.0	3	0	1.0	45.75277328491211	0.8912403588331613
2914.0	15937.0	1.0	2.0	3.0	2,1	0,51	1.0	45.75277328491211	0.9976998269637786
2042.0	15938.0	1.0	2.0	7.0	2,1,1,1,1,1	0,5,19,17,11,48	1.0	45.75277328491211	0.9976998269637786
2920.0	15939.0	1.0	2.0	3.0	3,1	0,51	1.0	45.75277328491211	0.9976998269637786
2922.0	15941.0	52.0	4.0	2.0	3	0	1.0	45.75277328491211	0.887145060119723
928.0	15942.0	133.0	4.0	3.0	3,4	0,26	1.0	45.75277328491211	0.7361838522397471
2472.0	15944.0	53.0	4.0	3.0	2,2	0,17	1.0	45.75277328491211	0.8851044729732186
1668.0	15945.0	79.0	4.0	8.0	2,1,4,1,1,3,3	0,2,2,9,1,4,23	1.0	45.75277328491211	0.8336655490917414
6335.0	15947.0	49.0	2.0	2.0	2	0	1.0	45.75277328491211	0.8932950921174387
6315.0	15948.0	49.0	3.0	2.0	2	0	1.0	45.75277328491211	0.8932950921174387
6234.0	15950.0	52.0	4.0	2.0	3	0	1.0	45.75277328491211	0.887145060119723
6355.0	15952.0	49.0	2.0	2.0	2	0	1.0	45.75277328491211	0.8932950921174387
6275.0	15953.0	51.0	3.0	2.0	3	0	1.0	45.75277328491211	0.8891903517909809
964.0	15955.0	138.0	4.0	3.0	3,4	0,28	1.0	45.75277328491211	0.7277559615036951
1946.0	15956.0	79.0	4.0	4.0	1,3,3	0,4,23	1.0	45.75277328491211	0.8336655490917414
965.0	15959.0	138.0	4.0	3.0	3,4	0,28	1.0	45.75277328491211	0.7277559615036951
2887.0	15961.0	52.0	4.0	2.0	3	0	1.0	45.75277328491211	0.887145060119723
5713.0	15962.0	55.0	1.0	3.0	2,2	0,19	0.0	45.75277328491211	0.8810373689944768
6326.0	15964.0	49.0	2.0	2.0	2	0	1.0	45.75277328491211	0.8932950921174387
2902.0	15965.0	52.0	2.0	2.0	3	0	1.0	45.75277328491211	0.887145060119723
6348.0	15967.0	49.0	3.0	2.0	2	0	1.0	45.75277328491211	0.8932950921174387
2853.0	15968.0	53.0	4.0	2.0	3	0	1.0	45.75277328491211	0.8851044729732186
1888.0	15970.0	82.0	3.0	5.0	2,2,3,3	0,1,4,21	1.0	45.75277328491211	0.8279260461575494
6299.0	15971.0	51.0	3.0	2.0	3	0	1.0	45.75277328491211	0.8891903517909809
6224.0	15973.0	52.0	3.0	2.0	3	0	1.0	45.75277328491211	0.887145060119723
2888.0	15974.0	52.0	4.0	2.0	3	0	1.0	45.75277328491211	0.887145060119723
1227.0	15976.0	50.0	3.0	13.0	2,1,2,2,2,2,2,1,2,2,1,2	0,1,3,3,6,6,6,10,4,15,23,13	1.0	45.75277328491211	0.8912403588331613
2108.0	15977.0	78.0	4.0	3.0	3,3	0,21	1.0	45.75277328491211	0.835587545032227
6221.0	15979.0	52.0	4.0	2.0	3	0	1.0	45.75277328491211	0.887145060119723
1967.0	15981.0	51.0	3.0	6.0	2,2,1,1,2	0,5,16,19,14	1.0	45.75277328491211	0.8891903517909809
4292.0	15982.0	133.0	4.0	3.0	3,4	0,26	1.0	45.75277328491211	0.7361838522397471
2973.0	15984.0	49.0	1.0	2.0	2	0	0.0	45.75277328491211	0.8932950921174387
6295.0	15986.0	51.0	3.0	2.0	3	0	1.0	45.75277328491211	0.8891903517909809
2890.0	15987.0	52.0	4.0	2.0	3	0	1.0	45.75277328491211	0.887145060119723
2923.0	15989.0	52.0	1.0	2.0	2	0	0.0	45.75277328491211	0.887145060119723
2908.0	15990.0	52.0	4.0	2.0	3	0	1.0	45.75277328491211	0.887145060119723
2698.0	15992.0	48.0	2.0	3.0	2,1	0,12	1.0	45.75277328491211	0.8953545625400513
2607.0	15993.0	50.0	2.0	3.0	2,2	0,13	1.0	45.75277328491211	0.8912403588331613
2451.0	15995.0	53.0	4.0	4.0	2,2,2	0,1,17	1.0	45.75277328491211	0.8851044729732186
2901.0	15996.0	52.0	3.0	2.0	3	0	1.0	45.75277328491211	0.887145060119723
2715.0	15998.0	48.0	3.0	3.0	1,1	0,12	1.0	45.75277328491211	0.8953545625400513
2537.0	15999.0	51.0	1.0	3.0	2,2	0,14	0.0	45.75277328491211	0.8891903517909809
2894.0	16001.0	52.0	4.0	2.0	3	0	1.0	45.75277328491211	0.887145060119723
2915.0	16002.0	52.0	2.0	2.0	2	0	1.0	45.75277328491211	0.887145060119723
2895.0	16004.0	52.0	3.0	2.0	3	0	1.0	45.75277328491211	0.887145060119723
6214.0	16005.0	53.0	4.0	2.0	3	0	1.0	45.75277328491211	0.8851044729732186
954.0	16007.0	131.0	4.0	3.0	3,4	0,26	1.0	45.75277328491211	0.7395822736687349
2689.0	16008.0	48.0	1.0	3.0	2,1	0,12	0.0	45.75277328491211	0.8953545625400513
6232.0	16010.0	52.0	4.0	2.0	3	0	1.0	45.75277328491211	0.887145060119723
2710.0	16011.0	48.0	2.0	3.0	2,1	0,12	1.0	45.75277328491211	0.8953545625400513
2913.0	16013.0	52.0	1.0	2.0	2	0	0.0	45.75277328491211	0.887145060119723
2591.0	16015.0	50.0	1.0	3.0	2,2	0,13	0.0	45.75277328491211	0.8912403588331613
2105.0	16016.0	50.0	1.0	6.0	2,1,2,1,2	0,15,1,19,14	0.0	45.75277328491211	0.8912403588331613
6229.0	16018.0	52.0	4.0	2.0	3	0	1.0	45.75277328491211	0.887145060119723
2903.0	16019.0	52.0	4.0	2.0	3	0	1.0	45.75277328491211	0.887145060119723
2952.0	16021.0	50.0	3.0	2.0	3	0	1.0	45.75277328491211	0.8912403588331613
1348.0	16022.0	113.0	3.0	6.0	2,2,4,3,4	0,1,1,5,18	1.0	45.75277328491211	0.7708827885114095
2881.0	16024.0	52.0	3.0	2.0	3	0	1.0	45.75277328491211	0.887145060119723
2924.0	16025.0	52.0	1.0	2.0	2	0	0.0	45.75277328491211	0.887145060119723
720.0	16028.0	48.0	2.0	5.0	1,2,2,1	0,60,48,61	1.0	45.75277328491211	0.8953545625400513
6356.0	16031.0	49.0	2.0	2.0	2	0	1.0	45.75277328491211	0.8932950921174387
2885.0	16033.0	52.0	4.0	2.0	3	0	1.0	45.75277328491211	0.887145060119723
2474.0	16053.0	52.0	2.0	3.0	2,2	0,18	1.0	45.75277328491211	0.887145060119723
5228.0	16054.0	83.0	4.0	4.0	2,3,3	0,5,21	1.0	45.75277328491211	0.8260216729901924
6251.0	16056.0	52.0	4.0	2.0	3	0	1.0	45.75277328491211	0.887145060119723
6244.0	16057.0	52.0	4.0	2.0	3	0	1.0	45.75277328491211	0.887145060119723
2984.0	16059.0	48.0	1.0	2.0	2	0	0.0	45.75277328491211	0.8953545625400513
2957.0	16061.0	50.0	4.0	2.0	3	0	1.0	45.75277328491211	0.8912403588331613
6230.0	16062.0	52.0	4.0	2.0	3	0	1.0	45.75277328491211	0.887145060119723
4270.0	16064.0	132.0	4.0	3.0	3,4	0,27	1.0	45.75277328491211	0.7378811064647748
2977.0	16065.0	48.0	1.0	2.0	2	0	0.0	45.75277328491211	0.8953545625400513
2924.0	16066.0	6.0	2.0	3.0	2,1	0,52	1.0	45.75277328491211	0.9862780807471956
2537.0	16067.0	6.0	2.0	4.0	2,2,1	0,14,51	1.0	45.75277328491211	0.9862780807471956
2984.0	16068.0	6.0	2.0	3.0	2,1	0,48	1.0	45.75277328491211	0.9862780807471956
2977.0	16069.0	6.0	2.0	3.0	2,1	0,48	1.0	45.75277328491211	0.9862780807471956
6248.0	16070.0	58.0	2.0	2.0	3	0	1.0	45.75277328491211	0.8749717272392359
4313.0	16071.0	142.0	2.0	3.0	3,4	0,27	1.0	45.75277328491211	0.72108316998921
6290.0	16072.0	64.0	2.0	2.0	3	0	1.0	45.75277328491211	0.8629654358495723
5178.0	16073.0	86.0	3.0	5.0	2,2,2,3	0,5,8,24	1.0	45.75277328491211	0.82033479553556
6246.0	16074.0	65.0	4.0	2.0	3	0	1.0	45.75277328491211	0.8609804660228401
6308.0	16075.0	63.0	4.0	2.0	3	0	1.0	45.75277328491211	0.8649549819766604
2503.0	16076.0	64.0	1.0	4.0	1,2,2	0,1,16	0.0	45.75277328491211	0.8629654358495723
6217.0	16077.0	65.0	4.0	2.0	3	0	1.0	45.75277328491211	0.8609804660228401
6265.0	16079.0	64.0	4.0	2.0	3	0	1.0	45.75277328491211	0.8629654358495723
2602.0	16080.0	63.0	3.0	3.0	2,2	0,13	1.0	45.75277328491211	0.8649549819766604
6289.0	16081.0	64.0	4.0	2.0	3	0	1.0	45.75277328491211	0.8629654358495723
2979.0	16082.0	61.0	4.0	2.0	2	0	1.0	45.75277328491211	0.8689478453584314
6305.0	16083.0	64.0	4.0	2.0	3	0	1.0	45.75277328491211	0.8629654358495723
1277.0	16086.0	72.0	1.0	10.0	2,1,2,2,2,2,4,1,3	0,2,1,3,5,7,9,36,16	0.0	45.75277328491211	0.8472129324816722
6249.0	16087.0	65.0	2.0	2.0	3	0	1.0	45.75277328491211	0.8609804660228401
2962.0	16089.0	63.0	3.0	2.0	3	0	1.0	45.75277328491211	0.8649549819766604
1743.0	16092.0	65.0	4.0	4.0	2,1,2	0,49,17	1.0	45.75277328491211	0.8609804660228401
6254.0	16093.0	64.0	4.0	2.0	3	0	1.0	45.75277328491211	0.8629654358495723
6362.0	16094.0	61.0	4.0	2.0	2	0	1.0	45.75277328491211	0.8689478453584314
2139.0	16095.0	88.0	4.0	3.0	3,3	0,22	1.0	45.75277328491211	0.8165653118048818
2889.0	16097.0	65.0	4.0	2.0	3	0	1.0	45.75277328491211	0.8609804660228401
6280.0	16098.0	64.0	4.0	2.0	3	0	1.0	45.75277328491211	0.8629654358495723
1408.0	16099.0	60.0	1.0	10.0	2,1,3,3,3,1,1,1,2	0,1,1,5,10,42,16,11,1	0.0	45.75277328491211	0.8709511837872439
2904.0	16100.0	65.0	1.0	2.0	3	0	0.0	45.75277328491211	0.8609804660228401
1615.0	16102.0	109.0	4.0	5.0	2,4,4,3	0,2,5,21	1.0	45.75277328491211	0.7780164179510184
2497.0	16104.0	65.0	4.0	3.0	2,2	0,17	1.0	45.75277328491211	0.8609804660228401
6298.0	16105.0	64.0	4.0	2.0	3	0	1.0	45.75277328491211	0.8629654358495723
1485.0	16106.0	99.0	4.0	3.0	3,2	0,44	1.0	45.75277328491211	0.796140638442648
2592.0	16109.0	60.0	4.0	4.0	3,1,2	0,15,1	1.0	45.75277328491211	0.8709511837872439
6307.0	16110.0	64.0	4.0	2.0	3	0	1.0	45.75277328491211	0.8629654358495723
1909.0	16111.0	66.0	1.0	6.0	2,4,1,2,2	0,4,31,1,17	0.0	45.75277328491211	0.859000061970181
2935.0	16112.0	63.0	4.0	2.0	3	0	1.0	45.75277328491211	0.8649549819766604
2907.0	16114.0	65.0	4.0	2.0	3	0	1.0	45.75277328491211	0.8609804660228401
923.0	16115.0	111.0	4.0	4.0	2,4,2	0,14,47	1.0	45.75277328491211	0.7744413895045507
2263.0	16116.0	62.0	2.0	4.0	2,1,2	0,18,12	1.0	45.75277328491211	0.8669491149546552
2953.0	16117.0	63.0	4.0	2.0	3	0	1.0	45.75277328491211	0.8649549819766604
2559.0	16119.0	64.0	2.0	3.0	1,2	0,14	1.0	45.75277328491211	0.8629654358495723
6231.0	16120.0	65.0	4.0	2.0	3	0	1.0	45.75277328491211	0.8609804660228401
2679.0	16121.0	60.0	2.0	3.0	2,1	0,13	1.0	45.75277328491211	0.8709511837872439
2005.0	16122.0	77.0	1.0	4.0	3,3,2	0,7,32	0.0	45.75277328491211	0.8375139720882833
2303.0	16124.0	61.0	4.0	4.0	2,1,1	0,17,12	1.0	45.75277328491211	0.8689478453584314
1938.0	16125.0	60.0	1.0	9.0	1,1,2,2,1,1,1,2	0,5,1,4,21,16,11,1	0.0	45.75277328491211	0.8709511837872439
2140.0	16126.0	88.0	3.0	3.0	2,3	0,22	1.0	45.75277328491211	0.8165653118048818
5365.0	16127.0	77.0	4.0	4.0	3,3,2	0,7,32	1.0	45.75277328491211	0.8375139720882833
6238.0	16129.0	65.0	4.0	2.0	3	0	1.0	45.75277328491211	0.8609804660228401
6242.0	16130.0	65.0	4.0	2.0	3	0	1.0	45.75277328491211	0.8609804660228401
3002.0	16132.0	60.0	3.0	2.0	2	0	1.0	45.75277328491211	0.8709511837872439
2485.0	16133.0	65.0	2.0	3.0	2,2	0,17	1.0	45.75277328491211	0.8609804660228401
2944.0	16134.0	63.0	4.0	2.0	3	0	1.0	45.75277328491211	0.8649549819766604
4295.0	16135.0	144.0	4.0	3.0	3,4	0,27	1.0	45.75277328491211	0.7177697529641944
2982.0	16137.0	61.0	4.0	2.0	2	0	1.0	45.75277328491211	0.8689478453584314
2930.0	16139.0	63.0	4.0	2.0	3	0	1.0	45.75277328491211	0.8649549819766604
2992.0	16140.0	60.0	1.0	3.0	2,1	0,1	0.0	45.75277328491211	0.8709511837872439
4241.0	16142.0	151.0	4.0	3.0	3,4	0,28	1.0	45.75277328491211	0.7062922345549577
3001.0	16144.0	60.0	4.0	2.0	2	0	1.0	45.75277328491211	0.8709511837872439
4215.0	16147.0	151.0	4.0	3.0	3,4	0,28	1.0	45.75277328491211	0.7062922345549577
2948.0	16148.0	63.0	4.0	2.0	3	0	1.0	45.75277328491211	0.8649549819766604
2939.0	16149.0	63.0	4.0	2.0	3	0	1.0	45.75277328491211	0.8649549819766604
2945.0	16150.0	63.0	4.0	2.0	3	0	1.0	45.75277328491211	0.8649549819766604
2880.0	16152.0	65.0	4.0	2.0	3	0	1.0	45.75277328491211	0.8609804660228401
6361.0	16153.0	61.0	1.0	2.0	2	0	0.0	45.75277328491211	0.8689478453584314
6361.0	16155.0	1.0	2.0	3.0	2,1	0,61	1.0	45.75277328491211	0.9976998269637786
2992.0	16156.0	1.0	2.0	4.0	2,1,1	0,1,60	1.0	45.75277328491211	0.9976998269637786
2938.0	16157.0	64.0	2.0	2.0	3	0	1.0	45.75277328491211	0.8629654358495723
2486.0	16160.0	66.0	2.0	3.0	2,2	0,17	1.0	45.75277328491211	0.859000061970181
4271.0	16162.0	147.0	4.0	3.0	3,4	0,26	1.0	45.75277328491211	0.7128281530531742
5957.0	16163.0	64.0	2.0	3.0	2,2	0,13	1.0	45.75277328491211	0.8629654358495723
6258.0	16164.0	65.0	3.0	2.0	3	0	1.0	45.75277328491211	0.8609804660228401
6282.0	16165.0	65.0	4.0	2.0	3	0	1.0	45.75277328491211	0.8609804660228401
2998.0	16167.0	61.0	1.0	2.0	2	0	0.0	45.75277328491211	0.8689478453584314
5127.0	16168.0	88.0	2.0	7.0	2,1,1,2,2,3	0,5,1,5,7,24	1.0	45.75277328491211	0.8165653118048818
4277.0	16169.0	147.0	4.0	3.0	3,4	0,26	1.0	45.75277328491211	0.7128281530531742
6260.0	16171.0	65.0	2.0	2.0	3	0	1.0	45.75277328491211	0.8609804660228401
1235.0	16173.0	124.0	4.0	5.0	2,4,3,4	0,3,7,19	1.0	45.75277328491211	0.7516007679206599
2941.0	16174.0	64.0	4.0	2.0	3	0	1.0	45.75277328491211	0.8629654358495723
6274.0	16176.0	65.0	4.0	2.0	3	0	1.0	45.75277328491211	0.8609804660228401
2942.0	16177.0	64.0	4.0	2.0	3	0	1.0	45.75277328491211	0.8629654358495723
2184.0	16179.0	61.0	1.0	5.0	2,1,1,1	0,19,17,12	0.0	45.75277328491211	0.8689478453584314
5991.0	16180.0	61.0	3.0	3.0	3,1	0,15	1.0	45.75277328491211	0.8689478453584314
2994.0	16181.0	61.0	1.0	3.0	1,2	0,1	0.0	45.75277328491211	0.8689478453584314
4468.0	16182.0	61.0	3.0	8.0	2,2,3,4,2,3,1	0,1,2,5,14,20,57	1.0	45.75277328491211	0.8689478453584314
2527.0	16183.0	65.0	4.0	3.0	2,2	0,14	1.0	45.75277328491211	0.8609804660228401
2251.0	16185.0	61.0	4.0	5.0	2,1,1,1	0,1,22,13	1.0	45.75277328491211	0.8689478453584314
2985.0	16186.0	62.0	2.0	2.0	2	0	1.0	45.75277328491211	0.8669491149546552
6283.0	16187.0	65.0	3.0	2.0	3	0	1.0	45.75277328491211	0.8609804660228401
2999.0	16188.0	61.0	4.0	2.0	2	0	1.0	45.75277328491211	0.8689478453584314
6273.0	16190.0	65.0	4.0	2.0	3	0	1.0	45.75277328491211	0.8609804660228401
2638.0	16191.0	63.0	3.0	3.0	2,2	0,13	1.0	45.75277328491211	0.8649549819766604
6306.0	16192.0	65.0	4.0	2.0	3	0	1.0	45.75277328491211	0.8609804660228401
4328.0	16193.0	144.0	4.0	3.0	3,4	0,26	1.0	45.75277328491211	0.7177697529641944
5937.0	16194.0	62.0	4.0	3.0	3,1	0,16	1.0	45.75277328491211	0.8669491149546552
6267.0	16197.0	65.0	4.0	2.0	3	0	1.0	45.75277328491211	0.8609804660228401
6268.0	16198.0	65.0	4.0	2.0	3	0	1.0	45.75277328491211	0.8609804660228401
2553.0	16199.0	65.0	4.0	3.0	2,2	0,14	1.0	45.75277328491211	0.8609804660228401
6262.0	16200.0	65.0	4.0	2.0	3	0	1.0	45.75277328491211	0.8609804660228401
2990.0	16202.0	61.0	1.0	3.0	1,1	0,1	0.0	45.75277328491211	0.8689478453584314
1508.0	16203.0	67.0	2.0	9.0	2,3,2,2,2,1,2,2	0,3,6,11,12,26,1,17	1.0	45.75277328491211	0.8570242131895246
2975.0	16206.0	62.0	3.0	2.0	2	0	1.0	45.75277328491211	0.8669491149546552
5201.0	16208.0	98.0	3.0	4.0	2,3,3	0,5,21	1.0	45.75277328491211	0.7979761216011034
6284.0	16209.0	65.0	4.0	2.0	3	0	1.0	45.75277328491211	0.8609804660228401
1421.0	16210.0	61.0	1.0	10.0	2,3,4,1,1,1,2,1,1	0,2,4,20,4,5,18,20,12	0.0	45.75277328491211	0.8689478453584314
6278.0	16214.0	65.0	4.0	2.0	3	0	1.0	45.75277328491211	0.8609804660228401
6266.0	16215.0	65.0	4.0	2.0	3	0	1.0	45.75277328491211	0.8609804660228401
2949.0	16216.0	64.0	4.0	2.0	3	0	1.0	45.75277328491211	0.8629654358495723
6276.0	16217.0	65.0	4.0	2.0	3	0	1.0	45.75277328491211	0.8609804660228401
2215.0	16218.0	63.0	1.0	5.0	1,2,2,1	0,2,19,16	0.0	45.75277328491211	0.8649549819766604
6351.0	16220.0	63.0	4.0	2.0	3	0	1.0	45.75277328491211	0.8649549819766604
6287.0	16221.0	65.0	3.0	2.0	3	0	1.0	45.75277328491211	0.8609804660228401
6341.0	16224.0	63.0	4.0	2.0	3	0	1.0	45.75277328491211	0.8649549819766604
1612.0	16226.0	72.0	4.0	10.0	2,1,1,3,2,1,2,1,3	0,2,1,3,8,10,4,20,18	1.0	45.75277328491211	0.8472129324816722
2550.0	16228.0	64.0	4.0	3.0	2,2	0,15	1.0	45.75277328491211	0.8629654358495723
2691.0	16229.0	63.0	1.0	3.0	2,2	0,11	0.0	45.75277328491211	0.8649549819766604
6310.0	16231.0	64.0	4.0	2.0	3	0	1.0	45.75277328491211	0.8629654358495723
6286.0	16232.0	65.0	4.0	2.0	3	0	1.0	45.75277328491211	0.8609804660228401
6293.0	16233.0	65.0	3.0	2.0	3	0	1.0	45.75277328491211	0.8609804660228401
6285.0	16234.0	65.0	4.0	2.0	3	0	1.0	45.75277328491211	0.8609804660228401
1022.0	16238.0	64.0	1.0	11.0	2,1,2,4,2,4,2,2,1,2	0,11,1,1,5,5,15,20,36,13	0.0	45.75277328491211	0.8629654358495723
6339.0	16239.0	63.0	4.0	2.0	3	0	1.0	45.75277328491211	0.8649549819766604
2947.0	16240.0	64.0	2.0	2.0	3	0	1.0	45.75277328491211	0.8629654358495723
921.0	16243.0	126.0	1.0	6.0	2,2,2,4,4	0,13,6,7,21	0.0	45.75277328491211	0.748147120846245
6288.0	16244.0	65.0	3.0	2.0	3	0	1.0	45.75277328491211	0.8609804660228401
2943.0	16245.0	64.0	1.0	2.0	3	0	0.0	45.75277328491211	0.8629654358495723
2933.0	16246.0	64.0	4.0	2.0	3	0	1.0	45.75277328491211	0.8629654358495723
2940.0	16248.0	64.0	1.0	2.0	3	0	0.0	45.75277328491211	0.8629654358495723
1096.0	16249.0	65.0	2.0	12.0	2,2,3,2,2,3,2,1,4,1,2	0,1,2,3,7,6,10,14,5,30,17	1.0	45.75277328491211	0.8609804660228401
6317.0	16250.0	63.0	2.0	2.0	3	0	1.0	45.75277328491211	0.8649549819766604
6324.0	16251.0	63.0	4.0	2.0	3	0	1.0	45.75277328491211	0.8649549819766604
6328.0	16252.0	63.0	4.0	2.0	3	0	1.0	45.75277328491211	0.8649549819766604
6296.0	16255.0	65.0	4.0	2.0	3	0	1.0	45.75277328491211	0.8609804660228401
6303.0	16256.0	65.0	4.0	2.0	3	0	1.0	45.75277328491211	0.8609804660228401
6354.0	16257.0	63.0	4.0	2.0	3	0	1.0	45.75277328491211	0.8649549819766604
2925.0	16258.0	64.0	4.0	2.0	3	0	1.0	45.75277328491211	0.8629654358495723
6304.0	16259.0	65.0	4.0	2.0	3	0	1.0	45.75277328491211	0.8609804660228401
6318.0	16261.0	63.0	3.0	2.0	3	0	1.0	45.75277328491211	0.8649549819766604
2951.0	16262.0	64.0	4.0	2.0	3	0	1.0	45.75277328491211	0.8629654358495723
6312.0	16264.0	64.0	4.0	2.0	3	0	1.0	45.75277328491211	0.8629654358495723
2927.0	16265.0	64.0	4.0	2.0	3	0	1.0	45.75277328491211	0.8629654358495723
1104.0	16267.0	121.0	2.0	7.0	2,1,2,4,2,4	0,1,2,4,13,19	1.0	45.75277328491211	0.7568111545643008
2496.0	16269.0	66.0	2.0	3.0	2,2	0,17	1.0	45.75277328491211	0.859000061970181
2460.0	16270.0	66.0	4.0	3.0	1,2	0,18	1.0	45.75277328491211	0.859000061970181
6313.0	16271.0	64.0	4.0	2.0	3	0	1.0	45.75277328491211	0.8629654358495723
6309.0	16276.0	64.0	4.0	2.0	3	0	1.0	45.75277328491211	0.8629654358495723
2111.0	16277.0	90.0	4.0	3.0	3,3	0,23	1.0	45.75277328491211	0.8128131490603098
2931.0	16278.0	64.0	4.0	2.0	3	0	1.0	45.75277328491211	0.8629654358495723
2932.0	16279.0	64.0	4.0	2.0	3	0	1.0	45.75277328491211	0.8629654358495723
6346.0	16281.0	63.0	4.0	2.0	3	0	1.0	45.75277328491211	0.8649549819766604
6325.0	16282.0	63.0	4.0	2.0	3	0	1.0	45.75277328491211	0.8649549819766604
1579.0	16283.0	97.0	4.0	3.0	3,2	0,43	1.0	45.75277328491211	0.7998158364219842
6345.0	16284.0	63.0	4.0	2.0	3	0	1.0	45.75277328491211	0.8649549819766604
2588.0	16285.0	64.0	2.0	3.0	2,2	0,13	1.0	45.75277328491211	0.8629654358495723
6301.0	16286.0	65.0	4.0	2.0	3	0	1.0	45.75277328491211	0.8609804660228401
2954.0	16288.0	64.0	4.0	2.0	3	0	1.0	45.75277328491211	0.8629654358495723
2965.0	16293.0	65.0	4.0	2.0	3	0	1.0	45.75277328491211	0.8609804660228401
2960.0	16294.0	65.0	4.0	2.0	3	0	1.0	45.75277328491211	0.8609804660228401
5455.0	16295.0	91.0	4.0	3.0	3,3	0,23	1.0	45.75277328491211	0.810943538171355
2109.0	16296.0	92.0	4.0	3.0	2,3	0,22	1.0	45.75277328491211	0.8090782277109553
4258.0	16297.0	147.0	4.0	3.0	3,4	0,28	1.0	45.75277328491211	0.7128281530531742
1954.0	16298.0	74.0	1.0	6.0	1,1,1,1,3	0,5,5,19,17	0.0	45.75277328491211	0.8433199422259987
2978.0	16300.0	63.0	1.0	2.0	3	0	0.0	45.75277328491211	0.8649549819766604
1761.0	16301.0	112.0	3.0	5.0	2,2,4,4	0,1,4,16	1.0	45.75277328491211	0.7726600403022785
6319.0	16302.0	64.0	4.0	2.0	3	0	1.0	45.75277328491211	0.8629654358495723
2969.0	16303.0	64.0	4.0	2.0	3	0	1.0	45.75277328491211	0.8629654358495723
2125.0	16304.0	91.0	4.0	3.0	3,3	0,21	1.0	45.75277328491211	0.810943538171355
6357.0	16306.0	64.0	2.0	2.0	3	0	1.0	45.75277328491211	0.8629654358495723
6347.0	16307.0	64.0	4.0	2.0	3	0	1.0	45.75277328491211	0.8629654358495723
6311.0	16308.0	65.0	4.0	2.0	3	0	1.0	45.75277328491211	0.8609804660228401
6329.0	16309.0	64.0	4.0	2.0	3	0	1.0	45.75277328491211	0.8629654358495723
6331.0	16310.0	64.0	3.0	2.0	3	0	1.0	45.75277328491211	0.8629654358495723
2964.0	16312.0	65.0	4.0	2.0	3	0	1.0	45.75277328491211	0.8609804660228401
2974.0	16314.0	64.0	4.0	2.0	3	0	1.0	45.75277328491211	0.8629654358495723
6334.0	16315.0	64.0	4.0	2.0	3	0	1.0	45.75277328491211	0.8629654358495723
1606.0	16316.0	60.0	4.0	7.0	2,3,2,1,3,1	0,4,10,13,19,33	1.0	45.75277328491211	0.8709511837872439
6321.0	16318.0	64.0	4.0	2.0	3	0	1.0	45.75277328491211	0.8629654358495723
4279.0	16319.0	148.0	4.0	3.0	3,4	0,26	1.0	45.75277328491211	0.7111885249560618
2668.0	16320.0	60.0	2.0	3.0	3,1	0,17	1.0	45.75277328491211	0.8709511837872439
4570.0	16321.0	121.0	2.0	6.0	2,4,2,3,4	0,2,7,7,19	1.0	45.75277328491211	0.7568111545643008
4321.0	16322.0	145.0	4.0	3.0	3,4	0,26	1.0	45.75277328491211	0.7161187583322108
5954.0	16324.0	65.0	2.0	3.0	1,2	0,13	1.0	45.75277328491211	0.8609804660228401
2963.0	16325.0	65.0	2.0	2.0	3	0	1.0	45.75277328491211	0.8609804660228401
1060.0	16326.0	136.0	4.0	3.0	3,3	0,30	1.0	45.75277328491211	0.7311154775364405
6336.0	16327.0	64.0	4.0	2.0	3	0	1.0	45.75277328491211	0.8629654358495723
2654.0	16328.0	64.0	1.0	3.0	1,2	0,13	0.0	45.75277328491211	0.8629654358495723
2950.0	16330.0	65.0	4.0	2.0	3	0	1.0	45.75277328491211	0.8609804660228401
2989.0	16333.0	63.0	4.0	2.0	3	0	1.0	45.75277328491211	0.8649549819766604
2970.0	16334.0	64.0	2.0	2.0	3	0	1.0	45.75277328491211	0.8629654358495723
5548.0	16336.0	89.0	4.0	3.0	3,3	0,22	1.0	45.75277328491211	0.8146870702923544
955.0	16337.0	139.0	4.0	3.0	3,3	0,33	1.0	45.75277328491211	0.7260819968640949
6330.0	16338.0	64.0	4.0	2.0	3	0	1.0	45.75277328491211	0.8629654358495723
5515.0	16339.0	88.0	4.0	3.0	3,3	0,23	1.0	45.75277328491211	0.8165653118048818
2623.0	16340.0	64.0	3.0	3.0	2,2	0,13	1.0	45.75277328491211	0.8629654358495723
6350.0	16342.0	64.0	4.0	2.0	3	0	1.0	45.75277328491211	0.8629654358495723
4322.0	16343.0	144.0	4.0	3.0	3,4	0,27	1.0	45.75277328491211	0.7177697529641944
6340.0	16344.0	64.0	4.0	2.0	3	0	1.0	45.75277328491211	0.8629654358495723
5396.0	16345.0	94.0	4.0	3.0	3,3	0,23	1.0	45.75277328491211	0.8053604685316542
6320.0	16347.0	64.0	4.0	2.0	3	0	1.0	45.75277328491211	0.8629654358495723
2971.0	16348.0	64.0	4.0	2.0	3	0	1.0	45.75277328491211	0.8629654358495723
958.0	16349.0	146.0	4.0	3.0	3,4	0,26	1.0	45.75277328491211	0.7144715612735627
1931.0	16350.0	93.0	3.0	4.0	2,3,3	0,4,24	1.0	45.75277328491211	0.8072172077873807
2327.0	16351.0	60.0	1.0	5.0	1,2,1,1	0,1,17,13	0.0	45.75277328491211	0.8709511837872439
6333.0	16353.0	64.0	4.0	2.0	3	0	1.0	45.75277328491211	0.8629654358495723
3013.0	16354.0	60.0	1.0	3.0	1,2	0,2	0.0	45.75277328491211	0.8709511837872439
3009.0	16355.0	62.0	3.0	2.0	3	0	1.0	45.75277328491211	0.8669491149546552
6314.0	16356.0	64.0	4.0	2.0	3	0	1.0	45.75277328491211	0.8629654358495723
999.0	16357.0	146.0	4.0	3.0	2,4	0,26	1.0	45.75277328491211	0.7144715612735627
5500.0	16359.0	90.0	4.0	3.0	3,3	0,22	1.0	45.75277328491211	0.8128131490603098
684.0	16360.0	174.0	1.0	3.0	3,3	0,63	0.0	45.75277328491211	0.6698569381008885
2359.0	16361.0	69.0	4.0	3.0	2,2	0,21	1.0	45.75277328491211	0.8530861395566658
6332.0	16362.0	64.0	4.0	2.0	3	0	1.0	45.75277328491211	0.8629654358495723
4286.0	16364.0	146.0	4.0	3.0	3,4	0,28	1.0	45.75277328491211	0.7144715612735627
1195.0	16365.0	127.0	3.0	3.0	3,3	0,30	1.0	45.75277328491211	0.7464262530117478
6370.0	16367.0	62.0	2.0	2.0	3	0	1.0	45.75277328491211	0.8669491149546552
6365.0	16368.0	62.0	4.0	2.0	3	0	1.0	45.75277328491211	0.8669491149546552
6031.0	16373.0	62.0	4.0	3.0	2,2	0,14	1.0	45.75277328491211	0.8669491149546552
6338.0	16375.0	64.0	3.0	2.0	3	0	1.0	45.75277328491211	0.8629654358495723
2102.0	16376.0	91.0	4.0	3.0	2,3	0,23	1.0	45.75277328491211	0.810943538171355
6379.0	16377.0	60.0	1.0	2.0	2	0	0.0	45.75277328491211	0.8709511837872439
5089.0	16378.0	86.0	2.0	5.0	2,4,3,2	0,2,10,35	1.0	45.75277328491211	0.82033479553556
6323.0	16380.0	64.0	3.0	2.0	3	0	1.0	45.75277328491211	0.8629654358495723
6056.0	16381.0	60.0	1.0	3.0	3,1	0,16	0.0	45.75277328491211	0.8709511837872439
2149.0	16382.0	76.0	3.0	4.0	2,1,3	0,19,17	1.0	45.75277328491211	0.8394448404757408
2071.0	16383.0	80.0	2.0	5.0	1,2,1,3	0,1,15,19	1.0	45.75277328491211	0.8317479740744939
6344.0	16385.0	64.0	3.0	2.0	3	0	1.0	45.75277328491211	0.8629654358495723
5773.0	16386.0	68.0	2.0	3.0	3,2	0,20	1.0	45.75277328491211	0.8550529092029572
3003.0	16387.0	60.0	2.0	3.0	1,1	0,2	1.0	45.75277328491211	0.8709511837872439
6067.0	16388.0	60.0	1.0	3.0	2,1	0,14	0.0	45.75277328491211	0.8709511837872439
6327.0	16395.0	64.0	3.0	2.0	3	0	1.0	45.75277328491211	0.8629654358495723
6337.0	16396.0	64.0	4.0	2.0	3	0	1.0	45.75277328491211	0.8629654358495723
1902.0	16397.0	88.0	3.0	6.0	2,1,1,3,3	0,1,4,5,24	1.0	45.75277328491211	0.8165653118048818
2991.0	16398.0	63.0	3.0	2.0	3	0	1.0	45.75277328491211	0.8649549819766604
3012.0	16400.0	62.0	2.0	2.0	3	0	1.0	45.75277328491211	0.8669491149546552
2392.0	16401.0	67.0	2.0	3.0	2,2	0,21	1.0	45.75277328491211	0.8570242131895246
6374.0	16402.0	62.0	4.0	2.0	3	0	1.0	45.75277328491211	0.8669491149546552
1777.0	16404.0	101.0	4.0	5.0	2,2,4,3	0,2,4,23	1.0	45.75277328491211	0.7924823282011788
6377.0	16405.0	62.0	4.0	2.0	3	0	1.0	45.75277328491211	0.8669491149546552
5033.0	16406.0	110.0	4.0	5.0	2,3,3,4	0,1,7,17	1.0	45.75277328491211	0.7762268455647099
3005.0	16407.0	60.0	3.0	3.0	1,2	0,2	1.0	45.75277328491211	0.8709511837872439
2372.0	16409.0	69.0	2.0	3.0	3,2	0,20	1.0	45.75277328491211	0.8530861395566658
6381.0	16410.0	60.0	2.0	2.0	2	0	1.0	45.75277328491211	0.8709511837872439
3010.0	16411.0	62.0	3.0	2.0	3	0	1.0	45.75277328491211	0.8669491149546552
6364.0	16412.0	62.0	4.0	2.0	3	0	1.0	45.75277328491211	0.8669491149546552
6383.0	16415.0	60.0	3.0	2.0	2	0	1.0	45.75277328491211	0.8709511837872439
3004.0	16416.0	62.0	4.0	2.0	3	0	1.0	45.75277328491211	0.8669491149546552
6343.0	16418.0	64.0	4.0	2.0	3	0	1.0	45.75277328491211	0.8629654358495723
6322.0	16419.0	64.0	4.0	2.0	3	0	1.0	45.75277328491211	0.8629654358495723
6368.0	16420.0	62.0	4.0	2.0	3	0	1.0	45.75277328491211	0.8669491149546552
6342.0	16421.0	64.0	4.0	2.0	3	0	1.0	45.75277328491211	0.8629654358495723
2987.0	16469.0	64.0	4.0	2.0	3	0	1.0	45.75277328491211	0.8629654358495723
1269.0	16470.0	126.0	4.0	5.0	2,4,3,4	0,2,6,20	1.0	45.75277328491211	0.748147120846245
2997.0	16471.0	63.0	3.0	2.0	3	0	1.0	45.75277328491211	0.8649549819766604
2185.0	16472.0	69.0	3.0	4.0	2,2,2	0,20,22	1.0	45.75277328491211	0.8530861395566658
6367.0	16473.0	63.0	3.0	2.0	3	0	1.0	45.75277328491211	0.8649549819766604
1250.0	16474.0	59.0	4.0	7.0	2,4,4,2,3,1	0,1,4,14,19,58	1.0	45.75277328491211	0.8729591408647841
2346.0	16476.0	59.0	1.0	4.0	2,1,1	0,18,14	0.0	45.75277328491211	0.8729591408647841
2123.0	16477.0	77.0	1.0	4.0	2,1,3	0,19,17	0.0	45.75277328491211	0.8375139720882833
1699.0	16478.0	75.0	1.0	7.0	2,3,2,2,1,3	0,2,8,10,24,16	0.0	45.75277328491211	0.8413801604339827
2976.0	16479.0	64.0	3.0	2.0	3	0	1.0	45.75277328491211	0.8629654358495723
4250.0	16480.0	154.0	4.0	3.0	3,4	0,28	1.0	45.75277328491211	0.7014296534430936
6353.0	16482.0	65.0	3.0	2.0	3	0	1.0	45.75277328491211	0.8609804660228401
1162.0	16483.0	119.0	3.0	7.0	2,2,2,2,4,4	0,3,3,5,7,22	1.0	45.75277328491211	0.7603047971340792
6358.0	16484.0	64.0	4.0	2.0	3	0	1.0	45.75277328491211	0.8629654358495723
6371.0	16485.0	63.0	3.0	2.0	3	0	1.0	45.75277328491211	0.8649549819766604
2986.0	16486.0	64.0	4.0	2.0	3	0	1.0	45.75277328491211	0.8629654358495723
4080.0	16488.0	174.0	4.0	3.0	3,3	0,60	1.0	45.75277328491211	0.6698569381008885
1213.0	16489.0	59.0	2.0	8.0	2,1,3,3,3,2,1	0,1,4,4,10,35,43	1.0	45.75277328491211	0.8729591408647841
6380.0	16490.0	63.0	4.0	2.0	3	0	1.0	45.75277328491211	0.8649549819766604
2168.0	16491.0	70.0	1.0	4.0	2,2,2	0,19,24	0.0	45.75277328491211	0.8511238938208834
4386.0	16492.0	142.0	4.0	3.0	3,4	0,26	1.0	45.75277328491211	0.72108316998921
2269.0	16494.0	77.0	4.0	3.0	2,3	0,18	1.0	45.75277328491211	0.8375139720882833
6024.0	16495.0	64.0	2.0	3.0	2,2	0,13	1.0	45.75277328491211	0.8629654358495723
1482.0	16496.0	113.0	1.0	6.0	2,3,4,3,3	0,1,3,7,22	0.0	45.75277328491211	0.7708827885114095
2223.0	16497.0	81.0	3.0	3.0	1,3	0,19	1.0	45.75277328491211	0.8298348098115959
2995.0	16498.0	63.0	4.0	3.0	2,3	0,1	1.0	45.75277328491211	0.8649549819766604
2993.0	16500.0	64.0	1.0	2.0	3	0	0.0	45.75277328491211	0.8629654358495723
6378.0	16501.0	63.0	4.0	2.0	3	0	1.0	45.75277328491211	0.8649549819766604
6352.0	16502.0	65.0	4.0	2.0	3	0	1.0	45.75277328491211	0.8609804660228401
2175.0	16503.0	59.0	1.0	7.0	2,1,1,1,1,2	0,20,16,1,13,2	0.0	45.75277328491211	0.8729591408647841
6360.0	16504.0	64.0	4.0	2.0	3	0	1.0	45.75277328491211	0.8629654358495723
1333.0	16506.0	99.0	2.0	7.0	2,2,4,4,4,2	0,1,1,3,8,42	1.0	45.75277328491211	0.796140638442648
989.0	16507.0	123.0	3.0	5.0	2,3,2,4	0,11,17,22	1.0	45.75277328491211	0.7533335654752467
6372.0	16508.0	63.0	4.0	2.0	3	0	1.0	45.75277328491211	0.8649549819766604
3015.0	16509.0	63.0	4.0	2.0	3	0	1.0	45.75277328491211	0.8649549819766604
6363.0	16510.0	64.0	4.0	2.0	3	0	1.0	45.75277328491211	0.8629654358495723
1626.0	16512.0	73.0	2.0	9.0	2,2,2,1,2,3,1,3	0,2,3,9,4,6,26,17	1.0	45.75277328491211	0.8452641961384397
1738.0	16521.0	71.0	2.0	9.0	2,2,2,1,2,1,2,2	0,1,2,6,5,7,19,23	1.0	45.75277328491211	0.8491661615898327
3047.0	16522.0	59.0	1.0	2.0	2	0	0.0	45.75277328491211	0.8729591408647841
2376.0	16523.0	59.0	1.0	4.0	2,1,1	0,17,14	0.0	45.75277328491211	0.8729591408647841
6387.0	16524.0	61.0	2.0	2.0	3	0	1.0	45.75277328491211	0.8689478453584314
6359.0	16526.0	64.0	4.0	2.0	3	0	1.0	45.75277328491211	0.8629654358495723
3045.0	16527.0	59.0	4.0	2.0	2	0	1.0	45.75277328491211	0.8729591408647841
6421.0	16528.0	59.0	2.0	2.0	2	0	1.0	45.75277328491211	0.8729591408647841
6366.0	16529.0	63.0	4.0	2.0	3	0	1.0	45.75277328491211	0.8649549819766604
5604.0	16531.0	80.0	3.0	3.0	2,3	0,19	1.0	45.75277328491211	0.8317479740744939
499.0	16532.0	61.0	4.0	7.0	3,4,1,2,1,2	0,39,130,18,21,13	1.0	45.75277328491211	0.8689478453584314
2666.0	16533.0	59.0	1.0	3.0	3,1	0,19	0.0	45.75277328491211	0.8729591408647841
2988.0	16534.0	64.0	3.0	2.0	3	0	1.0	45.75277328491211	0.8629654358495723
3035.0	16536.0	59.0	2.0	3.0	2,2	0,2	1.0	45.75277328491211	0.8729591408647841
3000.0	16537.0	63.0	4.0	2.0	3	0	1.0	45.75277328491211	0.8649549819766604
3008.0	16538.0	63.0	4.0	2.0	3	0	1.0	45.75277328491211	0.8649549819766604
1344.0	16539.0	59.0	2.0	8.0	2,2,3,3,4,3,1	0,1,1,3,6,21,63	1.0	45.75277328491211	0.8729591408647841
2512.0	16541.0	67.0	1.0	3.0	2,2	0,16	0.0	45.75277328491211	0.8570242131895246
3039.0	16542.0	59.0	1.0	2.0	1	0	0.0	45.75277328491211	0.8729591408647841
3027.0	16543.0	61.0	3.0	2.0	3	0	1.0	45.75277328491211	0.8689478453584314
6369.0	16544.0	63.0	4.0	2.0	3	0	1.0	45.75277328491211	0.8649549819766604
2719.0	16546.0	61.0	1.0	3.0	2,2	0,13	0.0	45.75277328491211	0.8689478453584314
3018.0	16547.0	61.0	2.0	2.0	3	0	1.0	45.75277328491211	0.8689478453584314
6395.0	16548.0	61.0	4.0	2.0	3	0	1.0	45.75277328491211	0.8689478453584314
2996.0	16549.0	63.0	2.0	2.0	3	0	1.0	45.75277328491211	0.8649549819766604
5450.0	16551.0	92.0	3.0	3.0	3,3	0,23	1.0	45.75277328491211	0.8090782277109553
6392.0	16552.0	59.0	3.0	2.0	2	0	1.0	45.75277328491211	0.8729591408647841
2189.0	16553.0	59.0	3.0	6.0	2,2,1,1,1	0,1,20,17,14	1.0	45.75277328491211	0.8729591408647841
1944.0	16556.0	75.0	1.0	6.0	1,1,3,1,3	0,5,4,22,16	0.0	45.75277328491211	0.8413801604339827
3022.0	16557.0	61.0	2.0	2.0	3	0	1.0	45.75277328491211	0.8689478453584314
6373.0	16558.0	63.0	3.0	2.0	3	0	1.0	45.75277328491211	0.8649549819766604
5486.0	16559.0	92.0	3.0	3.0	3,3	0,22	1.0	45.75277328491211	0.8090782277109553
4274.0	16561.0	142.0	4.0	3.0	3,3	0,33	1.0	45.75277328491211	0.72108316998921
3033.0	16562.0	61.0	4.0	2.0	3	0	1.0	45.75277328491211	0.8689478453584314
3014.0	16563.0	63.0	4.0	2.0	3	0	1.0	45.75277328491211	0.8649549819766604
2385.0	16564.0	59.0	1.0	4.0	2,1,1	0,17,14	0.0	45.75277328491211	0.8729591408647841
3007.0	16568.0	63.0	4.0	2.0	3	0	1.0	45.75277328491211	0.8649549819766604
5510.0	16569.0	90.0	3.0	3.0	3,3	0,23	1.0	45.75277328491211	0.8128131490603098
2758.0	16571.0	59.0	4.0	3.0	1,1	0,14	1.0	45.75277328491211	0.8729591408647841
3029.0	16572.0	61.0	4.0	2.0	3	0	1.0	45.75277328491211	0.8689478453584314
3030.0	16573.0	61.0	3.0	2.0	3	0	1.0	45.75277328491211	0.8689478453584314
5610.0	16574.0	80.0	4.0	3.0	2,3	0,19	1.0	45.75277328491211	0.8317479740744939
4380.0	16576.0	141.0	3.0	3.0	3,4	0,27	1.0	45.75277328491211	0.7227456099532719
5929.0	16577.0	64.0	4.0	3.0	2,2	0,16	1.0	45.75277328491211	0.8629654358495723
1859.0	16578.0	75.0	2.0	7.0	2,1,3,1,1,3	0,5,5,23,1,17	1.0	45.75277328491211	0.8413801604339827
945.0	16579.0	141.0	4.0	3.0	3,3	0,32	1.0	45.75277328491211	0.7227456099532719
5605.0	16582.0	80.0	2.0	3.0	2,3	0,19	1.0	45.75277328491211	0.8317479740744939
6390.0	16586.0	61.0	4.0	2.0	3	0	1.0	45.75277328491211	0.8689478453584314
6349.0	16587.0	65.0	4.0	2.0	3	0	1.0	45.75277328491211	0.8609804660228401
1391.0	16588.0	125.0	3.0	5.0	2,4,4,4	0,2,5,18	1.0	45.75277328491211	0.7498719561002855
1279.0	16589.0	125.0	4.0	3.0	3,3	0,29	1.0	45.75277328491211	0.7498719561002855
1039.0	16592.0	86.0	2.0	12.0	2,1,3,2,2,2,2,4,1,4,3	0,6,2,3,4,4,5,6,18,5,28	1.0	45.75277328491211	0.82033479553556
1504.0	16593.0	76.0	1.0	4.0	3,1,3	0,52,17	0.0	45.75277328491211	0.8394448404757408
1944.0	16594.0	1.0	2.0	7.0	1,1,3,1,3,1	0,5,4,22,16,75	1.0	45.75277328491211	0.9976998269637786
2385.0	16595.0	1.0	2.0	5.0	2,1,1,1	0,17,14,59	1.0	45.75277328491211	0.9976998269637786
2376.0	16596.0	1.0	2.0	5.0	2,1,1,1	0,17,14,59	1.0	45.75277328491211	0.9976998269637786
1504.0	16597.0	1.0	2.0	5.0	3,1,3,1	0,52,17,76	1.0	45.75277328491211	0.9976998269637786
1910.0	16598.0	78.0	1.0	5.0	1,3,1,3	0,4,23,18	0.0	45.75277328491211	0.835587545032227
4743.0	16599.0	123.0	3.0	5.0	2,4,3,4	0,2,6,19	1.0	45.75277328491211	0.7533335654752467
3016.0	16601.0	62.0	4.0	2.0	3	0	1.0	45.75277328491211	0.8669491149546552
1692.0	16602.0	74.0	1.0	10.0	2,1,1,2,1,2,4,1,3	0,2,4,1,4,1,4,29,17	0.0	45.75277328491211	0.8433199422259987
6098.0	16603.0	62.0	3.0	3.0	2,2	0,14	1.0	45.75277328491211	0.8669491149546552
6386.0	16605.0	62.0	4.0	2.0	3	0	1.0	45.75277328491211	0.8669491149546552
888.0	16607.0	149.0	2.0	3.0	3,4	0,28	1.0	45.75277328491211	0.7095526682872877
4428.0	16608.0	129.0	3.0	5.0	2,4,3,4	0,3,10,22	1.0	45.75277328491211	0.7429963831193681
6389.0	16609.0	62.0	4.0	2.0	3	0	1.0	45.75277328491211	0.8669491149546552
4357.0	16610.0	143.0	4.0	3.0	3,4	0,27	1.0	45.75277328491211	0.7194245539247277
884.0	16611.0	153.0	4.0	3.0	3,4	0,30	1.0	45.75277328491211	0.7030467826958529
918.0	16613.0	142.0	3.0	3.0	3,3	0,34	1.0	45.75277328491211	0.72108316998921
3028.0	16614.0	62.0	4.0	2.0	2	0	1.0	45.75277328491211	0.8669491149546552
6388.0	16615.0	62.0	4.0	2.0	3	0	1.0	45.75277328491211	0.8669491149546552
1812.0	16616.0	91.0	2.0	7.0	2,1,1,1,3,3	0,1,5,4,5,23	1.0	45.75277328491211	0.810943538171355
1012.0	16617.0	146.0	4.0	3.0	3,4	0,28	1.0	45.75277328491211	0.7144715612735627
936.0	16619.0	148.0	4.0	3.0	3,4	0,28	1.0	45.75277328491211	0.7111885249560618
6384.0	16620.0	62.0	4.0	2.0	3	0	1.0	45.75277328491211	0.8669491149546552
2980.0	16621.0	65.0	4.0	2.0	3	0	1.0	45.75277328491211	0.8609804660228401
2244.0	16622.0	80.0	3.0	3.0	2,3	0,20	1.0	45.75277328491211	0.8317479740744939
1984.0	16623.0	81.0	3.0	4.0	2,4,2	0,5,35	1.0	45.75277328491211	0.8298348098115959
5571.0	16625.0	89.0	3.0	3.0	3,3	0,22	1.0	45.75277328491211	0.8146870702923544
2154.0	16626.0	77.0	4.0	4.0	2,1,3	0,19,18	1.0	45.75277328491211	0.8375139720882833
2296.0	16627.0	77.0	4.0	3.0	2,3	0,18	1.0	45.75277328491211	0.8375139720882833
1867.0	16629.0	74.0	1.0	7.0	2,1,1,2,1,3	0,4,5,4,21,18	0.0	45.75277328491211	0.8433199422259987
6376.0	16631.0	64.0	4.0	2.0	3	0	1.0	45.75277328491211	0.8629654358495723
1031.0	16632.0	120.0	3.0	7.0	2,4,1,4,4,4	0,6,18,1,5,18	1.0	45.75277328491211	0.7585559645404015
3019.0	16633.0	62.0	4.0	2.0	3	0	1.0	45.75277328491211	0.8669491149546552
3006.0	16636.0	64.0	4.0	2.0	3	0	1.0	45.75277328491211	0.8629654358495723
6375.0	16637.0	64.0	4.0	2.0	3	0	1.0	45.75277328491211	0.8629654358495723
6404.0	16639.0	62.0	4.0	2.0	3	0	1.0	45.75277328491211	0.8669491149546552
4255.0	16641.0	148.0	4.0	3.0	3,4	0,29	1.0	45.75277328491211	0.7111885249560618
3034.0	16642.0	62.0	4.0	2.0	3	0	1.0	45.75277328491211	0.8669491149546552
940.0	16643.0	141.0	4.0	3.0	3,3	0,33	1.0	45.75277328491211	0.7227456099532719
6382.0	16644.0	64.0	4.0	2.0	3	0	1.0	45.75277328491211	0.8629654358495723
6401.0	16645.0	62.0	4.0	2.0	3	0	1.0	45.75277328491211	0.8669491149546552
5494.0	16647.0	91.0	3.0	3.0	3,3	0,23	1.0	45.75277328491211	0.810943538171355
2266.0	16648.0	78.0	3.0	3.0	2,3	0,18	1.0	45.75277328491211	0.835587545032227
2132.0	16649.0	78.0	3.0	4.0	2,1,3	0,19,17	1.0	45.75277328491211	0.835587545032227
3031.0	16650.0	62.0	4.0	2.0	3	0	1.0	45.75277328491211	0.8669491149546552
880.0	16651.0	67.0	1.0	11.0	1,3,1,2,2,1,1,2,1,3	0,19,28,1,6,8,5,13,22,14	0.0	45.75277328491211	0.8570242131895246
3021.0	16653.0	62.0	3.0	2.0	3	0	1.0	45.75277328491211	0.8669491149546552
2726.0	16654.0	62.0	3.0	3.0	2,2	0,13	1.0	45.75277328491211	0.8669491149546552
4280.0	16655.0	148.0	4.0	3.0	3,4	0,28	1.0	45.75277328491211	0.7111885249560618
6396.0	16657.0	62.0	4.0	2.0	3	0	1.0	45.75277328491211	0.8669491149546552
3017.0	16659.0	62.0	4.0	2.0	3	0	1.0	45.75277328491211	0.8669491149546552
2206.0	16660.0	84.0	3.0	3.0	2,3	0,19	1.0	45.75277328491211	0.8241216802106458
3011.0	16661.0	62.0	3.0	3.0	2,3	0,2	1.0	45.75277328491211	0.8669491149546552
2601.0	16662.0	64.0	3.0	3.0	3,2	0,16	1.0	45.75277328491211	0.8629654358495723
2158.0	16663.0	69.0	3.0	4.0	2,2,2	0,22,23	1.0	45.75277328491211	0.8530861395566658
2289.0	16667.0	77.0	3.0	3.0	2,3	0,18	1.0	45.75277328491211	0.8375139720882833
1643.0	16668.0	58.0	3.0	10.0	2,3,2,2,1,2,1,1,2	0,2,6,7,9,19,21,14,2	1.0	45.75277328491211	0.8749717272392359
3023.0	16669.0	62.0	3.0	2.0	3	0	1.0	45.75277328491211	0.8669491149546552
2768.0	16670.0	58.0	1.0	3.0	1,1	0,16	0.0	45.75277328491211	0.8749717272392359
2373.0	16671.0	58.0	1.0	4.0	2,1,1	0,17,16	0.0	45.75277328491211	0.8749717272392359
2685.0	16672.0	58.0	4.0	3.0	3,1	0,19	1.0	45.75277328491211	0.8749717272392359
2766.0	16673.0	58.0	1.0	4.0	2,1,1	0,14,2	0.0	45.75277328491211	0.8749717272392359
2225.0	16674.0	80.0	2.0	4.0	1,1,3	0,1,20	1.0	45.75277328491211	0.8317479740744939
2665.0	16676.0	64.0	4.0	3.0	3,2	0,15	1.0	45.75277328491211	0.8629654358495723
3020.0	16677.0	62.0	4.0	2.0	3	0	1.0	45.75277328491211	0.8669491149546552
2763.0	16678.0	58.0	1.0	4.0	1,1,2	0,14,2	0.0	45.75277328491211	0.8749717272392359
2113.0	16679.0	101.0	3.0	3.0	2,4	0,15	1.0	45.75277328491211	0.7924823282011788
3055.0	16681.0	58.0	3.0	3.0	2,2	0,2	1.0	45.75277328491211	0.8749717272392359
3024.0	16682.0	62.0	2.0	2.0	3	0	1.0	45.75277328491211	0.8669491149546552
2765.0	16683.0	58.0	3.0	3.0	2,1	0,16	1.0	45.75277328491211	0.8749717272392359
2770.0	16684.0	58.0	1.0	4.0	2,1,2	0,14,2	0.0	45.75277328491211	0.8749717272392359
2094.0	16686.0	93.0	4.0	3.0	2,3	0,23	1.0	45.75277328491211	0.8072172077873807
1993.0	16687.0	67.0	2.0	6.0	1,1,1,2,2	0,5,13,19,17	1.0	45.75277328491211	0.8570242131895246
1435.0	16693.0	101.0	2.0	3.0	3,2	0,48	1.0	45.75277328491211	0.7924823282011788
3051.0	16695.0	58.0	1.0	3.0	1,1	0,2	0.0	45.75277328491211	0.8749717272392359
3026.0	16696.0	62.0	3.0	2.0	3	0	1.0	45.75277328491211	0.8669491149546552
2235.0	16697.0	81.0	3.0	4.0	2,2,3	0,1,19	1.0	45.75277328491211	0.8298348098115959
3040.0	16699.0	60.0	4.0	2.0	2	0	1.0	45.75277328491211	0.8709511837872439
2047.0	16700.0	76.0	4.0	5.0	2,2,1,3	0,5,21,16	1.0	45.75277328491211	0.8394448404757408
2746.0	16701.0	60.0	2.0	3.0	2,2	0,14	1.0	45.75277328491211	0.8709511837872439
1537.0	16703.0	74.0	1.0	9.0	2,2,2,2,2,4,1,3	0,1,2,2,4,7,38,18	0.0	45.75277328491211	0.8433199422259987
3046.0	16704.0	60.0	4.0	2.0	2	0	1.0	45.75277328491211	0.8709511837872439
2241.0	16705.0	81.0	4.0	3.0	2,3	0,19	1.0	45.75277328491211	0.8298348098115959
1010.0	16706.0	146.0	4.0	3.0	2,4	0,28	1.0	45.75277328491211	0.7144715612735627
1764.0	16708.0	70.0	4.0	7.0	2,3,1,3,2,2	0,4,7,5,23,25	1.0	45.75277328491211	0.8511238938208834
1929.0	16709.0	58.0	3.0	8.0	1,1,1,1,2,1,2	0,4,5,19,17,18,2	1.0	45.75277328491211	0.8749717272392359
3025.0	16710.0	62.0	1.0	2.0	3	0	0.0	45.75277328491211	0.8669491149546552
2196.0	16711.0	67.0	4.0	4.0	2,2,2	0,19,17	1.0	45.75277328491211	0.8570242131895246
1461.0	16712.0	58.0	2.0	12.0	2,1,2,4,2,2,2,1,1,2,1	0,1,3,2,4,4,9,12,19,17,19	1.0	45.75277328491211	0.8749717272392359
3043.0	16713.0	60.0	4.0	2.0	3	0	1.0	45.75277328491211	0.8709511837872439
1671.0	16715.0	82.0	1.0	7.0	2,1,4,2,3,2	0,2,2,7,10,34	0.0	45.75277328491211	0.8279260461575494
3050.0	16717.0	60.0	3.0	2.0	3	0	1.0	45.75277328491211	0.8709511837872439
2386.0	16719.0	58.0	2.0	4.0	1,1,1	0,17,16	1.0	45.75277328491211	0.8749717272392359
2347.0	16720.0	58.0	1.0	4.0	2,1,1	0,18,16	0.0	45.75277328491211	0.8749717272392359
3054.0	16721.0	58.0	1.0	3.0	1,1	0,2	0.0	45.75277328491211	0.8749717272392359
1965.0	16722.0	58.0	1.0	6.0	1,1,1,3,1	0,5,5,19,35	0.0	45.75277328491211	0.8749717272392359
2764.0	16723.0	58.0	2.0	4.0	1,1,1	0,14,2	1.0	45.75277328491211	0.8749717272392359
1518.0	16725.0	122.0	3.0	5.0	2,3,4,4	0,2,4,18	1.0	45.75277328491211	0.7550703579530603
2159.0	16726.0	90.0	3.0	3.0	3,3	0,24	1.0	45.75277328491211	0.8128131490603098
2699.0	16727.0	58.0	1.0	4.0	3,1,2	0,17,2	0.0	45.75277328491211	0.8749717272392359
3032.0	16728.0	62.0	1.0	2.0	3	0	0.0	45.75277328491211	0.8669491149546552
3056.0	16731.0	60.0	2.0	2.0	3	0	1.0	45.75277328491211	0.8709511837872439
3289.0	16777.0	1.0	2.0	2.0	1	0	1.0	45.75277328491211	0.9976998269637786
3281.0	16778.0	1.0	2.0	2.0	1	0	1.0	45.75277328491211	0.9976998269637786
6660.0	16779.0	1.0	2.0	2.0	2	0	1.0	45.75277328491211	0.9976998269637786
3283.0	16780.0	1.0	1.0	2.0	2	0	0.0	45.75277328491211	0.9976998269637786
3284.0	16781.0	1.0	2.0	2.0	2	0	1.0	45.75277328491211	0.9976998269637786
3285.0	16782.0	1.0	2.0	2.0	2	0	1.0	45.75277328491211	0.9976998269637786
3286.0	16783.0	1.0	3.0	2.0	2	0	1.0	45.75277328491211	0.9976998269637786
4272.0	16784.0	144.0	3.0	3.0	3,3	0,33	1.0	45.75277328491211	0.7177697529641944
4232.0	16785.0	154.0	4.0	3.0	3,4	0,30	1.0	45.75277328491211	0.7014296534430936
3073.0	16787.0	59.0	2.0	2.0	2	0	1.0	45.75277328491211	0.8729591408647841
5517.0	16788.0	90.0	3.0	3.0	3,3	0,24	1.0	45.75277328491211	0.8128131490603098
1261.0	16790.0	117.0	3.0	6.0	2,3,4,3,3	0,2,3,9,26	1.0	45.75277328491211	0.7638145672917397
3079.0	16791.0	59.0	1.0	2.0	1	0	0.0	45.75277328491211	0.8729591408647841
976.0	16792.0	147.0	3.0	3.0	2,4	0,28	1.0	45.75277328491211	0.7128281530531742
3076.0	16793.0	59.0	2.0	2.0	1	0	1.0	45.75277328491211	0.8729591408647841
6428.0	16794.0	59.0	2.0	2.0	2	0	1.0	45.75277328491211	0.8729591408647841
3289.0	16795.0	1.0	2.0	3.0	1,2	0,1	1.0	45.75277328491211	0.9976998269637786
6664.0	16796.0	1.0	2.0	2.0	2	0	1.0	45.75277328491211	0.9976998269637786
3079.0	16797.0	1.0	2.0	3.0	1,1	0,59	1.0	45.75277328491211	0.9976998269637786
6417.0	16798.0	62.0	3.0	2.0	3	0	1.0	45.75277328491211	0.8669491149546552
2218.0	16799.0	84.0	4.0	3.0	2,3	0,19	1.0	45.75277328491211	0.8241216802106458
2226.0	16800.0	83.0	3.0	4.0	2,2,3	0,1,19	1.0	45.75277328491211	0.8260216729901924
6422.0	16802.0	62.0	2.0	2.0	3	0	1.0	45.75277328491211	0.8669491149546552
2312.0	16803.0	78.0	1.0	4.0	2,2,3	0,1,17	0.0	45.75277328491211	0.835587545032227
2349.0	16804.0	77.0	2.0	3.0	2,3	0,17	1.0	45.75277328491211	0.8375139720882833
5081.0	16805.0	82.0	2.0	6.0	1,3,2,3,2	0,2,7,9,37	1.0	45.75277328491211	0.8279260461575494
3069.0	16807.0	60.0	4.0	2.0	2	0	1.0	45.75277328491211	0.8709511837872439
1997.0	16808.0	71.0	2.0	5.0	2,2,2,2	0,6,20,25	1.0	45.75277328491211	0.8491661615898327
3044.0	16809.0	62.0	3.0	2.0	3	0	1.0	45.75277328491211	0.8669491149546552
1825.0	16810.0	96.0	3.0	6.0	2,2,2,3,3	0,1,4,5,24	1.0	45.75277328491211	0.8016597926612865
1166.0	16813.0	132.0	4.0	5.0	2,3,4,4	0,3,6,21	1.0	45.75277328491211	0.7378811064647748
3049.0	16814.0	62.0	4.0	2.0	3	0	1.0	45.75277328491211	0.8669491149546552
4802.0	16815.0	127.0	2.0	5.0	2,4,4,4	0,1,4,18	1.0	45.75277328491211	0.7464262530117478
5588.0	16816.0	83.0	3.0	3.0	2,3	0,20	1.0	45.75277328491211	0.8260216729901924
3070.0	16817.0	60.0	4.0	2.0	2	0	1.0	45.75277328491211	0.8709511837872439
2812.0	16819.0	59.0	1.0	3.0	2,1	0,15	0.0	45.75277328491211	0.8729591408647841
5594.0	16820.0	83.0	3.0	3.0	2,3	0,20	1.0	45.75277328491211	0.8260216729901924
2318.0	16822.0	78.0	2.0	4.0	2,2,3	0,1,17	1.0	45.75277328491211	0.835587545032227
5035.0	16823.0	94.0	3.0	3.0	3,2	0,45	1.0	45.75277328491211	0.8053604685316542
2210.0	16825.0	86.0	2.0	3.0	2,3	0,19	1.0	45.75277328491211	0.82033479553556
3041.0	16826.0	62.0	2.0	2.0	3	0	1.0	45.75277328491211	0.8669491149546552
3063.0	16827.0	60.0	2.0	2.0	2	0	1.0	45.75277328491211	0.8709511837872439
6393.0	16828.0	64.0	4.0	2.0	3	0	1.0	45.75277328491211	0.8629654358495723
5431.0	16829.0	89.0	2.0	4.0	1,3,3	0,6,24	1.0	45.75277328491211	0.8146870702923544
1942.0	16832.0	84.0	3.0	5.0	2,3,1,3	0,4,18,19	1.0	45.75277328491211	0.8241216802106458
3085.0	16833.0	60.0	1.0	2.0	2	0	0.0	45.75277328491211	0.8709511837872439
6397.0	16834.0	64.0	4.0	2.0	3	0	1.0	45.75277328491211	0.8629654358495723
4306.0	16835.0	150.0	4.0	3.0	3,4	0,27	1.0	45.75277328491211	0.7079205743719144
3077.0	16837.0	60.0	1.0	2.0	2	0	0.0	45.75277328491211	0.8709511837872439
4205.0	16839.0	156.0	4.0	3.0	3,4	0,29	1.0	45.75277328491211	0.698206545412984
6403.0	16840.0	64.0	3.0	2.0	3	0	1.0	45.75277328491211	0.8629654358495723
6385.0	16841.0	64.0	3.0	2.0	3	0	1.0	45.75277328491211	0.8629654358495723
6400.0	16843.0	62.0	3.0	2.0	3	0	1.0	45.75277328491211	0.8669491149546552
4332.0	16844.0	145.0	4.0	3.0	3,4	0,27	1.0	45.75277328491211	0.7161187583322108
4227.0	16845.0	151.0	4.0	3.0	3,4	0,28	1.0	45.75277328491211	0.7062922345549577
6402.0	16846.0	62.0	3.0	2.0	3	0	1.0	45.75277328491211	0.8669491149546552
3036.0	16848.0	62.0	3.0	2.0	3	0	1.0	45.75277328491211	0.8669491149546552
6399.0	16849.0	64.0	3.0	2.0	3	0	1.0	45.75277328491211	0.8629654358495723
5634.0	16850.0	60.0	1.0	4.0	1,2,1	0,18,20	0.0	45.75277328491211	0.8709511837872439
3074.0	16851.0	60.0	4.0	2.0	1	0	1.0	45.75277328491211	0.8709511837872439
4220.0	16852.0	155.0	4.0	3.0	3,4	0,30	1.0	45.75277328491211	0.6998162438674377
5469.0	16854.0	93.0	4.0	3.0	3,3	0,24	1.0	45.75277328491211	0.8072172077873807
1320.0	16857.0	127.0	4.0	3.0	3,3	0,30	1.0	45.75277328491211	0.7464262530117478
2590.0	16858.0	66.0	3.0	3.0	3,2	0,16	1.0	45.75277328491211	0.859000061970181
2814.0	16859.0	58.0	1.0	4.0	2,1,1	0,15,1	0.0	45.75277328491211	0.8749717272392359
5337.0	16861.0	84.0	3.0	4.0	2,1,3	0,18,21	1.0	45.75277328491211	0.8241216802106458
4381.0	16862.0	138.0	4.0	3.0	3,3	0,33	1.0	45.75277328491211	0.7277559615036951
2357.0	16863.0	77.0	2.0	3.0	2,3	0,17	1.0	45.75277328491211	0.8375139720882833
3053.0	16866.0	62.0	4.0	2.0	3	0	1.0	45.75277328491211	0.8669491149546552
1989.0	16867.0	68.0	1.0	6.0	2,2,1,1,3	0,5,20,18,12	0.0	45.75277328491211	0.8550529092029572
3037.0	16868.0	62.0	3.0	2.0	3	0	1.0	45.75277328491211	0.8669491149546552
1950.0	16869.0	90.0	2.0	5.0	2,1,3,3	0,5,5,24	1.0	45.75277328491211	0.8128131490603098
2384.0	16872.0	76.0	3.0	3.0	2,3	0,17	1.0	45.75277328491211	0.8394448404757408
3087.0	16873.0	60.0	1.0	2.0	1	0	0.0	45.75277328491211	0.8709511837872439
6416.0	16874.0	62.0	4.0	2.0	3	0	1.0	45.75277328491211	0.8669491149546552
3042.0	16876.0	62.0	4.0	2.0	3	0	1.0	45.75277328491211	0.8669491149546552
1702.0	16877.0	87.0	2.0	5.0	2,4,4,2	0,2,8,41	1.0	45.75277328491211	0.8184478835581949
1816.0	16878.0	90.0	3.0	7.0	2,1,1,1,3,3	0,1,4,4,5,26	1.0	45.75277328491211	0.8128131490603098
5086.0	16879.0	89.0	3.0	5.0	2,3,4,2	0,2,6,40	1.0	45.75277328491211	0.8146870702923544
6420.0	16882.0	62.0	4.0	2.0	3	0	1.0	45.75277328491211	0.8669491149546552
6398.0	16883.0	64.0	4.0	2.0	3	0	1.0	45.75277328491211	0.8629654358495723
4700.0	16884.0	128.0	4.0	5.0	2,4,4,4	0,2,5,20	1.0	45.75277328491211	0.7447093434710423
5670.0	16886.0	78.0	4.0	3.0	2,3	0,18	1.0	45.75277328491211	0.835587545032227
6450.0	16887.0	59.0	1.0	2.0	1	0	0.0	45.75277328491211	0.8729591408647841
6414.0	16888.0	62.0	4.0	2.0	3	0	1.0	45.75277328491211	0.8669491149546552
3078.0	16891.0	60.0	3.0	2.0	3	0	1.0	45.75277328491211	0.8709511837872439
5516.0	16893.0	92.0	3.0	3.0	3,3	0,23	1.0	45.75277328491211	0.8090782277109553
2594.0	16894.0	66.0	3.0	3.0	3,2	0,16	1.0	45.75277328491211	0.859000061970181
5616.0	16895.0	80.0	3.0	3.0	2,3	0,18	1.0	45.75277328491211	0.8317479740744939
3068.0	16898.0	60.0	3.0	2.0	3	0	1.0	45.75277328491211	0.8709511837872439
785.0	16899.0	88.0	3.0	8.0	2,2,3,1,3,2,3	0,1,45,60,3,9,25	1.0	45.75277328491211	0.8165653118048818
3038.0	16900.0	62.0	3.0	2.0	3	0	1.0	45.75277328491211	0.8669491149546552
3067.0	16902.0	60.0	3.0	2.0	3	0	1.0	45.75277328491211	0.8709511837872439
2221.0	16903.0	84.0	1.0	3.0	1,3	0,19	0.0	45.75277328491211	0.8241216802106458
3082.0	16904.0	60.0	4.0	2.0	3	0	1.0	45.75277328491211	0.8709511837872439
3048.0	16905.0	62.0	3.0	2.0	2	0	1.0	45.75277328491211	0.8669491149546552
6407.0	16906.0	62.0	4.0	2.0	3	0	1.0	45.75277328491211	0.8669491149546552
3064.0	16908.0	60.0	3.0	2.0	3	0	1.0	45.75277328491211	0.8709511837872439
1015.0	16909.0	148.0	4.0	3.0	3,4	0,28	1.0	45.75277328491211	0.7111885249560618
6423.0	16910.0	62.0	4.0	2.0	3	0	1.0	45.75277328491211	0.8669491149546552
6391.0	16911.0	64.0	4.0	2.0	3	0	1.0	45.75277328491211	0.8629654358495723
2362.0	16912.0	77.0	1.0	3.0	2,3	0,17	0.0	45.75277328491211	0.8375139720882833
6412.0	16914.0	62.0	4.0	2.0	3	0	1.0	45.75277328491211	0.8669491149546552
1660.0	16915.0	116.0	3.0	5.0	2,3,4,4	0,2,4,18	1.0	45.75277328491211	0.7655755234680118
4391.0	16916.0	145.0	4.0	3.0	3,4	0,26	1.0	45.75277328491211	0.7161187583322108
1970.0	16917.0	84.0	3.0	4.0	1,4,2	0,5,34	1.0	45.75277328491211	0.8241216802106458
1201.0	16919.0	105.0	3.0	5.0	3,1,3,4	0,36,3,17	1.0	45.75277328491211	0.7852160608880618
2043.0	16920.0	62.0	1.0	7.0	2,2,2,1,1,2	0,1,5,21,17,14	0.0	45.75277328491211	0.8669491149546552
6410.0	16921.0	62.0	4.0	2.0	3	0	1.0	45.75277328491211	0.8669491149546552
6415.0	16922.0	62.0	4.0	2.0	2	0	1.0	45.75277328491211	0.8669491149546552
3052.0	16923.0	62.0	4.0	2.0	3	0	1.0	45.75277328491211	0.8669491149546552
968.0	16925.0	126.0	4.0	5.0	2,3,2,4	0,11,17,22	1.0	45.75277328491211	0.748147120846245
6446.0	16927.0	59.0	3.0	2.0	2	0	1.0	45.75277328491211	0.8729591408647841
3072.0	16928.0	60.0	3.0	2.0	3	0	1.0	45.75277328491211	0.8709511837872439
3336.0	17004.0	1.0	3.0	2.0	1	0	1.0	45.75277328491211	0.9976998269637786
3337.0	17005.0	1.0	3.0	2.0	1	0	1.0	45.75277328491211	0.9976998269637786
3335.0	17006.0	1.0	3.0	2.0	2	0	1.0	45.75277328491211	0.9976998269637786
6413.0	17007.0	63.0	4.0	2.0	3	0	1.0	45.75277328491211	0.8649549819766604
4223.0	17008.0	151.0	4.0	3.0	3,4	0,29	1.0	45.75277328491211	0.7062922345549577
5579.0	17010.0	84.0	4.0	3.0	3,3	0,22	1.0	45.75277328491211	0.8241216802106458
6411.0	17011.0	63.0	4.0	2.0	3	0	1.0	45.75277328491211	0.8649549819766604
6405.0	17012.0	63.0	4.0	2.0	3	0	1.0	45.75277328491211	0.8649549819766604
6418.0	17013.0	63.0	4.0	2.0	3	0	1.0	45.75277328491211	0.8649549819766604
4527.0	17014.0	138.0	4.0	3.0	3,4	0,26	1.0	45.75277328491211	0.7277559615036951
6409.0	17015.0	64.0	4.0	2.0	3	0	1.0	45.75277328491211	0.8629654358495723
4243.0	17016.0	157.0	4.0	3.0	3,4	0,30	1.0	45.75277328491211	0.6966005495435118
2183.0	17017.0	78.0	4.0	4.0	2,1,3	0,20,18	1.0	45.75277328491211	0.835587545032227
6394.0	17018.0	64.0	4.0	2.0	3	0	1.0	45.75277328491211	0.8629654358495723
1933.0	17019.0	99.0	2.0	4.0	1,3,3	0,4,24	1.0	45.75277328491211	0.796140638442648
3060.0	17020.0	62.0	4.0	2.0	3	0	1.0	45.75277328491211	0.8669491149546552
1049.0	17022.0	139.0	4.0	3.0	3,3	0,33	1.0	45.75277328491211	0.7260819968640949
5595.0	17023.0	85.0	3.0	3.0	2,3	0,20	1.0	45.75277328491211	0.8222260577432597
4959.0	17024.0	91.0	2.0	5.0	2,3,3,2	0,4,11,40	1.0	45.75277328491211	0.810943538171355
6433.0	17025.0	62.0	4.0	2.0	3	0	1.0	45.75277328491211	0.8669491149546552
4923.0	17026.0	98.0	4.0	3.0	3,2	0,50	1.0	45.75277328491211	0.7979761216011034
4281.0	17028.0	146.0	4.0	3.0	3,3	0,34	1.0	45.75277328491211	0.7144715612735627
6441.0	17030.0	62.0	4.0	2.0	3	0	1.0	45.75277328491211	0.8669491149546552
5693.0	17031.0	80.0	4.0	3.0	2,3	0,17	1.0	45.75277328491211	0.8317479740744939
2404.0	17032.0	59.0	2.0	5.0	2,1,1,2	0,18,16,1	1.0	45.75277328491211	0.8729591408647841
2286.0	17034.0	81.0	3.0	3.0	2,3	0,18	1.0	45.75277328491211	0.8298348098115959
2066.0	17035.0	74.0	1.0	4.0	3,2,2	0,23,24	0.0	45.75277328491211	0.8433199422259987
3075.0	17036.0	62.0	3.0	2.0	3	0	1.0	45.75277328491211	0.8669491149546552
6406.0	17037.0	64.0	4.0	2.0	3	0	1.0	45.75277328491211	0.8629654358495723
5512.0	17039.0	94.0	3.0	3.0	3,3	0,23	1.0	45.75277328491211	0.8053604685316542
961.0	17040.0	150.0	4.0	3.0	3,4	0,28	1.0	45.75277328491211	0.7079205743719144
5608.0	17041.0	84.0	3.0	3.0	2,3	0,20	1.0	45.75277328491211	0.8241216802106458
5449.0	17042.0	107.0	4.0	3.0	2,4	0,14	1.0	45.75277328491211	0.7816079496843278
3062.0	17043.0	62.0	2.0	2.0	3	0	1.0	45.75277328491211	0.8669491149546552
4229.0	17045.0	157.0	4.0	3.0	3,4	0,30	1.0	45.75277328491211	0.6966005495435118
6425.0	17046.0	62.0	3.0	2.0	3	0	1.0	45.75277328491211	0.8669491149546552
2380.0	17047.0	78.0	2.0	3.0	1,3	0,17	1.0	45.75277328491211	0.835587545032227
6442.0	17049.0	62.0	4.0	2.0	3	0	1.0	45.75277328491211	0.8669491149546552
6419.0	17051.0	64.0	4.0	2.0	3	0	1.0	45.75277328491211	0.8629654358495723
4242.0	17052.0	157.0	4.0	3.0	3,4	0,30	1.0	45.75277328491211	0.6966005495435118
6408.0	17053.0	64.0	4.0	2.0	3	0	1.0	45.75277328491211	0.8629654358495723
5350.0	17054.0	83.0	4.0	4.0	2,4,2	0,6,36	1.0	45.75277328491211	0.8260216729901924
4318.0	17056.0	150.0	4.0	3.0	3,4	0,28	1.0	45.75277328491211	0.7079205743719144
6424.0	17057.0	62.0	4.0	2.0	3	0	1.0	45.75277328491211	0.8669491149546552
6445.0	17058.0	62.0	3.0	2.0	3	0	1.0	45.75277328491211	0.8669491149546552
3088.0	17059.0	59.0	3.0	2.0	2	0	1.0	45.75277328491211	0.8729591408647841
6439.0	17061.0	62.0	4.0	2.0	3	0	1.0	45.75277328491211	0.8669491149546552
6473.0	17062.0	59.0	3.0	3.0	1,2	0,1	1.0	45.75277328491211	0.8729591408647841
6430.0	17063.0	62.0	4.0	2.0	3	0	1.0	45.75277328491211	0.8669491149546552
3059.0	17064.0	62.0	1.0	2.0	3	0	0.0	45.75277328491211	0.8669491149546552
1079.0	17066.0	70.0	3.0	9.0	1,4,4,1,3,1,1,3	0,3,8,31,4,24,17,11	1.0	45.75277328491211	0.8511238938208834
4534.0	17067.0	138.0	4.0	3.0	3,4	0,26	1.0	45.75277328491211	0.7277559615036951
6465.0	17068.0	60.0	4.0	2.0	2	0	1.0	45.75277328491211	0.8709511837872439
6437.0	17069.0	62.0	4.0	2.0	3	0	1.0	45.75277328491211	0.8669491149546552
6125.0	17071.0	62.0	1.0	3.0	2,2	0,15	0.0	45.75277328491211	0.8669491149546552
5564.0	17072.0	59.0	1.0	6.0	2,1,1,1,1	0,20,19,16,1	0.0	45.75277328491211	0.8729591408647841
3086.0	17073.0	62.0	3.0	2.0	3	0	1.0	45.75277328491211	0.8669491149546552
6460.0	17074.0	61.0	4.0	2.0	3	0	1.0	45.75277328491211	0.8689478453584314
6444.0	17076.0	61.0	4.0	2.0	3	0	1.0	45.75277328491211	0.8689478453584314
4252.0	17077.0	157.0	4.0	3.0	3,4	0,30	1.0	45.75277328491211	0.6966005495435118
5678.0	17078.0	80.0	4.0	3.0	2,3	0,18	1.0	45.75277328491211	0.8317479740744939
2301.0	17080.0	81.0	4.0	3.0	2,3	0,18	1.0	45.75277328491211	0.8298348098115959
6429.0	17081.0	62.0	4.0	2.0	2	0	1.0	45.75277328491211	0.8669491149546552
1389.0	17082.0	125.0	4.0	3.0	3,3	0,30	1.0	45.75277328491211	0.7498719561002855
1139.0	17083.0	140.0	4.0	3.0	3,4	0,26	1.0	45.75277328491211	0.7244118826328223
1454.0	17086.0	58.0	1.0	11.0	2,4,1,2,3,4,3,1,1,1	0,2,7,1,2,2,9,35,18,18	0.0	45.75277328491211	0.8749717272392359
1656.0	17087.0	74.0	2.0	7.0	2,4,2,2,1,3	0,2,9,11,29,17	1.0	45.75277328491211	0.8433199422259987
5331.0	17091.0	97.0	3.0	4.0	2,3,3	0,5,24	1.0	45.75277328491211	0.7998158364219842
2193.0	17092.0	71.0	4.0	4.0	3,2,2	0,24,21	1.0	45.75277328491211	0.8491661615898327
6434.0	17093.0	62.0	4.0	2.0	3	0	1.0	45.75277328491211	0.8669491149546552
1611.0	17095.0	96.0	3.0	3.0	3,2	0,49	1.0	45.75277328491211	0.8016597926612865
767.0	17096.0	71.0	4.0	11.0	1,4,1,1,2,4,4,3,1,3	0,1,45,19,2,3,6,18,56,12	1.0	45.75277328491211	0.8491661615898327
1469.0	17097.0	126.0	3.0	5.0	2,4,4,4	0,1,5,19	1.0	45.75277328491211	0.748147120846245
6468.0	17098.0	59.0	1.0	3.0	2,1	0,1	0.0	45.75277328491211	0.8729591408647841
972.0	17099.0	62.0	1.0	8.0	2,3,2,2,2,1,2	0,11,13,15,24,39,14	0.0	45.75277328491211	0.8669491149546552
6426.0	17101.0	62.0	4.0	2.0	3	0	1.0	45.75277328491211	0.8669491149546552
2114.0	17102.0	105.0	4.0	3.0	2,4	0,15	1.0	45.75277328491211	0.7852160608880618
6458.0	17103.0	61.0	4.0	2.0	3	0	1.0	45.75277328491211	0.8689478453584314
4208.0	17104.0	152.0	4.0	3.0	3,4	0,29	1.0	45.75277328491211	0.7046676402013418
991.0	17105.0	132.0	4.0	8.0	2,2,1,4,4,4,4	0,11,3,1,3,6,22	1.0	45.75277328491211	0.7378811064647748
4417.0	17107.0	140.0	4.0	3.0	3,3	0,32	1.0	45.75277328491211	0.7244118826328223
2230.0	17108.0	85.0	4.0	4.0	2,2,3	0,1,19	1.0	45.75277328491211	0.8222260577432597
2198.0	17109.0	85.0	4.0	3.0	3,3	0,22	1.0	45.75277328491211	0.8222260577432597
6431.0	17110.0	62.0	4.0	2.0	3	0	1.0	45.75277328491211	0.8669491149546552
6435.0	17111.0	62.0	4.0	2.0	3	0	1.0	45.75277328491211	0.8669491149546552
4495.0	17113.0	139.0	4.0	3.0	3,4	0,26	1.0	45.75277328491211	0.7260819968640949
1951.0	17114.0	93.0	4.0	5.0	2,1,3,3	0,5,5,23	1.0	45.75277328491211	0.8072172077873807
1503.0	17115.0	58.0	1.0	9.0	2,2,1,3,3,3,2,1	0,3,2,1,4,9,32,41	0.0	45.75277328491211	0.8749717272392359
1256.0	17116.0	132.0	3.0	4.0	2,4,4	0,6,22	1.0	45.75277328491211	0.7378811064647748
901.0	17119.0	124.0	1.0	8.0	2,1,4,2,2,4,4	0,14,1,5,7,7,23	0.0	45.75277328491211	0.7516007679206599
5569.0	17120.0	92.0	4.0	3.0	3,3	0,23	1.0	45.75277328491211	0.8090782277109553
4388.0	17121.0	145.0	4.0	3.0	3,4	0,28	1.0	45.75277328491211	0.7161187583322108
5327.0	17124.0	94.0	2.0	4.0	1,3,3	0,6,26	1.0	45.75277328491211	0.8053604685316542
1453.0	17126.0	71.0	2.0	10.0	2,1,3,3,2,1,2,1,3	0,2,1,4,14,27,1,19,13	1.0	45.75277328491211	0.8491661615898327
4264.0	17127.0	153.0	4.0	3.0	3,4	0,28	1.0	45.75277328491211	0.7030467826958529
2151.0	17128.0	94.0	3.0	3.0	3,3	0,24	1.0	45.75277328491211	0.8053604685316542
6447.0	17131.0	61.0	3.0	2.0	3	0	1.0	45.75277328491211	0.8689478453584314
2231.0	17132.0	84.0	4.0	4.0	2,2,3	0,1,20	1.0	45.75277328491211	0.8241216802106458
3083.0	17133.0	62.0	4.0	2.0	3	0	1.0	45.75277328491211	0.8669491149546552
5570.0	17134.0	91.0	4.0	3.0	3,3	0,24	1.0	45.75277328491211	0.810943538171355
4446.0	17136.0	141.0	4.0	3.0	3,4	0,27	1.0	45.75277328491211	0.7227456099532719
6476.0	17137.0	59.0	1.0	3.0	1,1	0,1	0.0	45.75277328491211	0.8729591408647841
6454.0	17138.0	61.0	4.0	2.0	3	0	1.0	45.75277328491211	0.8689478453584314
4311.0	17139.0	150.0	4.0	3.0	3,4	0,28	1.0	45.75277328491211	0.7079205743719144
2220.0	17140.0	71.0	2.0	5.0	2,2,1,3	0,1,20,13	1.0	45.75277328491211	0.8491661615898327
6452.0	17183.0	62.0	3.0	2.0	3	0	1.0	45.75277328491211	0.8669491149546552
4361.0	17184.0	142.0	3.0	3.0	3,3	0,33	1.0	45.75277328491211	0.72108316998921
3099.0	17185.0	59.0	3.0	2.0	2	0	1.0	45.75277328491211	0.8729591408647841
6451.0	17186.0	62.0	4.0	2.0	3	0	1.0	45.75277328491211	0.8669491149546552
4297.0	17187.0	151.0	3.0	3.0	3,4	0,29	1.0	45.75277328491211	0.7062922345549577
2253.0	17188.0	85.0	4.0	4.0	2,2,3	0,1,19	1.0	45.75277328491211	0.8222260577432597
6448.0	17190.0	62.0	3.0	2.0	3	0	1.0	45.75277328491211	0.8669491149546552
6432.0	17191.0	63.0	4.0	2.0	3	0	1.0	45.75277328491211	0.8649549819766604
4564.0	17192.0	132.0	4.0	3.0	3,3	0,32	1.0	45.75277328491211	0.7378811064647748
4454.0	17193.0	142.0	4.0	3.0	3,4	0,27	1.0	45.75277328491211	0.72108316998921
2783.0	17194.0	59.0	4.0	3.0	2,1	0,18	1.0	45.75277328491211	0.8729591408647841
5607.0	17196.0	85.0	3.0	3.0	2,3	0,20	1.0	45.75277328491211	0.8222260577432597
5511.0	17197.0	94.0	4.0	3.0	3,3	0,24	1.0	45.75277328491211	0.8053604685316542
3065.0	17198.0	63.0	4.0	2.0	3	0	1.0	45.75277328491211	0.8649549819766604
4403.0	17199.0	147.0	3.0	3.0	3,4	0,27	1.0	45.75277328491211	0.7128281530531742
1592.0	17200.0	70.0	2.0	8.0	2,2,4,3,4,1,3	0,1,1,4,11,49,11	1.0	45.75277328491211	0.8511238938208834
6169.0	17201.0	59.0	2.0	3.0	1,1	0,17	1.0	45.75277328491211	0.8729591408647841
4392.0	17202.0	142.0	4.0	4.0	2,4,4	0,7,25	1.0	45.75277328491211	0.72108316998921
2374.0	17204.0	63.0	2.0	4.0	2,1,2	0,17,16	1.0	45.75277328491211	0.8649549819766604
5692.0	17205.0	81.0	2.0	3.0	2,3	0,17	1.0	45.75277328491211	0.8298348098115959
2408.0	17206.0	77.0	2.0	3.0	2,3	0,18	1.0	45.75277328491211	0.8375139720882833
6449.0	17207.0	62.0	3.0	2.0	3	0	1.0	45.75277328491211	0.8669491149546552
1091.0	17209.0	142.0	3.0	3.0	3,4	0,26	1.0	45.75277328491211	0.72108316998921
6461.0	17210.0	62.0	3.0	2.0	3	0	1.0	45.75277328491211	0.8669491149546552
6459.0	17211.0	62.0	2.0	2.0	3	0	1.0	45.75277328491211	0.8669491149546552
3080.0	17212.0	63.0	2.0	2.0	3	0	1.0	45.75277328491211	0.8649549819766604
6464.0	17214.0	62.0	4.0	2.0	3	0	1.0	45.75277328491211	0.8669491149546552
6462.0	17215.0	62.0	4.0	2.0	3	0	1.0	45.75277328491211	0.8669491149546552
3090.0	17216.0	59.0	3.0	3.0	1,2	0,1	1.0	45.75277328491211	0.8729591408647841
6438.0	17217.0	63.0	4.0	2.0	3	0	1.0	45.75277328491211	0.8649549819766604
3091.0	17218.0	59.0	3.0	3.0	2,2	0,1	1.0	45.75277328491211	0.8729591408647841
4076.0	17219.0	188.0	4.0	3.0	3,4	0,52	1.0	45.75277328491211	0.6486054842735256
2810.0	17220.0	62.0	3.0	3.0	2,2	0,15	1.0	45.75277328491211	0.8669491149546552
6471.0	17221.0	61.0	4.0	2.0	3	0	1.0	45.75277328491211	0.8689478453584314
1856.0	17223.0	72.0	1.0	4.0	3,1,3	0,47,13	0.0	45.75277328491211	0.8472129324816722
2573.0	17225.0	73.0	3.0	3.0	2,3	0,14	1.0	45.75277328491211	0.8452641961384397
1425.0	17226.0	71.0	2.0	12.0	2,3,2,2,3,1,2,1,1,2,3	0,2,3,5,5,12,4,15,2,19,16	1.0	45.75277328491211	0.8491661615898327
6453.0	17227.0	62.0	4.0	2.0	3	0	1.0	45.75277328491211	0.8669491149546552
3066.0	17228.0	63.0	4.0	2.0	3	0	1.0	45.75277328491211	0.8649549819766604
1112.0	17229.0	140.0	4.0	3.0	3,4	0,27	1.0	45.75277328491211	0.7244118826328223
3071.0	17230.0	63.0	3.0	2.0	3	0	1.0	45.75277328491211	0.8649549819766604
2325.0	17231.0	81.0	3.0	3.0	2,3	0,17	1.0	45.75277328491211	0.8298348098115959
2400.0	17232.0	61.0	3.0	4.0	2,1,2	0,18,16	1.0	45.75277328491211	0.8689478453584314
2282.0	17233.0	71.0	2.0	4.0	2,1,3	0,18,11	1.0	45.75277328491211	0.8491661615898327
2236.0	17234.0	85.0	3.0	3.0	2,3	0,20	1.0	45.75277328491211	0.8222260577432597
4267.0	17235.0	152.0	4.0	3.0	3,4	0,30	1.0	45.75277328491211	0.7046676402013418
2313.0	17236.0	81.0	4.0	4.0	2,2,3	0,1,17	1.0	45.75277328491211	0.8298348098115959
2298.0	17237.0	82.0	2.0	3.0	2,3	0,18	1.0	45.75277328491211	0.8279260461575494
4393.0	17238.0	147.0	4.0	3.0	3,4	0,27	1.0	45.75277328491211	0.7128281530531742
1923.0	17239.0	97.0	4.0	4.0	2,3,3	0,5,26	1.0	45.75277328491211	0.7998158364219842
4436.0	17240.0	142.0	4.0	3.0	3,4	0,27	1.0	45.75277328491211	0.72108316998921
4447.0	17241.0	142.0	4.0	3.0	3,4	0,27	1.0	45.75277328491211	0.72108316998921
3092.0	17242.0	59.0	4.0	2.0	2	0	1.0	45.75277328491211	0.8729591408647841
2330.0	17243.0	81.0	3.0	3.0	2,3	0,17	1.0	45.75277328491211	0.8298348098115959
4206.0	17244.0	156.0	4.0	3.0	3,4	0,32	1.0	45.75277328491211	0.698206545412984
4438.0	17246.0	142.0	4.0	3.0	3,4	0,27	1.0	45.75277328491211	0.72108316998921
6080.0	17247.0	59.0	3.0	3.0	3,1	0,22	1.0	45.75277328491211	0.8729591408647841
4214.0	17248.0	153.0	4.0	3.0	3,4	0,29	1.0	45.75277328491211	0.7030467826958529
2323.0	17249.0	81.0	3.0	3.0	2,3	0,17	1.0	45.75277328491211	0.8298348098115959
2723.0	17250.0	63.0	3.0	3.0	3,2	0,17	1.0	45.75277328491211	0.8649549819766604
2356.0	17255.0	80.0	1.0	3.0	2,3	0,17	0.0	45.75277328491211	0.8317479740744939
1596.0	17256.0	74.0	3.0	8.0	2,2,2,2,4,1,3	0,2,2,5,8,38,17	1.0	45.75277328491211	0.8433199422259987
5382.0	17257.0	74.0	2.0	5.0	1,2,2,2	0,6,20,25	1.0	45.75277328491211	0.8433199422259987
4458.0	17259.0	142.0	4.0	3.0	3,4	0,26	1.0	45.75277328491211	0.72108316998921
4481.0	17260.0	141.0	4.0	3.0	3,4	0,26	1.0	45.75277328491211	0.7227456099532719
4325.0	17261.0	149.0	4.0	3.0	3,4	0,29	1.0	45.75277328491211	0.7095526682872877
2131.0	17263.0	71.0	4.0	5.0	2,1,1,3	0,19,17,12	1.0	45.75277328491211	0.8491661615898327
5733.0	17264.0	78.0	3.0	3.0	2,3	0,18	1.0	45.75277328491211	0.835587545032227
1339.0	17265.0	128.0	4.0	3.0	3,3	0,32	1.0	45.75277328491211	0.7447093434710423
5538.0	17266.0	77.0	4.0	4.0	3,1,3	0,22,19	1.0	45.75277328491211	0.8375139720882833
2227.0	17268.0	85.0	2.0	4.0	2,2,3	0,1,20	1.0	45.75277328491211	0.8222260577432597
2693.0	17269.0	70.0	2.0	3.0	2,3	0,12	1.0	45.75277328491211	0.8511238938208834
6436.0	17270.0	63.0	4.0	2.0	3	0	1.0	45.75277328491211	0.8649549819766604
4234.0	17271.0	158.0	4.0	3.0	3,4	0,30	1.0	45.75277328491211	0.6949982477424348
4307.0	17273.0	152.0	4.0	3.0	3,4	0,28	1.0	45.75277328491211	0.7046676402013418
2355.0	17275.0	79.0	4.0	3.0	2,3	0,18	1.0	45.75277328491211	0.8336655490917414
4470.0	17276.0	142.0	4.0	3.0	3,4	0,26	1.0	45.75277328491211	0.72108316998921
4452.0	17278.0	142.0	4.0	3.0	3,4	0,27	1.0	45.75277328491211	0.72108316998921
2526.0	17279.0	73.0	4.0	3.0	2,3	0,14	1.0	45.75277328491211	0.8452641961384397
6467.0	17280.0	61.0	4.0	2.0	3	0	1.0	45.75277328491211	0.8689478453584314
2555.0	17281.0	73.0	3.0	3.0	1,3	0,14	1.0	45.75277328491211	0.8452641961384397
1784.0	17282.0	79.0	4.0	6.0	2,1,4,1,3	0,4,4,30,17	1.0	45.75277328491211	0.8336655490917414
951.0	17283.0	151.0	4.0	3.0	3,4	0,28	1.0	45.75277328491211	0.7062922345549577
5917.0	17284.0	72.0	3.0	3.0	1,3	0,14	1.0	45.75277328491211	0.8472129324816722
6427.0	17286.0	63.0	4.0	2.0	3	0	1.0	45.75277328491211	0.8649549819766604
2757.0	17287.0	63.0	1.0	3.0	1,2	0,16	0.0	45.75277328491211	0.8649549819766604
786.0	17288.0	188.0	4.0	5.0	2,1,4,4	0,1,3,42	1.0	45.75277328491211	0.6486054842735256
4582.0	17289.0	131.0	4.0	3.0	3,3	0,32	1.0	45.75277328491211	0.7395822736687349
6456.0	17290.0	62.0	4.0	2.0	3	0	1.0	45.75277328491211	0.8669491149546552
2101.0	17291.0	106.0	4.0	3.0	2,4	0,15	1.0	45.75277328491211	0.7834099280771991
4209.0	17292.0	156.0	4.0	3.0	3,4	0,32	1.0	45.75277328491211	0.698206545412984
4240.0	17295.0	153.0	2.0	3.0	3,4	0,29	1.0	45.75277328491211	0.7030467826958529
5293.0	17296.0	97.0	4.0	4.0	2,3,3	0,5,26	1.0	45.75277328491211	0.7998158364219842
6443.0	17297.0	62.0	4.0	2.0	3	0	1.0	45.75277328491211	0.8669491149546552
2542.0	17298.0	73.0	4.0	3.0	1,3	0,14	1.0	45.75277328491211	0.8452641961384397
4394.0	17299.0	146.0	4.0	3.0	3,4	0,28	1.0	45.75277328491211	0.7144715612735627
5686.0	17300.0	82.0	4.0	3.0	2,3	0,17	1.0	45.75277328491211	0.8279260461575494
2690.0	17334.0	71.0	2.0	3.0	2,3	0,12	1.0	45.75277328491211	0.8491661615898327
2305.0	17335.0	72.0	2.0	4.0	2,1,3	0,17,11	1.0	45.75277328491211	0.8472129324816722
6472.0	17336.0	62.0	3.0	2.0	3	0	1.0	45.75277328491211	0.8669491149546552
3100.0	17337.0	60.0	2.0	2.0	3	0	1.0	45.75277328491211	0.8709511837872439
956.0	17338.0	150.0	4.0	3.0	3,4	0,30	1.0	45.75277328491211	0.7079205743719144
1011.0	17339.0	75.0	4.0	7.0	1,4,1,3,1,3	0,12,46,5,25,17	1.0	45.75277328491211	0.8413801604339827
4526.0	17341.0	140.0	4.0	3.0	3,4	0,26	1.0	45.75277328491211	0.7244118826328223
6463.0	17342.0	63.0	1.0	2.0	3	0	0.0	45.75277328491211	0.8649549819766604
705.0	17343.0	189.0	3.0	3.0	3,4	0,51	1.0	45.75277328491211	0.6471135794274543
1209.0	17344.0	96.0	2.0	7.0	2,4,2,3,4,2	0,1,3,4,11,50	1.0	45.75277328491211	0.8016597926612865
1375.0	17345.0	129.0	2.0	5.0	2,4,4,4	0,2,6,20	1.0	45.75277328491211	0.7429963831193681
1094.0	17346.0	142.0	4.0	3.0	3,4	0,27	1.0	45.75277328491211	0.72108316998921
4376.0	17347.0	147.0	4.0	3.0	3,4	0,28	1.0	45.75277328491211	0.7128281530531742
5915.0	17349.0	73.0	3.0	3.0	2,3	0,14	1.0	45.75277328491211	0.8452641961384397
4794.0	17350.0	126.0	4.0	3.0	3,3	0,30	1.0	45.75277328491211	0.748147120846245
6466.0	17352.0	62.0	4.0	2.0	3	0	1.0	45.75277328491211	0.8669491149546552
1178.0	17353.0	75.0	3.0	10.0	2,1,4,2,3,1,4,1,3	0,1,3,7,8,21,5,29,17	1.0	45.75277328491211	0.8413801604339827
2089.0	17354.0	85.0	3.0	4.0	2,2,3	0,15,22	1.0	45.75277328491211	0.8222260577432597
6469.0	17356.0	62.0	4.0	2.0	3	0	1.0	45.75277328491211	0.8669491149546552
2642.0	17357.0	72.0	1.0	3.0	1,3	0,13	0.0	45.75277328491211	0.8472129324816722
3089.0	17358.0	61.0	4.0	2.0	3	0	1.0	45.75277328491211	0.8689478453584314
2541.0	17359.0	74.0	2.0	3.0	2,3	0,14	1.0	45.75277328491211	0.8433199422259987
1387.0	17362.0	76.0	2.0	9.0	2,3,4,2,2,2,1,3	0,2,3,8,11,12,28,17	1.0	45.75277328491211	0.8394448404757408
935.0	17363.0	153.0	4.0	3.0	3,4	0,29	1.0	45.75277328491211	0.7030467826958529
1682.0	17364.0	75.0	4.0	4.0	2,1,3	0,51,17	1.0	45.75277328491211	0.8413801604339827
2428.0	17365.0	76.0	3.0	3.0	2,3	0,18	1.0	45.75277328491211	0.8394448404757408
3105.0	17366.0	60.0	2.0	2.0	3	0	1.0	45.75277328491211	0.8709511837872439
2051.0	17367.0	107.0	4.0	3.0	3,4	0,17	1.0	45.75277328491211	0.7816079496843278
6470.0	17369.0	62.0	3.0	2.0	3	0	1.0	45.75277328491211	0.8669491149546552
1089.0	17370.0	142.0	4.0	3.0	3,4	0,27	1.0	45.75277328491211	0.72108316998921
5614.0	17371.0	85.0	2.0	4.0	2,2,3	0,1,19	1.0	45.75277328491211	0.8222260577432597
5911.0	17372.0	73.0	2.0	3.0	2,3	0,14	1.0	45.75277328491211	0.8452641961384397
4797.0	17374.0	75.0	2.0	9.0	2,4,2,3,1,3,2,2	0,1,4,5,15,5,23,26	1.0	45.75277328491211	0.8413801604339827
2044.0	17375.0	107.0	4.0	3.0	3,4	0,17	1.0	45.75277328491211	0.7816079496843278
1358.0	17376.0	76.0	3.0	8.0	2,4,4,2,1,2,3	0,2,6,20,35,1,17	1.0	45.75277328491211	0.8394448404757408
1634.0	17377.0	92.0	1.0	5.0	2,4,3,2	0,3,11,41	0.0	45.75277328491211	0.8090782277109553
3093.0	17379.0	60.0	4.0	2.0	3	0	1.0	45.75277328491211	0.8709511837872439
1894.0	17380.0	74.0	2.0	6.0	2,2,3,2,2	0,1,4,24,28	1.0	45.75277328491211	0.8433199422259987
2084.0	17381.0	106.0	2.0	3.0	2,4	0,16	1.0	45.75277328491211	0.7834099280771991
981.0	17383.0	152.0	4.0	3.0	3,4	0,28	1.0	45.75277328491211	0.7046676402013418
2063.0	17384.0	68.0	2.0	9.0	1,2,1,2,1,1,2,3	0,1,5,1,19,16,1,13	1.0	45.75277328491211	0.8550529092029572
1646.0	17385.0	96.0	3.0	3.0	3,2	0,48	1.0	45.75277328491211	0.8016597926612865
1122.0	17386.0	142.0	4.0	3.0	3,4	0,26	1.0	45.75277328491211	0.72108316998921
2260.0	17388.0	83.0	2.0	3.0	3,3	0,19	1.0	45.75277328491211	0.8260216729901924
1559.0	17389.0	99.0	3.0	3.0	3,2	0,50	1.0	45.75277328491211	0.796140638442648
6455.0	17390.0	63.0	4.0	2.0	3	0	1.0	45.75277328491211	0.8649549819766604
2615.0	17392.0	72.0	4.0	3.0	2,3	0,13	1.0	45.75277328491211	0.8472129324816722
4201.0	17393.0	144.0	4.0	4.0	2,3,4	0,19,26	1.0	45.75277328491211	0.7177697529641944
1102.0	17394.0	143.0	4.0	3.0	3,4	0,26	1.0	45.75277328491211	0.7194245539247277
2643.0	17395.0	72.0	4.0	3.0	1,3	0,13	1.0	45.75277328491211	0.8472129324816722
1041.0	17396.0	147.0	4.0	3.0	3,4	0,27	1.0	45.75277328491211	0.7128281530531742
2466.0	17397.0	75.0	4.0	3.0	1,3	0,18	1.0	45.75277328491211	0.8413801604339827
5552.0	17399.0	70.0	2.0	6.0	2,1,2,1,3	0,19,1,17,12	1.0	45.75277328491211	0.8511238938208834
3103.0	17401.0	60.0	4.0	2.0	3	0	1.0	45.75277328491211	0.8709511837872439
2391.0	17402.0	78.0	4.0	3.0	2,3	0,18	1.0	45.75277328491211	0.835587545032227
938.0	17403.0	121.0	4.0	6.0	3,1,4,4,4	0,33,2,5,19	1.0	45.75277328491211	0.7568111545643008
4268.0	17405.0	154.0	4.0	3.0	3,4	0,29	1.0	45.75277328491211	0.7014296534430936
1059.0	17406.0	72.0	1.0	7.0	2,3,4,4,1,3	0,6,5,15,64,12	0.0	45.75277328491211	0.8472129324816722
5702.0	17407.0	80.0	2.0	3.0	2,3	0,18	1.0	45.75277328491211	0.8317479740744939
4337.0	17408.0	147.0	4.0	3.0	3,4	0,29	1.0	45.75277328491211	0.7128281530531742
4067.0	17409.0	189.0	4.0	3.0	3,4	0,55	1.0	45.75277328491211	0.6471135794274543
2608.0	17410.0	73.0	3.0	3.0	2,3	0,13	1.0	45.75277328491211	0.8452641961384397
978.0	17412.0	152.0	4.0	3.0	2,4	0,28	1.0	45.75277328491211	0.7046676402013418
4505.0	17413.0	141.0	4.0	3.0	3,4	0,26	1.0	45.75277328491211	0.7227456099532719
3097.0	17414.0	60.0	1.0	2.0	3	0	0.0	45.75277328491211	0.8709511837872439
2369.0	17415.0	80.0	2.0	3.0	2,3	0,17	1.0	45.75277328491211	0.8317479740744939
2205.0	17416.0	74.0	3.0	4.0	2,1,3	0,21,14	1.0	45.75277328491211	0.8433199422259987
2646.0	17417.0	72.0	3.0	3.0	2,3	0,13	1.0	45.75277328491211	0.8472129324816722
3095.0	17419.0	60.0	1.0	2.0	3	0	0.0	45.75277328491211	0.8709511837872439
4238.0	17420.0	157.0	2.0	3.0	3,4	0,32	1.0	45.75277328491211	0.6966005495435118
2441.0	17421.0	76.0	2.0	3.0	2,3	0,18	1.0	45.75277328491211	0.8394448404757408
1992.0	17422.0	87.0	2.0	5.0	1,1,2,3	0,5,13,22	1.0	45.75277328491211	0.8184478835581949
1306.0	17423.0	129.0	3.0	3.0	3,3	0,32	1.0	45.75277328491211	0.7429963831193681
6474.0	17425.0	62.0	4.0	2.0	3	0	1.0	45.75277328491211	0.8669491149546552
2492.0	17426.0	75.0	4.0	3.0	2,3	0,17	1.0	45.75277328491211	0.8413801604339827
4471.0	17427.0	142.0	3.0	3.0	3,4	0,26	1.0	45.75277328491211	0.72108316998921
2417.0	17428.0	78.0	3.0	3.0	2,3	0,18	1.0	45.75277328491211	0.835587545032227
4324.0	17429.0	150.0	4.0	3.0	3,4	0,29	1.0	45.75277328491211	0.7079205743719144
6457.0	17430.0	63.0	4.0	2.0	3	0	1.0	45.75277328491211	0.8649549819766604
3106.0	17432.0	60.0	4.0	2.0	3	0	1.0	45.75277328491211	0.8709511837872439
2575.0	17433.0	74.0	2.0	3.0	2,3	0,14	1.0	45.75277328491211	0.8433199422259987
3097.0	17434.0	1.0	1.0	3.0	3,1	0,60	0.0	45.75277328491211	0.9976998269637786
3095.0	17435.0	1.0	2.0	3.0	3,1	0,60	1.0	45.75277328491211	0.9976998269637786
6478.0	17436.0	61.0	4.0	2.0	3	0	1.0	45.75277328491211	0.8689478453584314
4514.0	17437.0	142.0	4.0	3.0	3,4	0,26	1.0	45.75277328491211	0.72108316998921
5950.0	17438.0	74.0	2.0	3.0	2,3	0,14	1.0	45.75277328491211	0.8433199422259987
5694.0	17440.0	83.0	3.0	3.0	2,3	0,17	1.0	45.75277328491211	0.8260216729901924
1180.0	17441.0	99.0	2.0	6.0	2,3,4,3,2	0,1,4,13,50	1.0	45.75277328491211	0.796140638442648
5322.0	17442.0	98.0	2.0	4.0	2,3,3	0,6,25	1.0	45.75277328491211	0.7979761216011034
2487.0	17443.0	76.0	2.0	3.0	2,3	0,17	1.0	45.75277328491211	0.8394448404757408
2606.0	17444.0	74.0	2.0	3.0	2,3	0,13	1.0	45.75277328491211	0.8433199422259987
4739.0	17446.0	128.0	4.0	3.0	3,3	0,31	1.0	45.75277328491211	0.7447093434710423
5923.0	17448.0	74.0	2.0	3.0	2,3	0,14	1.0	45.75277328491211	0.8433199422259987
6440.0	17449.0	64.0	2.0	2.0	3	0	1.0	45.75277328491211	0.8629654358495723
5655.0	17451.0	83.0	4.0	3.0	3,3	0,19	1.0	45.75277328491211	0.8260216729901924
5599.0	17452.0	87.0	3.0	3.0	3,3	0,21	1.0	45.75277328491211	0.8184478835581949
2415.0	17453.0	79.0	4.0	3.0	2,3	0,18	1.0	45.75277328491211	0.8336655490917414
1017.0	17454.0	151.0	4.0	3.0	2,4	0,30	1.0	45.75277328491211	0.7062922345549577
5924.0	17455.0	74.0	2.0	3.0	2,3	0,14	1.0	45.75277328491211	0.8433199422259987
4246.0	17457.0	153.0	4.0	3.0	3,4	0,31	1.0	45.75277328491211	0.7030467826958529
2396.0	17458.0	79.0	1.0	3.0	2,3	0,18	0.0	45.75277328491211	0.8336655490917414
2429.0	17459.0	77.0	3.0	3.0	2,3	0,18	1.0	45.75277328491211	0.8375139720882833
2390.0	17460.0	79.0	2.0	3.0	2,3	0,18	1.0	45.75277328491211	0.8336655490917414
5384.0	17461.0	110.0	2.0	3.0	3,4	0,16	1.0	45.75277328491211	0.7762268455647099
1621.0	17463.0	74.0	4.0	6.0	2,4,4,1,3	0,2,10,49,13	1.0	45.75277328491211	0.8433199422259987
2462.0	17464.0	76.0	1.0	3.0	2,3	0,18	0.0	45.75277328491211	0.8394448404757408
5716.0	17465.0	79.0	2.0	3.0	2,3	0,19	1.0	45.75277328491211	0.8336655490917414
5386.0	17466.0	95.0	2.0	4.0	2,3,3	0,6,25	1.0	45.75277328491211	0.803508000097499
2319.0	17468.0	81.0	3.0	3.0	3,3	0,19	1.0	45.75277328491211	0.8298348098115959
4407.0	17469.0	148.0	4.0	3.0	3,4	0,28	1.0	45.75277328491211	0.7111885249560618
5948.0	17470.0	74.0	3.0	3.0	2,3	0,14	1.0	45.75277328491211	0.8433199422259987
2233.0	17471.0	74.0	2.0	5.0	2,2,1,3	0,1,20,13	1.0	45.75277328491211	0.8433199422259987
908.0	17472.0	153.0	4.0	3.0	3,4	0,31	1.0	45.75277328491211	0.7030467826958529
3094.0	17474.0	61.0	3.0	2.0	3	0	1.0	45.75277328491211	0.8689478453584314
1700.0	17475.0	74.0	2.0	7.0	2,3,2,2,2,2	0,2,8,10,24,25	1.0	45.75277328491211	0.8433199422259987
2222.0	17477.0	86.0	2.0	3.0	3,3	0,22	1.0	45.75277328491211	0.82033479553556
5113.0	17479.0	95.0	4.0	3.0	3,2	0,46	1.0	45.75277328491211	0.803508000097499
1747.0	17480.0	65.0	2.0	7.0	2,3,3,1,2,2	0,2,7,31,17,20	1.0	45.75277328491211	0.8609804660228401
996.0	17481.0	127.0	4.0	6.0	2,2,3,4,3	0,11,3,9,31	1.0	45.75277328491211	0.7464262530117478
3101.0	17484.0	61.0	3.0	2.0	3	0	1.0	45.75277328491211	0.8689478453584314
4826.0	17485.0	118.0	2.0	5.0	2,4,3,3	0,3,8,25	1.0	45.75277328491211	0.762057661619382
1445.0	17486.0	73.0	4.0	8.0	2,3,4,2,4,1,3	0,2,3,8,10,48,12	1.0	45.75277328491211	0.8452641961384397
5997.0	17488.0	73.0	4.0	3.0	2,3	0,13	1.0	45.75277328491211	0.8452641961384397
4346.0	17489.0	158.0	4.0	3.0	3,4	0,32	1.0	45.75277328491211	0.6949982477424348
2029.0	17490.0	95.0	4.0	4.0	2,3,3	0,5,26	1.0	45.75277328491211	0.803508000097499
2030.0	17491.0	110.0	4.0	3.0	3,4	0,16	1.0	45.75277328491211	0.7762268455647099
980.0	17492.0	94.0	1.0	13.0	2,2,2,1,2,4,2,2,2,2,3,3	0,11,2,3,1,1,3,5,6,8,13,34	0.0	45.75277328491211	0.8053604685316542
4364.0	17493.0	143.0	4.0	3.0	3,3	0,34	1.0	45.75277328491211	0.7194245539247277
5735.0	17494.0	79.0	3.0	3.0	2,3	0,19	1.0	45.75277328491211	0.8336655490917414
2418.0	17495.0	79.0	4.0	3.0	2,3	0,18	1.0	45.75277328491211	0.8336655490917414
1097.0	17496.0	130.0	4.0	10.0	2,2,4,1,4,1,4,4,4	0,1,2,5,1,3,1,6,21	1.0	45.75277328491211	0.7412873628729069
4424.0	17497.0	144.0	4.0	3.0	3,4	0,27	1.0	45.75277328491211	0.7177697529641944
2582.0	17498.0	74.0	3.0	3.0	2,3	0,13	1.0	45.75277328491211	0.8433199422259987
2603.0	17500.0	74.0	2.0	3.0	2,3	0,13	1.0	45.75277328491211	0.8433199422259987
4365.0	17501.0	148.0	4.0	3.0	3,4	0,29	1.0	45.75277328491211	0.7111885249560618
5639.0	17502.0	84.0	4.0	3.0	3,3	0,19	1.0	45.75277328491211	0.8241216802106458
5765.0	17503.0	78.0	4.0	3.0	2,3	0,19	1.0	45.75277328491211	0.835587545032227
6475.0	17505.0	63.0	4.0	2.0	3	0	1.0	45.75277328491211	0.8649549819766604
5362.0	17506.0	110.0	4.0	3.0	3,4	0,17	1.0	45.75277328491211	0.7762268455647099
4666.0	17507.0	129.0	4.0	3.0	3,3	0,32	1.0	45.75277328491211	0.7429963831193681
2297.0	17508.0	81.0	2.0	3.0	1,3	0,21	1.0	45.75277328491211	0.8298348098115959
889.0	17509.0	154.0	4.0	3.0	3,4	0,30	1.0	45.75277328491211	0.7014296534430936
5648.0	17510.0	83.0	4.0	3.0	2,3	0,19	1.0	45.75277328491211	0.8260216729901924
3104.0	17511.0	61.0	4.0	2.0	3	0	1.0	45.75277328491211	0.8689478453584314
2277.0	17512.0	82.0	4.0	3.0	2,3	0,20	1.0	45.75277328491211	0.8279260461575494
2310.0	17514.0	65.0	2.0	4.0	2,2,2	0,17,19	1.0	45.75277328491211	0.8609804660228401
2246.0	17515.0	86.0	4.0	3.0	3,3	0,21	1.0	45.75277328491211	0.82033479553556
4462.0	17516.0	144.0	4.0	3.0	3,4	0,26	1.0	45.75277328491211	0.7177697529641944
1254.0	17517.0	100.0	4.0	6.0	2,3,4,4,2	0,1,3,9,50	1.0	45.75277328491211	0.7943093772130622
2454.0	17519.0	76.0	4.0	4.0	2,1,3	0,1,18	1.0	45.75277328491211	0.8394448404757408
5526.0	17520.0	94.0	4.0	3.0	3,3	0,26	1.0	45.75277328491211	0.8053604685316542
2678.0	17522.0	72.0	3.0	3.0	1,3	0,12	1.0	45.75277328491211	0.8472129324816722
4478.0	17523.0	142.0	4.0	3.0	3,4	0,27	1.0	45.75277328491211	0.72108316998921
1285.0	17524.0	134.0	4.0	5.0	2,4,4,4	0,2,5,21	1.0	45.75277328491211	0.7344905019931237
2238.0	17525.0	86.0	3.0	3.0	3,3	0,21	1.0	45.75277328491211	0.82033479553556
2700.0	17526.0	65.0	4.0	3.0	2,2	0,19	1.0	45.75277328491211	0.8609804660228401
2605.0	17528.0	74.0	2.0	3.0	2,3	0,13	1.0	45.75277328491211	0.8433199422259987
862.0	17529.0	143.0	4.0	5.0	2,2,3,4	0,42,19,28	1.0	45.75277328491211	0.7194245539247277
1710.0	17530.0	77.0	4.0	8.0	2,4,1,1,4,1,3	0,2,8,4,5,30,17	1.0	45.75277328491211	0.8375139720882833
2798.0	17531.0	61.0	4.0	3.0	2,2	0,18	1.0	45.75277328491211	0.8689478453584314
1323.0	17532.0	74.0	2.0	6.0	3,1,4,2,2	0,32,3,28,25	1.0	45.75277328491211	0.8433199422259987
1441.0	17533.0	126.0	4.0	3.0	3,3	0,30	1.0	45.75277328491211	0.748147120846245
841.0	17534.0	190.0	4.0	3.0	2,4	0,42	1.0	45.75277328491211	0.6456251062206825
1624.0	17535.0	99.0	4.0	3.0	3,2	0,49	1.0	45.75277328491211	0.796140638442648
6477.0	17537.0	61.0	3.0	2.0	3	0	1.0	45.75277328491211	0.8689478453584314
2687.0	17538.0	72.0	4.0	3.0	2,3	0,12	1.0	45.75277328491211	0.8472129324816722
844.0	17539.0	190.0	3.0	3.0	2,4	0,42	1.0	45.75277328491211	0.6456251062206825
3096.0	17540.0	61.0	3.0	2.0	3	0	1.0	45.75277328491211	0.8689478453584314
5736.0	17542.0	79.0	4.0	3.0	2,3	0,19	1.0	45.75277328491211	0.8336655490917414
4415.0	17543.0	143.0	4.0	4.0	2,4,4	0,7,25	1.0	45.75277328491211	0.7194245539247277
5701.0	17544.0	81.0	4.0	3.0	2,3	0,18	1.0	45.75277328491211	0.8298348098115959
2048.0	17545.0	108.0	4.0	3.0	3,4	0,17	1.0	45.75277328491211	0.7798101161535675
4323.0	17546.0	151.0	4.0	3.0	3,4	0,29	1.0	45.75277328491211	0.7062922345549577
5144.0	17547.0	94.0	4.0	3.0	3,2	0,47	1.0	45.75277328491211	0.8053604685316542
5931.0	17548.0	74.0	4.0	3.0	1,3	0,14	1.0	45.75277328491211	0.8433199422259987
902.0	17549.0	154.0	4.0	3.0	3,4	0,30	1.0	45.75277328491211	0.7014296534430936
4793.0	17551.0	73.0	2.0	7.0	2,3,3,2,1,3	0,3,8,21,38,13	1.0	45.75277328491211	0.8452641961384397
1336.0	17552.0	129.0	4.0	3.0	3,3	0,33	1.0	45.75277328491211	0.7429963831193681
2659.0	17553.0	73.0	4.0	3.0	2,3	0,13	1.0	45.75277328491211	0.8452641961384397
1105.0	17559.0	137.0	4.0	3.0	3,3	0,34	1.0	45.75277328491211	0.729433785428647
1115.0	17560.0	133.0	3.0	6.0	2,4,2,4,4	0,2,5,7,23	1.0	45.75277328491211	0.7361838522397471
1574.0	17561.0	100.0	4.0	3.0	3,2	0,51	1.0	45.75277328491211	0.7943093772130622
1956.0	17562.0	87.0	4.0	4.0	2,4,2	0,6,37	1.0	45.75277328491211	0.8184478835581949
5804.0	17563.0	78.0	4.0	3.0	2,3	0,18	1.0	45.75277328491211	0.835587545032227
2424.0	17565.0	78.0	2.0	3.0	2,3	0,18	1.0	45.75277328491211	0.835587545032227
2433.0	17566.0	78.0	4.0	3.0	2,3	0,18	1.0	45.75277328491211	0.835587545032227
926.0	17567.0	154.0	4.0	3.0	3,4	0,30	1.0	45.75277328491211	0.7014296534430936
4520.0	17568.0	143.0	4.0	3.0	3,4	0,26	1.0	45.75277328491211	0.7194245539247277
1499.0	17569.0	124.0	4.0	3.0	3,3	0,30	1.0	45.75277328491211	0.7516007679206599
1899.0	17570.0	88.0	4.0	3.0	3,2	0,44	1.0	45.75277328491211	0.8165653118048818
2028.0	17571.0	111.0	4.0	3.0	3,4	0,16	1.0	45.75277328491211	0.7744413895045507
2276.0	17572.0	84.0	4.0	3.0	2,3	0,19	1.0	45.75277328491211	0.8241216802106458
2293.0	17573.0	82.0	4.0	3.0	1,3	0,21	1.0	45.75277328491211	0.8279260461575494
885.0	17574.0	159.0	4.0	3.0	3,4	0,32	1.0	45.75277328491211	0.6933996315127564
2450.0	17575.0	78.0	2.0	4.0	2,2,3	0,1,17	1.0	45.75277328491211	0.835587545032227
2682.0	17576.0	72.0	2.0	3.0	2,3	0,13	1.0	45.75277328491211	0.8472129324816722
4245.0	17578.0	155.0	3.0	3.0	3,4	0,30	1.0	45.75277328491211	0.6998162438674377
4515.0	17579.0	142.0	4.0	3.0	3,4	0,27	1.0	45.75277328491211	0.72108316998921
4601.0	17580.0	135.0	4.0	5.0	2,4,4,4	0,1,5,23	1.0	45.75277328491211	0.7328010467450784
1207.0	17581.0	122.0	4.0	6.0	2,3,4,2,4	0,3,5,16,21	1.0	45.75277328491211	0.7550703579530603
4674.0	17583.0	129.0	4.0	3.0	3,3	0,33	1.0	45.75277328491211	0.7429963831193681
2416.0	17584.0	80.0	1.0	3.0	2,3	0,18	0.0	45.75277328491211	0.8317479740744939
2412.0	17585.0	78.0	4.0	3.0	3,3	0,20	1.0	45.75277328491211	0.835587545032227
5103.0	17587.0	95.0	4.0	3.0	2,2	0,47	1.0	45.75277328491211	0.803508000097499
5831.0	17588.0	77.0	3.0	3.0	2,3	0,18	1.0	45.75277328491211	0.8375139720882833
4378.0	17589.0	149.0	4.0	3.0	3,4	0,28	1.0	45.75277328491211	0.7095526682872877
4864.0	17590.0	103.0	2.0	3.0	3,2	0,51	1.0	45.75277328491211	0.7888408280974875
4317.0	17592.0	152.0	4.0	3.0	3,4	0,30	1.0	45.75277328491211	0.7046676402013418
4503.0	17593.0	143.0	3.0	3.0	2,4	0,26	1.0	45.75277328491211	0.7194245539247277
2524.0	17594.0	75.0	4.0	3.0	3,3	0,15	1.0	45.75277328491211	0.8413801604339827
5806.0	17595.0	78.0	3.0	3.0	2,3	0,18	1.0	45.75277328491211	0.835587545032227
1098.0	17598.0	96.0	3.0	5.0	2,3,2,2	0,1,27,47	1.0	45.75277328491211	0.8016597926612865
2473.0	17599.0	77.0	2.0	3.0	2,3	0,18	1.0	45.75277328491211	0.8375139720882833
4288.0	17600.0	154.0	4.0	3.0	3,4	0,30	1.0	45.75277328491211	0.7014296534430936
944.0	17601.0	152.0	4.0	3.0	3,4	0,30	1.0	45.75277328491211	0.7046676402013418
4259.0	17603.0	155.0	4.0	3.0	3,4	0,30	1.0	45.75277328491211	0.6998162438674377
4251.0	17604.0	160.0	4.0	3.0	3,4	0,31	1.0	45.75277328491211	0.6918046923770249
4275.0	17606.0	125.0	4.0	4.0	3,2,3	0,27,32	1.0	45.75277328491211	0.7498719561002855
4713.0	17607.0	129.0	4.0	3.0	3,3	0,31	1.0	45.75277328491211	0.7429963831193681
4430.0	17608.0	145.0	4.0	3.0	3,4	0,27	1.0	45.75277328491211	0.7161187583322108
2334.0	17609.0	62.0	2.0	5.0	2,3,1,2	0,1,21,17	1.0	45.75277328491211	0.8669491149546552
4607.0	17611.0	135.0	4.0	5.0	2,4,4,4	0,2,5,21	1.0	45.75277328491211	0.7328010467450784
911.0	17612.0	154.0	3.0	3.0	3,4	0,30	1.0	45.75277328491211	0.7014296534430936
1028.0	17613.0	123.0	2.0	5.0	2,4,2,3	0,7,19,28	1.0	45.75277328491211	0.7533335654752467
4389.0	17614.0	149.0	4.0	3.0	3,4	0,28	1.0	45.75277328491211	0.7095526682872877
1687.0	17616.0	100.0	2.0	8.0	2,2,2,1,1,3,4	0,2,6,6,5,4,21	1.0	45.75277328491211	0.7943093772130622
5894.0	17617.0	75.0	4.0	3.0	2,3	0,15	1.0	45.75277328491211	0.8413801604339827
4363.0	17618.0	149.0	4.0	3.0	3,4	0,29	1.0	45.75277328491211	0.7095526682872877
6042.0	17619.0	72.0	3.0	3.0	2,3	0,14	1.0	45.75277328491211	0.8472129324816722
2397.0	17621.0	80.0	2.0	3.0	2,3	0,18	1.0	45.75277328491211	0.8317479740744939
670.0	17622.0	191.0	4.0	3.0	3,4	0,57	1.0	45.75277328491211	0.6441400567598461
5036.0	17623.0	80.0	4.0	6.0	2,3,4,1,3	0,2,6,39,18	1.0	45.75277328491211	0.8317479740744939
1357.0	17624.0	128.0	3.0	5.0	2,4,3,4	0,2,7,22	1.0	45.75277328491211	0.7447093434710423
5343.0	17626.0	87.0	2.0	4.0	2,4,2	0,6,36	1.0	45.75277328491211	0.8184478835581949
5725.0	17627.0	63.0	2.0	4.0	2,1,2	0,19,17	1.0	45.75277328491211	0.8649549819766604
5378.0	17628.0	95.0	4.0	4.0	2,3,3	0,6,27	1.0	45.75277328491211	0.803508000097499
1498.0	17631.0	122.0	2.0	6.0	2,2,4,3,4	0,3,2,7,20	1.0	45.75277328491211	0.7550703579530603
5299.0	17632.0	96.0	2.0	4.0	2,3,3	0,6,28	1.0	45.75277328491211	0.8016597926612865
1237.0	17633.0	68.0	1.0	9.0	2,4,2,4,3,1,1,3	0,1,4,3,11,46,17,14	0.0	45.75277328491211	0.8550529092029572
5905.0	17635.0	74.0	4.0	3.0	3,3	0,16	1.0	45.75277328491211	0.8433199422259987
4225.0	17640.0	159.0	4.0	3.0	3,4	0,32	1.0	45.75277328491211	0.6933996315127564
5625.0	17643.0	85.0	4.0	3.0	3,3	0,19	1.0	45.75277328491211	0.8222260577432597
1299.0	17644.0	77.0	2.0	7.0	2,3,4,3,1,3	0,2,4,12,51,17	1.0	45.75277328491211	0.8375139720882833
2022.0	17645.0	109.0	4.0	3.0	3,4	0,18	1.0	45.75277328491211	0.7780164179510184
2445.0	17646.0	78.0	4.0	4.0	2,2,3	0,1,17	1.0	45.75277328491211	0.835587545032227
850.0	17650.0	191.0	2.0	3.0	2,4	0,42	1.0	45.75277328491211	0.6441400567598461
5591.0	17651.0	87.0	4.0	3.0	3,3	0,22	1.0	45.75277328491211	0.8184478835581949
1111.0	17655.0	142.0	4.0	3.0	3,4	0,28	1.0	45.75277328491211	0.72108316998921
1143.0	17656.0	142.0	4.0	3.0	3,4	0,27	1.0	45.75277328491211	0.72108316998921
1367.0	17657.0	131.0	2.0	5.0	2,4,4,4	0,2,5,21	1.0	45.75277328491211	0.7395822736687349
1189.0	17659.0	141.0	3.0	3.0	3,4	0,26	1.0	45.75277328491211	0.7227456099532719
2091.0	17660.0	76.0	3.0	4.0	2,3,2	0,15,33	1.0	45.75277328491211	0.8394448404757408
2181.0	17661.0	68.0	3.0	6.0	2,1,2,1,3	0,19,1,18,14	1.0	45.75277328491211	0.8550529092029572
1877.0	17662.0	70.0	2.0	5.0	3,1,2,3	0,49,1,13	1.0	45.75277328491211	0.8511238938208834
4211.0	17663.0	158.0	4.0	3.0	3,4	0,33	1.0	45.75277328491211	0.6949982477424348
5673.0	17664.0	82.0	4.0	3.0	3,3	0,20	1.0	45.75277328491211	0.8279260461575494
5632.0	17665.0	84.0	3.0	3.0	3,3	0,20	1.0	45.75277328491211	0.8241216802106458
2360.0	17669.0	70.0	1.0	4.0	2,1,3	0,17,13	0.0	45.75277328491211	0.8511238938208834
2354.0	17671.0	70.0	3.0	4.0	2,1,3	0,17,13	1.0	45.75277328491211	0.8511238938208834
4262.0	17672.0	154.0	3.0	3.0	3,4	0,31	1.0	45.75277328491211	0.7014296534430936
2425.0	17673.0	78.0	4.0	3.0	2,3	0,18	1.0	45.75277328491211	0.835587545032227
2491.0	17674.0	77.0	1.0	3.0	1,3	0,17	0.0	45.75277328491211	0.8375139720882833
5744.0	17675.0	80.0	4.0	3.0	2,3	0,19	1.0	45.75277328491211	0.8317479740744939
2704.0	17676.0	72.0	4.0	3.0	2,3	0,13	1.0	45.75277328491211	0.8472129324816722
4212.0	17677.0	159.0	4.0	3.0	3,4	0,32	1.0	45.75277328491211	0.6933996315127564
2287.0	17678.0	82.0	3.0	3.0	3,3	0,21	1.0	45.75277328491211	0.8279260461575494
2452.0	17679.0	78.0	4.0	4.0	2,2,3	0,1,17	1.0	45.75277328491211	0.835587545032227
4142.0	17682.0	130.0	4.0	8.0	3,1,2,2,4,4,4	0,54,12,2,3,9,26	1.0	45.75277328491211	0.7412873628729069
2000.0	17683.0	82.0	4.0	4.0	3,4,2	0,7,39	1.0	45.75277328491211	0.8279260461575494
2745.0	17684.0	69.0	2.0	3.0	2,3	0,14	1.0	45.75277328491211	0.8530861395566658
4445.0	17685.0	145.0	4.0	3.0	3,4	0,28	1.0	45.75277328491211	0.7161187583322108
1897.0	17686.0	100.0	4.0	5.0	2,2,3,3	0,1,6,27	1.0	45.75277328491211	0.7943093772130622
934.0	17687.0	155.0	3.0	3.0	3,4	0,30	1.0	45.75277328491211	0.6998162438674377
2324.0	17688.0	69.0	2.0	5.0	1,2,1,3	0,1,18,14	1.0	45.75277328491211	0.8530861395566658
4456.0	17689.0	144.0	4.0	3.0	2,4	0,28	1.0	45.75277328491211	0.7177697529641944
4459.0	17691.0	145.0	4.0	3.0	3,4	0,27	1.0	45.75277328491211	0.7161187583322108
4724.0	17692.0	122.0	4.0	6.0	2,2,4,4,3	0,1,3,7,28	1.0	45.75277328491211	0.7550703579530603
1142.0	17693.0	143.0	4.0	3.0	3,4	0,27	1.0	45.75277328491211	0.7194245539247277
1199.0	17694.0	142.0	4.0	3.0	3,4	0,26	1.0	45.75277328491211	0.72108316998921
1035.0	17695.0	148.0	4.0	3.0	3,4	0,29	1.0	45.75277328491211	0.7111885249560618
1154.0	17698.0	135.0	4.0	3.0	3,3	0,34	1.0	45.75277328491211	0.7328010467450784
1236.0	17699.0	99.0	2.0	10.0	2,2,4,2,1,1,3,4,3	0,5,3,7,7,5,4,5,30	1.0	45.75277328491211	0.796140638442648
5883.0	17700.0	77.0	4.0	3.0	2,3	0,17	1.0	45.75277328491211	0.8375139720882833
5671.0	17701.0	82.0	4.0	3.0	3,3	0,21	1.0	45.75277328491211	0.8279260461575494
660.0	17703.0	192.0	3.0	3.0	3,4	0,57	1.0	45.75277328491211	0.642658423169737
2722.0	17704.0	71.0	1.0	3.0	2,3	0,13	0.0	45.75277328491211	0.8491661615898327
2423.0	17705.0	79.0	2.0	3.0	2,3	0,18	1.0	45.75277328491211	0.8336655490917414
3389.0	17706.0	2.0	2.0	2.0	1	0	1.0	45.75277328491211	0.9954049447235537
4384.0	17708.0	151.0	2.0	3.0	3,4	0,28	1.0	45.75277328491211	0.7062922345549577
5051.0	17710.0	101.0	2.0	3.0	3,4	0,46	1.0	45.75277328491211	0.7924823282011788
6864.0	17716.0	1.0	2.0	2.0	2	0	1.0	45.75277328491211	0.9976998269637786
2722.0	17717.0	1.0	2.0	4.0	2,3,1	0,13,71	1.0	45.75277328491211	0.9976998269637786
5942.0	17718.0	76.0	4.0	3.0	3,3	0,15	1.0	45.75277328491211	0.8394448404757408
5809.0	17719.0	79.0	3.0	3.0	2,3	0,18	1.0	45.75277328491211	0.8336655490917414
6078.0	17721.0	72.0	4.0	3.0	2,3	0,14	1.0	45.75277328491211	0.8472129324816722
5622.0	17722.0	87.0	4.0	3.0	2,3	0,19	1.0	45.75277328491211	0.8184478835581949
922.0	17723.0	154.0	4.0	3.0	3,4	0,32	1.0	45.75277328491211	0.7014296534430936
5807.0	17725.0	79.0	4.0	3.0	3,3	0,19	1.0	45.75277328491211	0.8336655490917414
5357.0	17726.0	113.0	4.0	3.0	3,4	0,18	1.0	45.75277328491211	0.7708827885114095
932.0	17727.0	154.0	4.0	3.0	3,4	0,32	1.0	45.75277328491211	0.7014296534430936
1558.0	17728.0	124.0	4.0	5.0	2,4,3,4	0,2,7,20	1.0	45.75277328491211	0.7516007679206599
5652.0	17730.0	86.0	4.0	3.0	3,3	0,19	1.0	45.75277328491211	0.82033479553556
2294.0	17731.0	85.0	4.0	3.0	3,3	0,20	1.0	45.75277328491211	0.8222260577432597
970.0	17732.0	154.0	3.0	3.0	3,4	0,30	1.0	45.75277328491211	0.7014296534430936
831.0	17733.0	193.0	2.0	3.0	2,4	0,42	1.0	45.75277328491211	0.6411801975932613
5918.0	17735.0	76.0	4.0	3.0	3,3	0,15	1.0	45.75277328491211	0.8394448404757408
4472.0	17736.0	136.0	3.0	3.0	3,3	0,36	1.0	45.75277328491211	0.7311154775364405
6087.0	17737.0	72.0	4.0	3.0	2,3	0,14	1.0	45.75277328491211	0.8472129324816722
1916.0	17738.0	79.0	3.0	5.0	2,4,1,3	0,4,33,17	1.0	45.75277328491211	0.8336655490917414
920.0	17739.0	104.0	2.0	7.0	2,2,2,4,4,2	0,13,3,4,10,52	1.0	45.75277328491211	0.7870263576948271
2736.0	17740.0	70.0	2.0	3.0	1,3	0,14	1.0	45.75277328491211	0.8511238938208834
5859.0	17741.0	79.0	3.0	3.0	2,3	0,17	1.0	45.75277328491211	0.8336655490917414
2509.0	17742.0	78.0	2.0	3.0	2,3	0,16	1.0	45.75277328491211	0.835587545032227
4239.0	17743.0	160.0	3.0	3.0	3,4	0,33	1.0	45.75277328491211	0.6918046923770249
6043.0	17744.0	75.0	3.0	3.0	2,3	0,13	1.0	45.75277328491211	0.8413801604339827
5619.0	17746.0	84.0	3.0	3.0	3,3	0,22	1.0	45.75277328491211	0.8241216802106458
4294.0	17747.0	155.0	3.0	3.0	3,4	0,30	1.0	45.75277328491211	0.6998162438674377
5667.0	17748.0	82.0	2.0	3.0	3,3	0,22	1.0	45.75277328491211	0.8279260461575494
2020.0	17750.0	111.0	4.0	3.0	3,4	0,18	1.0	45.75277328491211	0.7744413895045507
5626.0	17752.0	84.0	4.0	3.0	3,3	0,22	1.0	45.75277328491211	0.8241216802106458
4643.0	17753.0	136.0	3.0	5.0	2,4,4,4	0,1,5,22	1.0	45.75277328491211	0.7311154775364405
912.0	17755.0	154.0	3.0	3.0	3,4	0,32	1.0	45.75277328491211	0.7014296534430936
770.0	17756.0	193.0	2.0	4.0	1,3,4	0,3,43	1.0	45.75277328491211	0.6411801975932613
2749.0	17758.0	70.0	3.0	3.0	1,3	0,14	1.0	45.75277328491211	0.8511238938208834
5669.0	17759.0	83.0	4.0	3.0	3,3	0,21	1.0	45.75277328491211	0.8260216729901924
4360.0	17760.0	151.0	4.0	3.0	3,4	0,29	1.0	45.75277328491211	0.7062922345549577
1925.0	17761.0	111.0	2.0	4.0	2,3,4	0,4,18	1.0	45.75277328491211	0.7744413895045507
1364.0	17762.0	96.0	3.0	10.0	2,4,4,1,2,1,2,4,3	0,2,5,20,1,5,1,4,27	1.0	45.75277328491211	0.8016597926612865
4339.0	17764.0	151.0	4.0	3.0	3,4	0,29	1.0	45.75277328491211	0.7062922345549577
5620.0	17765.0	84.0	3.0	3.0	3,3	0,22	1.0	45.75277328491211	0.8241216802106458
4236.0	17766.0	160.0	4.0	3.0	3,4	0,33	1.0	45.75277328491211	0.6918046923770249
5705.0	17767.0	82.0	4.0	3.0	3,3	0,21	1.0	45.75277328491211	0.8279260461575494
6083.0	17768.0	72.0	3.0	3.0	2,3	0,14	1.0	45.75277328491211	0.8472129324816722
5353.0	17770.0	113.0	4.0	3.0	3,4	0,18	1.0	45.75277328491211	0.7708827885114095
840.0	17771.0	193.0	4.0	3.0	2,4	0,42	1.0	45.75277328491211	0.6411801975932613
5352.0	17772.0	113.0	4.0	3.0	3,4	0,18	1.0	45.75277328491211	0.7708827885114095
1074.0	17773.0	146.0	4.0	3.0	3,4	0,28	1.0	45.75277328491211	0.7144715612735627
2078.0	17774.0	89.0	3.0	4.0	2,2,3	0,15,22	1.0	45.75277328491211	0.8146870702923544
2361.0	17776.0	81.0	3.0	3.0	3,3	0,21	1.0	45.75277328491211	0.8298348098115959
2041.0	17778.0	111.0	3.0	3.0	3,4	0,17	1.0	45.75277328491211	0.7744413895045507
1372.0	17780.0	130.0	4.0	3.0	3,3	0,31	1.0	45.75277328491211	0.7412873628729069
4486.0	17784.0	136.0	3.0	3.0	3,3	0,35	1.0	45.75277328491211	0.7311154775364405
6878.0	17785.0	1.0	2.0	2.0	2	0	1.0	45.75277328491211	0.9976998269637786
6882.0	17786.0	1.0	2.0	2.0	2	0	1.0	45.75277328491211	0.9976998269637786
2036.0	17787.0	112.0	4.0	3.0	3,4	0,18	1.0	45.75277328491211	0.7726600403022785
6076.0	17788.0	73.0	4.0	3.0	2,3	0,14	1.0	45.75277328491211	0.8452641961384397
1004.0	17789.0	155.0	4.0	3.0	3,4	0,30	1.0	45.75277328491211	0.6998162438674377
2336.0	17790.0	82.0	2.0	4.0	2,1,3	0,1,21	1.0	45.75277328491211	0.8279260461575494
2363.0	17791.0	71.0	3.0	4.0	2,1,3	0,18,14	1.0	45.75277328491211	0.8491661615898327
1090.0	17792.0	127.0	3.0	7.0	2,2,4,4,2,4	0,1,2,5,17,22	1.0	45.75277328491211	0.7464262530117478
5847.0	17793.0	79.0	3.0	3.0	2,3	0,18	1.0	45.75277328491211	0.8336655490917414
2019.0	17795.0	112.0	4.0	3.0	3,4	0,18	1.0	45.75277328491211	0.7726600403022785
5951.0	17796.0	77.0	3.0	3.0	3,3	0,15	1.0	45.75277328491211	0.8375139720882833
5889.0	17797.0	78.0	2.0	3.0	3,3	0,17	1.0	45.75277328491211	0.835587545032227
1259.0	17798.0	133.0	3.0	3.0	2,3	0,34	1.0	45.75277328491211	0.7361838522397471
5629.0	17800.0	87.0	3.0	3.0	3,3	0,20	1.0	45.75277328491211	0.8184478835581949
5808.0	17801.0	80.0	3.0	3.0	2,3	0,18	1.0	45.75277328491211	0.8317479740744939
6071.0	17802.0	73.0	2.0	3.0	2,3	0,14	1.0	45.75277328491211	0.8452641961384397
5884.0	17803.0	79.0	2.0	3.0	2,3	0,17	1.0	45.75277328491211	0.8336655490917414
2394.0	17805.0	81.0	2.0	3.0	2,3	0,20	1.0	45.75277328491211	0.8298348098115959
1141.0	17806.0	144.0	4.0	3.0	2,4	0,28	1.0	45.75277328491211	0.7177697529641944
4370.0	17807.0	152.0	4.0	3.0	3,4	0,28	1.0	45.75277328491211	0.7046676402013418
5428.0	17808.0	97.0	3.0	4.0	2,3,3	0,6,25	1.0	45.75277328491211	0.7998158364219842
1669.0	17810.0	97.0	3.0	3.0	3,2	0,51	1.0	45.75277328491211	0.7998158364219842
4504.0	17811.0	145.0	4.0	3.0	3,4	0,27	1.0	45.75277328491211	0.7161187583322108
4221.0	17812.0	161.0	4.0	3.0	3,4	0,33	1.0	45.75277328491211	0.6902134218772878
1258.0	17813.0	135.0	2.0	5.0	2,4,3,4	0,2,7,23	1.0	45.75277328491211	0.7328010467450784
872.0	17815.0	147.0	2.0	4.0	2,3,4	0,19,28	1.0	45.75277328491211	0.7128281530531742
5858.0	17818.0	79.0	2.0	3.0	2,3	0,18	1.0	45.75277328491211	0.8336655490917414
2388.0	17819.0	82.0	3.0	3.0	3,3	0,19	1.0	45.75277328491211	0.8279260461575494
4315.0	17820.0	154.0	4.0	3.0	3,4	0,31	1.0	45.75277328491211	0.7014296534430936
1057.0	17821.0	97.0	2.0	4.0	2,2,2	0,30,52	1.0	45.75277328491211	0.7998158364219842
5762.0	17823.0	82.0	4.0	3.0	3,3	0,20	1.0	45.75277328491211	0.8279260461575494
1071.0	17824.0	108.0	3.0	5.0	2,4,4,2	0,3,11,54	1.0	45.75277328491211	0.7798101161535675
4451.0	17825.0	148.0	4.0	3.0	3,4	0,28	1.0	45.75277328491211	0.7111885249560618
4791.0	17826.0	129.0	4.0	3.0	3,3	0,33	1.0	45.75277328491211	0.7429963831193681
5864.0	17827.0	80.0	4.0	3.0	3,3	0,18	1.0	45.75277328491211	0.8317479740744939
2027.0	17829.0	113.0	3.0	3.0	3,4	0,18	1.0	45.75277328491211	0.7708827885114095
4354.0	17830.0	154.0	3.0	3.0	3,4	0,32	1.0	45.75277328491211	0.7014296534430936
1190.0	17831.0	136.0	3.0	3.0	3,3	0,35	1.0	45.75277328491211	0.7311154775364405
957.0	17832.0	84.0	2.0	7.0	2,4,1,2,2,3	0,12,42,5,19,24	1.0	45.75277328491211	0.8241216802106458
1316.0	17833.0	132.0	3.0	7.0	2,2,1,4,4,4	0,1,3,1,6,24	1.0	45.75277328491211	0.7378811064647748
1521.0	17834.0	127.0	2.0	3.0	2,3	0,31	1.0	45.75277328491211	0.7464262530117478
5769.0	17835.0	83.0	2.0	3.0	2,3	0,19	1.0	45.75277328491211	0.8260216729901924
6010.0	17837.0	76.0	4.0	3.0	3,3	0,14	1.0	45.75277328491211	0.8394448404757408
5984.0	17838.0	77.0	4.0	3.0	3,3	0,14	1.0	45.75277328491211	0.8375139720882833
4249.0	17839.0	163.0	4.0	3.0	3,4	0,32	1.0	45.75277328491211	0.6870418530512166
5631.0	17840.0	88.0	2.0	3.0	3,3	0,20	1.0	45.75277328491211	0.8165653118048818
2554.0	17842.0	78.0	4.0	3.0	3,3	0,16	1.0	45.75277328491211	0.835587545032227
1110.0	17843.0	141.0	3.0	5.0	2,4,4,4	0,2,7,24	1.0	45.75277328491211	0.7227456099532719
5389.0	17844.0	113.0	3.0	3.0	3,4	0,18	1.0	45.75277328491211	0.7708827885114095
1100.0	17845.0	146.0	4.0	3.0	3,4	0,29	1.0	45.75277328491211	0.7144715612735627
1725.0	17847.0	105.0	2.0	5.0	2,4,2,3	0,3,11,28	1.0	45.75277328491211	0.7852160608880618
4308.0	17848.0	156.0	4.0	3.0	3,4	0,31	1.0	45.75277328491211	0.698206545412984
6082.0	17849.0	74.0	2.0	3.0	2,3	0,14	1.0	45.75277328491211	0.8433199422259987
4222.0	17850.0	162.0	2.0	3.0	3,4	0,33	1.0	45.75277328491211	0.6886258115750475
2383.0	17852.0	72.0	2.0	4.0	2,1,3	0,17,14	1.0	45.75277328491211	0.8472129324816722
1399.0	17853.0	133.0	3.0	5.0	2,4,4,4	0,2,6,22	1.0	45.75277328491211	0.7361838522397471
5813.0	17854.0	81.0	2.0	3.0	2,3	0,18	1.0	45.75277328491211	0.8298348098115959
4210.0	17855.0	163.0	4.0	3.0	3,4	0,32	1.0	45.75277328491211	0.6870418530512166
5840.0	17857.0	81.0	2.0	3.0	2,3	0,17	1.0	45.75277328491211	0.8298348098115959
1715.0	17858.0	98.0	2.0	3.0	3,2	0,49	1.0	45.75277328491211	0.7979761216011034
5852.0	17859.0	80.0	1.0	3.0	2,3	0,18	0.0	45.75277328491211	0.8317479740744939
883.0	17860.0	74.0	1.0	13.0	1,2,2,1,2,3,2,3,2,1,1,4	0,19,6,5,1,2,6,6,14,32,17,13	0.0	45.75277328491211	0.8433199422259987
834.0	17862.0	195.0	3.0	3.0	2,4	0,42	1.0	45.75277328491211	0.6382339391431575
4216.0	17863.0	162.0	4.0	3.0	3,4	0,33	1.0	45.75277328491211	0.6886258115750475
2033.0	17864.0	112.0	4.0	3.0	3,4	0,19	1.0	45.75277328491211	0.7726600403022785
5409.0	17866.0	112.0	4.0	3.0	3,4	0,18	1.0	45.75277328491211	0.7726600403022785
4338.0	17867.0	148.0	4.0	4.0	2,3,4	0,19,28	1.0	45.75277328491211	0.7111885249560618
1905.0	17868.0	69.0	1.0	8.0	1,2,1,3,1,1,3	0,1,4,5,24,18,15	0.0	45.75277328491211	0.8530861395566658
671.0	17869.0	195.0	4.0	3.0	3,4	0,57	1.0	45.75277328491211	0.6382339391431575
4749.0	17871.0	130.0	4.0	3.0	3,3	0,32	1.0	45.75277328491211	0.7412873628729069
2273.0	17872.0	87.0	1.0	3.0	3,3	0,21	0.0	45.75277328491211	0.8184478835581949
2387.0	17873.0	82.0	2.0	3.0	2,3	0,21	1.0	45.75277328491211	0.8279260461575494
1436.0	17879.0	133.0	4.0	5.0	2,4,4,4	0,1,5,22	1.0	45.75277328491211	0.7361838522397471
2739.0	17880.0	72.0	1.0	3.0	2,3	0,14	0.0	45.75277328491211	0.8472129324816722
871.0	17881.0	161.0	3.0	3.0	3,4	0,34	1.0	45.75277328491211	0.6902134218772878
887.0	17882.0	156.0	3.0	3.0	3,4	0,33	1.0	45.75277328491211	0.698206545412984
4257.0	17884.0	158.0	4.0	3.0	2,4	0,31	1.0	45.75277328491211	0.6949982477424348
5224.0	17885.0	92.0	3.0	3.0	3,2	0,46	1.0	45.75277328491211	0.8090782277109553
2411.0	17886.0	69.0	2.0	4.0	2,1,3	0,18,15	1.0	45.75277328491211	0.8530861395566658
1068.0	17887.0	140.0	2.0	3.0	3,3	0,36	1.0	45.75277328491211	0.7244118826328223
1226.0	17889.0	100.0	4.0	7.0	2,1,4,4,4,2	0,1,1,3,10,54	1.0	45.75277328491211	0.7943093772130622
1432.0	17890.0	128.0	2.0	3.0	3,3	0,33	1.0	45.75277328491211	0.7447093434710423
5341.0	17891.0	100.0	4.0	4.0	2,3,3	0,6,27	1.0	45.75277328491211	0.7943093772130622
919.0	17892.0	155.0	4.0	3.0	3,4	0,33	1.0	45.75277328491211	0.6998162438674377
986.0	17894.0	97.0	2.0	9.0	1,1,3,2,4,3,3,2	0,11,1,2,3,7,16,49	1.0	45.75277328491211	0.7998158364219842
2135.0	17895.0	83.0	4.0	4.0	3,2,3	0,21,22	1.0	45.75277328491211	0.8260216729901924
1826.0	17896.0	92.0	2.0	3.0	3,2	0,48	1.0	45.75277328491211	0.8090782277109553
1762.0	17897.0	98.0	4.0	3.0	3,2	0,48	1.0	45.75277328491211	0.7979761216011034
6088.0	17898.0	74.0	4.0	3.0	2,3	0,14	1.0	45.75277328491211	0.8433199422259987
1188.0	17901.0	126.0	4.0	6.0	2,4,4,2,4	0,2,5,16,22	1.0	45.75277328491211	0.748147120846245
5650.0	17902.0	86.0	4.0	3.0	3,3	0,21	1.0	45.75277328491211	0.82033479553556
2049.0	17903.0	113.0	4.0	3.0	3,4	0,17	1.0	45.75277328491211	0.7708827885114095
4343.0	17904.0	153.0	4.0	3.0	3,4	0,29	1.0	45.75277328491211	0.7030467826958529
4423.0	17905.0	146.0	4.0	3.0	2,4	0,30	1.0	45.75277328491211	0.7144715612735627
5766.0	17906.0	82.0	4.0	3.0	3,3	0,20	1.0	45.75277328491211	0.8279260461575494
4305.0	17907.0	155.0	4.0	3.0	3,4	0,32	1.0	45.75277328491211	0.6998162438674377
5829.0	17908.0	81.0	1.0	3.0	2,3	0,18	0.0	45.75277328491211	0.8298348098115959
5347.0	17909.0	115.0	4.0	3.0	3,4	0,18	1.0	45.75277328491211	0.7673405394865384
1908.0	17910.0	90.0	1.0	3.0	2,2	0,45	0.0	45.75277328491211	0.8128131490603098
5338.0	17912.0	115.0	2.0	3.0	3,4	0,18	1.0	45.75277328491211	0.7673405394865384
5398.0	17913.0	112.0	2.0	3.0	3,4	0,19	1.0	45.75277328491211	0.7726600403022785
2773.0	17914.0	72.0	2.0	3.0	1,3	0,14	1.0	45.75277328491211	0.8472129324816722
589.0	17915.0	154.0	1.0	4.0	3,4,2	0,26,86	0.0	45.75277328491211	0.7014296534430936
4432.0	17917.0	147.0	4.0	3.0	3,4	0,29	1.0	45.75277328491211	0.7128281530531742
5913.0	17918.0	77.0	2.0	3.0	3,3	0,16	1.0	45.75277328491211	0.8375139720882833
5290.0	17919.0	102.0	2.0	4.0	2,3,3	0,5,28	1.0	45.75277328491211	0.7906594817181685
2308.0	17920.0	84.0	2.0	3.0	3,3	0,22	1.0	45.75277328491211	0.8241216802106458
4595.0	17924.0	135.0	3.0	3.0	3,3	0,34	1.0	45.75277328491211	0.7328010467450784
4194.0	17925.0	195.0	2.0	3.0	2,4	0,42	1.0	45.75277328491211	0.6382339391431575
5881.0	17927.0	79.0	3.0	3.0	3,3	0,18	1.0	45.75277328491211	0.8336655490917414
4425.0	17928.0	147.0	4.0	3.0	3,4	0,29	1.0	45.75277328491211	0.7128281530531742
4244.0	17929.0	161.0	4.0	3.0	3,4	0,34	1.0	45.75277328491211	0.6902134218772878
5778.0	17930.0	81.0	3.0	3.0	3,3	0,20	1.0	45.75277328491211	0.8298348098115959
4600.0	17932.0	134.0	3.0	3.0	3,3	0,34	1.0	45.75277328491211	0.7344905019931237
1998.0	17933.0	113.0	3.0	3.0	3,4	0,19	1.0	45.75277328491211	0.7708827885114095
2307.0	17934.0	86.0	3.0	3.0	2,3	0,20	1.0	45.75277328491211	0.82033479553556
4647.0	17935.0	133.0	3.0	3.0	3,3	0,34	1.0	45.75277328491211	0.7361838522397471
6904.0	17941.0	1.0	2.0	2.0	2	0	1.0	45.75277328491211	0.9976998269637786
6907.0	17942.0	1.0	2.0	2.0	2	0	1.0	45.75277328491211	0.9976998269637786
6908.0	17943.0	1.0	2.0	2.0	2	0	1.0	45.75277328491211	0.9976998269637786
6909.0	17944.0	1.0	2.0	2.0	2	0	1.0	45.75277328491211	0.9976998269637786
2316.0	17945.0	87.0	4.0	3.0	3,3	0,20	1.0	45.75277328491211	0.8184478835581949
929.0	17946.0	157.0	3.0	3.0	3,4	0,32	1.0	45.75277328491211	0.6966005495435118
2023.0	17948.0	114.0	4.0	3.0	3,4	0,18	1.0	45.75277328491211	0.7691096247071882
4434.0	17949.0	147.0	4.0	3.0	3,4	0,30	1.0	45.75277328491211	0.7128281530531742
2789.0	17950.0	70.0	4.0	3.0	2,3	0,15	1.0	45.75277328491211	0.8511238938208834
4420.0	17951.0	147.0	4.0	3.0	2,4	0,30	1.0	45.75277328491211	0.7128281530531742
5414.0	17952.0	113.0	4.0	3.0	3,4	0,18	1.0	45.75277328491211	0.7708827885114095
4300.0	17954.0	157.0	4.0	3.0	3,4	0,31	1.0	45.75277328491211	0.6966005495435118
5925.0	17955.0	78.0	4.0	3.0	3,3	0,16	1.0	45.75277328491211	0.835587545032227
4629.0	17956.0	134.0	4.0	3.0	3,3	0,33	1.0	45.75277328491211	0.7344905019931237
4513.0	17957.0	141.0	4.0	5.0	2,4,4,4	0,2,6,25	1.0	45.75277328491211	0.7227456099532719
4224.0	17958.0	157.0	4.0	3.0	3,4	0,33	1.0	45.75277328491211	0.6966005495435118
4355.0	17960.0	156.0	4.0	3.0	3,4	0,31	1.0	45.75277328491211	0.698206545412984
4248.0	17961.0	163.0	4.0	3.0	3,4	0,33	1.0	45.75277328491211	0.6870418530512166
5949.0	17962.0	78.0	4.0	3.0	3,3	0,16	1.0	45.75277328491211	0.835587545032227
5618.0	17963.0	87.0	4.0	3.0	3,3	0,22	1.0	45.75277328491211	0.8184478835581949
4278.0	17965.0	157.0	4.0	3.0	3,4	0,32	1.0	45.75277328491211	0.6966005495435118
4293.0	17966.0	156.0	4.0	3.0	3,4	0,32	1.0	45.75277328491211	0.698206545412984
5664.0	17967.0	85.0	4.0	3.0	3,3	0,22	1.0	45.75277328491211	0.8222260577432597
876.0	17968.0	162.0	4.0	3.0	3,4	0,34	1.0	45.75277328491211	0.6886258115750475
2430.0	17969.0	81.0	4.0	3.0	2,3	0,20	1.0	45.75277328491211	0.8298348098115959
2333.0	17971.0	84.0	3.0	4.0	2,3,3	0,1,21	1.0	45.75277328491211	0.8241216802106458
1779.0	17972.0	95.0	4.0	3.0	3,2	0,48	1.0	45.75277328491211	0.803508000097499
1051.0	17973.0	151.0	4.0	3.0	3,4	0,30	1.0	45.75277328491211	0.7062922345549577
4301.0	17975.0	157.0	3.0	3.0	3,4	0,31	1.0	45.75277328491211	0.6966005495435118
5204.0	17977.0	93.0	4.0	3.0	2,2	0,46	1.0	45.75277328491211	0.8072172077873807
1953.0	17978.0	103.0	1.0	4.0	1,3,3	0,5,27	0.0	45.75277328491211	0.7888408280974875
5615.0	17979.0	90.0	3.0	3.0	3,3	0,22	1.0	45.75277328491211	0.8128131490603098
1526.0	17980.0	126.0	3.0	3.0	3,3	0,33	1.0	45.75277328491211	0.748147120846245
5688.0	17981.0	86.0	3.0	3.0	3,3	0,21	1.0	45.75277328491211	0.82033479553556
2219.0	17983.0	79.0	3.0	4.0	2,2,3	0,19,16	1.0	45.75277328491211	0.8336655490917414
5752.0	17984.0	85.0	3.0	3.0	2,3	0,19	1.0	45.75277328491211	0.8222260577432597
2649.0	17985.0	75.0	4.0	3.0	3,3	0,17	1.0	45.75277328491211	0.8413801604339827
5714.0	17986.0	84.0	2.0	3.0	2,3	0,21	1.0	45.75277328491211	0.8241216802106458
1055.0	17988.0	151.0	4.0	3.0	3,4	0,30	1.0	45.75277328491211	0.7062922345549577
4692.0	17989.0	133.0	3.0	3.0	3,3	0,33	1.0	45.75277328491211	0.7361838522397471
1084.0	17990.0	147.0	4.0	3.0	3,4	0,29	1.0	45.75277328491211	0.7128281530531742
2367.0	17991.0	84.0	2.0	3.0	2,3	0,21	1.0	45.75277328491211	0.8241216802106458
789.0	17993.0	105.0	3.0	7.0	1,2,1,1,2,4	0,60,53,4,1,19	1.0	45.75277328491211	0.7852160608880618
2365.0	17994.0	84.0	3.0	3.0	3,3	0,21	1.0	45.75277328491211	0.8241216802106458
5947.0	17995.0	79.0	4.0	3.0	3,3	0,15	1.0	45.75277328491211	0.8336655490917414
1597.0	17996.0	102.0	4.0	7.0	2,2,3,2,3,3	0,4,2,8,8,30	1.0	45.75277328491211	0.7906594817181685
4368.0	17997.0	153.0	4.0	3.0	3,4	0,30	1.0	45.75277328491211	0.7030467826958529
2021.0	17999.0	114.0	4.0	3.0	3,4	0,18	1.0	45.75277328491211	0.7691096247071882
5761.0	18000.0	82.0	4.0	3.0	3,3	0,21	1.0	45.75277328491211	0.8279260461575494
4298.0	18002.0	156.0	4.0	3.0	3,4	0,32	1.0	45.75277328491211	0.698206545412984
930.0	18003.0	157.0	4.0	3.0	3,4	0,32	1.0	45.75277328491211	0.6966005495435118
881.0	18005.0	163.0	3.0	3.0	3,4	0,33	1.0	45.75277328491211	0.6870418530512166
5784.0	18006.0	82.0	3.0	3.0	2,3	0,20	1.0	45.75277328491211	0.8279260461575494
1658.0	18008.0	107.0	4.0	6.0	2,3,4,3,3	0,2,2,8,32	1.0	45.75277328491211	0.7816079496843278
6111.0	18009.0	71.0	4.0	3.0	2,3	0,16	1.0	45.75277328491211	0.8491661615898327
2639.0	18011.0	75.0	3.0	3.0	3,3	0,17	1.0	45.75277328491211	0.8413801604339827
4411.0	18012.0	151.0	3.0	3.0	3,4	0,31	1.0	45.75277328491211	0.7062922345549577
2375.0	18013.0	84.0	4.0	3.0	3,3	0,20	1.0	45.75277328491211	0.8241216802106458
2772.0	18014.0	71.0	3.0	3.0	2,3	0,16	1.0	45.75277328491211	0.8491661615898327
6002.0	18015.0	77.0	3.0	3.0	3,3	0,15	1.0	45.75277328491211	0.8375139720882833
4327.0	18018.0	156.0	3.0	3.0	3,4	0,31	1.0	45.75277328491211	0.698206545412984
5758.0	18019.0	82.0	3.0	3.0	3,3	0,21	1.0	45.75277328491211	0.8279260461575494
5415.0	18020.0	113.0	4.0	3.0	3,4	0,18	1.0	45.75277328491211	0.7708827885114095
4400.0	18021.0	151.0	4.0	3.0	3,4	0,31	1.0	45.75277328491211	0.7062922345549577
1034.0	18023.0	151.0	2.0	3.0	2,4	0,30	1.0	45.75277328491211	0.7062922345549577
2035.0	18024.0	114.0	3.0	3.0	3,4	0,18	1.0	45.75277328491211	0.7691096247071882
2214.0	18025.0	79.0	2.0	5.0	2,2,2,3	0,2,19,16	1.0	45.75277328491211	0.8336655490917414
896.0	18026.0	157.0	3.0	3.0	3,4	0,33	1.0	45.75277328491211	0.6966005495435118
5266.0	18027.0	90.0	3.0	3.0	3,2	0,47	1.0	45.75277328491211	0.8128131490603098
5792.0	18029.0	82.0	4.0	3.0	3,3	0,20	1.0	45.75277328491211	0.8279260461575494
5641.0	18030.0	87.0	4.0	3.0	3,3	0,22	1.0	45.75277328491211	0.8184478835581949
4219.0	18031.0	133.0	4.0	4.0	2,2,3	0,26,37	1.0	45.75277328491211	0.7361838522397471
4443.0	18033.0	147.0	4.0	3.0	3,4	0,30	1.0	45.75277328491211	0.7128281530531742
994.0	18034.0	156.0	4.0	3.0	3,4	0,31	1.0	45.75277328491211	0.698206545412984
1065.0	18035.0	151.0	4.0	3.0	3,4	0,30	1.0	45.75277328491211	0.7062922345549577
5677.0	18036.0	85.0	4.0	3.0	2,3	0,22	1.0	45.75277328491211	0.8222260577432597
1789.0	18038.0	99.0	2.0	6.0	2,2,2,3,3	0,1,5,7,30	1.0	45.75277328491211	0.796140638442648
1228.0	18039.0	141.0	4.0	3.0	3,4	0,29	1.0	45.75277328491211	0.7227456099532719
1203.0	18040.0	135.0	4.0	3.0	3,3	0,37	1.0	45.75277328491211	0.7328010467450784
1129.0	18041.0	147.0	2.0	3.0	3,4	0,28	1.0	45.75277328491211	0.7128281530531742
1239.0	18043.0	68.0	2.0	10.0	2,1,4,4,2,1,1,1,3	0,3,1,5,19,39,1,17,16	1.0	45.75277328491211	0.8550529092029572
1458.0	18044.0	92.0	4.0	7.0	2,4,2,2,3,2	0,1,5,7,13,43	1.0	45.75277328491211	0.8090782277109553
5992.0	18045.0	75.0	3.0	3.0	3,3	0,17	1.0	45.75277328491211	0.8413801604339827
5723.0	18046.0	83.0	4.0	3.0	3,3	0,21	1.0	45.75277328491211	0.8260216729901924
2377.0	18048.0	84.0	3.0	3.0	3,3	0,20	1.0	45.75277328491211	0.8241216802106458
6012.0	18049.0	75.0	4.0	3.0	3,3	0,16	1.0	45.75277328491211	0.8413801604339827
2040.0	18050.0	113.0	4.0	3.0	3,4	0,18	1.0	45.75277328491211	0.7708827885114095
1116.0	18051.0	147.0	4.0	3.0	3,4	0,28	1.0	45.75277328491211	0.7128281530531742
5757.0	18053.0	83.0	3.0	3.0	3,3	0,21	1.0	45.75277328491211	0.8260216729901924
4398.0	18054.0	151.0	3.0	3.0	3,4	0,31	1.0	45.75277328491211	0.7062922345549577
5990.0	18055.0	75.0	2.0	3.0	3,3	0,17	1.0	45.75277328491211	0.8413801604339827
2510.0	18056.0	80.0	3.0	3.0	2,3	0,17	1.0	45.75277328491211	0.8317479740744939
2191.0	18058.0	84.0	1.0	4.0	2,2,3	0,19,22	0.0	45.75277328491211	0.8241216802106458
937.0	18060.0	154.0	2.0	3.0	3,4	0,33	1.0	45.75277328491211	0.7014296534430936
4302.0	18068.0	155.0	4.0	3.0	3,4	0,33	1.0	45.75277328491211	0.6998162438674377
1405.0	18069.0	99.0	2.0	6.0	2,3,4,4,2	0,2,3,9,51	1.0	45.75277328491211	0.796140638442648
4449.0	18071.0	147.0	4.0	3.0	3,4	0,30	1.0	45.75277328491211	0.7128281530531742
631.0	18072.0	151.0	3.0	4.0	3,2,3	0,62,45	1.0	45.75277328491211	0.7062922345549577
6769.0	18110.0	1.0	2.0	2.0	1	0	1.0	45.75277328491211	0.9976998269637786
4669.0	18111.0	133.0	3.0	5.0	2,4,3,4	0,3,8,23	1.0	45.75277328491211	0.7361838522397471
5712.0	18113.0	84.0	3.0	3.0	3,3	0,22	1.0	45.75277328491211	0.8241216802106458
915.0	18114.0	158.0	4.0	3.0	3,4	0,32	1.0	45.75277328491211	0.6949982477424348
1814.0	18115.0	94.0	3.0	3.0	3,2	0,48	1.0	45.75277328491211	0.8053604685316542
1103.0	18116.0	141.0	3.0	6.0	2,2,4,4,4	0,1,2,7,26	1.0	45.75277328491211	0.7227456099532719
5756.0	18118.0	84.0	3.0	3.0	3,3	0,21	1.0	45.75277328491211	0.8241216802106458
4304.0	18119.0	156.0	4.0	3.0	3,4	0,33	1.0	45.75277328491211	0.698206545412984
2598.0	18120.0	78.0	3.0	3.0	3,3	0,16	1.0	45.75277328491211	0.835587545032227
927.0	18121.0	158.0	4.0	3.0	3,4	0,32	1.0	45.75277328491211	0.6949982477424348
2288.0	18123.0	80.0	4.0	4.0	1,1,4	0,18,11	1.0	45.75277328491211	0.8317479740744939
1406.0	18124.0	135.0	4.0	5.0	2,4,4,4	0,1,6,23	1.0	45.75277328491211	0.7328010467450784
5797.0	18125.0	83.0	4.0	3.0	3,3	0,20	1.0	45.75277328491211	0.8260216729901924
5753.0	18126.0	84.0	4.0	3.0	3,3	0,21	1.0	45.75277328491211	0.8241216802106458
4359.0	18127.0	152.0	4.0	3.0	3,4	0,32	1.0	45.75277328491211	0.7046676402013418
4741.0	18129.0	130.0	4.0	3.0	3,3	0,34	1.0	45.75277328491211	0.7412873628729069
1342.0	18130.0	134.0	4.0	3.0	3,3	0,35	1.0	45.75277328491211	0.7344905019931237
917.0	18131.0	157.0	4.0	3.0	3,4	0,33	1.0	45.75277328491211	0.6966005495435118
4590.0	18132.0	135.0	4.0	3.0	3,3	0,36	1.0	45.75277328491211	0.7328010467450784
2368.0	18134.0	68.0	4.0	4.0	2,1,3	0,21,17	1.0	45.75277328491211	0.8550529092029572
2001.0	18135.0	115.0	4.0	3.0	3,4	0,19	1.0	45.75277328491211	0.7673405394865384
4410.0	18136.0	152.0	4.0	3.0	3,4	0,31	1.0	45.75277328491211	0.7046676402013418
2761.0	18138.0	72.0	4.0	3.0	2,3	0,16	1.0	45.75277328491211	0.8472129324816722
2014.0	18140.0	114.0	2.0	3.0	3,4	0,20	1.0	45.75277328491211	0.7691096247071882
5799.0	18141.0	82.0	2.0	3.0	3,3	0,21	1.0	45.75277328491211	0.8279260461575494
574.0	18142.0	153.0	4.0	4.0	3,4,2	0,26,89	1.0	45.75277328491211	0.7030467826958529
1257.0	18143.0	79.0	2.0	5.0	3,2,1,4	0,31,49,11	1.0	45.75277328491211	0.8336655490917414
1005.0	18145.0	156.0	4.0	3.0	3,4	0,32	1.0	45.75277328491211	0.698206545412984
4559.0	18146.0	136.0	4.0	3.0	3,3	0,37	1.0	45.75277328491211	0.7311154775364405
2291.0	18147.0	86.0	4.0	3.0	3,3	0,23	1.0	45.75277328491211	0.82033479553556
946.0	18149.0	155.0	4.0	3.0	2,4	0,33	1.0	45.75277328491211	0.6998162438674377
4314.0	18150.0	156.0	3.0	3.0	3,4	0,32	1.0	45.75277328491211	0.698206545412984
1532.0	18152.0	93.0	1.0	7.0	2,2,4,2,4,2	0,1,2,6,10,48	0.0	45.75277328491211	0.8072172077873807
1164.0	18153.0	100.0	3.0	6.0	2,4,4,4,2	0,1,3,12,58	1.0	45.75277328491211	0.7943093772130622
4406.0	18155.0	152.0	4.0	3.0	3,4	0,31	1.0	45.75277328491211	0.7046676402013418
2088.0	18156.0	81.0	2.0	4.0	1,3,2	0,17,32	1.0	45.75277328491211	0.8298348098115959
4621.0	18158.0	131.0	3.0	6.0	2,3,4,3,4	0,2,3,9,24	1.0	45.75277328491211	0.7395822736687349
4329.0	18159.0	155.0	4.0	3.0	3,4	0,32	1.0	45.75277328491211	0.6998162438674377
5767.0	18160.0	83.0	4.0	3.0	3,3	0,21	1.0	45.75277328491211	0.8260216729901924
4282.0	18161.0	158.0	4.0	3.0	3,4	0,32	1.0	45.75277328491211	0.6949982477424348
913.0	18162.0	158.0	4.0	3.0	3,4	0,32	1.0	45.75277328491211	0.6949982477424348
4341.0	18164.0	163.0	4.0	3.0	2,4	0,34	1.0	45.75277328491211	0.6870418530512166
2470.0	18165.0	82.0	3.0	3.0	3,3	0,19	1.0	45.75277328491211	0.8279260461575494
2511.0	18166.0	80.0	2.0	3.0	2,3	0,18	1.0	45.75277328491211	0.8317479740744939
2769.0	18167.0	72.0	3.0	3.0	2,3	0,16	1.0	45.75277328491211	0.8472129324816722
971.0	18169.0	156.0	4.0	3.0	3,4	0,32	1.0	45.75277328491211	0.698206545412984
4532.0	18170.0	144.0	4.0	3.0	3,4	0,30	1.0	45.75277328491211	0.7177697529641944
1176.0	18171.0	96.0	2.0	6.0	2,4,3,3,2	0,2,5,15,56	1.0	45.75277328491211	0.8016597926612865
4516.0	18172.0	136.0	2.0	3.0	3,3	0,38	1.0	45.75277328491211	0.7311154775364405
4915.0	18173.0	126.0	4.0	3.0	3,3	0,32	1.0	45.75277328491211	0.748147120846245
2790.0	18175.0	70.0	4.0	3.0	2,3	0,16	1.0	45.75277328491211	0.8511238938208834
1356.0	18176.0	134.0	2.0	5.0	2,4,4,4	0,2,6,23	1.0	45.75277328491211	0.7344905019931237
1042.0	18177.0	152.0	4.0	3.0	3,4	0,30	1.0	45.75277328491211	0.7046676402013418
1205.0	18178.0	136.0	3.0	3.0	3,3	0,37	1.0	45.75277328491211	0.7311154775364405
2419.0	18179.0	68.0	3.0	4.0	2,1,3	0,18,16	1.0	45.75277328491211	0.8550529092029572
6162.0	18180.0	71.0	3.0	3.0	2,3	0,15	1.0	45.75277328491211	0.8491661615898327
874.0	18181.0	80.0	3.0	8.0	2,2,2,3,3,1,4	0,19,5,7,17,57,12	1.0	45.75277328491211	0.8317479740744939
5401.0	18182.0	114.0	4.0	3.0	3,4	0,19	1.0	45.75277328491211	0.7691096247071882
4396.0	18183.0	151.0	3.0	3.0	3,4	0,32	1.0	45.75277328491211	0.7062922345549577
2775.0	18184.0	72.0	1.0	3.0	1,3	0,16	0.0	45.75277328491211	0.8472129324816722
4414.0	18186.0	151.0	4.0	3.0	3,4	0,31	1.0	45.75277328491211	0.7062922345549577
1181.0	18187.0	100.0	3.0	6.0	2,3,4,4,2	0,1,4,12,57	1.0	45.75277328491211	0.7943093772130622
5754.0	18188.0	84.0	3.0	3.0	3,3	0,21	1.0	45.75277328491211	0.8241216802106458
1002.0	18194.0	155.0	3.0	3.0	3,4	0,33	1.0	45.75277328491211	0.6998162438674377
1297.0	18195.0	134.0	3.0	3.0	3,3	0,35	1.0	45.75277328491211	0.7344905019931237
567.0	18196.0	178.0	3.0	4.0	3,2,3	0,34,65	1.0	45.75277328491211	0.6637150225015397
1555.0	18197.0	81.0	2.0	5.0	3,1,1,4	0,47,17,12	1.0	45.75277328491211	0.8298348098115959
659.0	18200.0	197.0	4.0	3.0	3,4	0,57	1.0	45.75277328491211	0.6353012189134906
6152.0	18201.0	71.0	2.0	3.0	2,3	0,15	1.0	45.75277328491211	0.8491661615898327
4367.0	18202.0	152.0	4.0	3.0	3,4	0,32	1.0	45.75277328491211	0.7046676402013418
2453.0	18206.0	82.0	3.0	3.0	3,3	0,20	1.0	45.75277328491211	0.8279260461575494
891.0	18207.0	158.0	4.0	3.0	3,4	0,33	1.0	45.75277328491211	0.6949982477424348
5376.0	18209.0	114.0	4.0	3.0	3,4	0,20	1.0	45.75277328491211	0.7691096247071882
2402.0	18210.0	83.0	3.0	3.0	3,3	0,21	1.0	45.75277328491211	0.8260216729901924
1447.0	18211.0	130.0	3.0	3.0	3,3	0,33	1.0	45.75277328491211	0.7412873628729069
1945.0	18213.0	68.0	1.0	6.0	1,3,2,1,3	0,4,23,26,16	0.0	45.75277328491211	0.8550529092029572
2166.0	18214.0	109.0	3.0	3.0	2,4	0,19	1.0	45.75277328491211	0.7780164179510184
882.0	18215.0	110.0	3.0	7.0	1,2,2,2,3,3	0,19,7,10,11,40	1.0	45.75277328491211	0.7762268455647099
1045.0	18217.0	151.0	3.0	3.0	3,4	0,31	1.0	45.75277328491211	0.7062922345549577
5720.0	18218.0	84.0	3.0	3.0	3,3	0,22	1.0	45.75277328491211	0.8241216802106458
1040.0	18219.0	96.0	1.0	4.0	2,2,2	0,33,53	0.0	45.75277328491211	0.8016597926612865
2759.0	18220.0	72.0	2.0	3.0	1,3	0,16	1.0	45.75277328491211	0.8472129324816722
5412.0	18221.0	114.0	4.0	3.0	3,4	0,18	1.0	45.75277328491211	0.7691096247071882
5640.0	18222.0	88.0	2.0	3.0	3,3	0,22	1.0	45.75277328491211	0.8165653118048818
5675.0	18223.0	86.0	3.0	3.0	3,3	0,22	1.0	45.75277328491211	0.82033479553556
1974.0	18224.0	109.0	3.0	4.0	3,1,4	0,7,19	1.0	45.75277328491211	0.7780164179510184
4785.0	18225.0	104.0	2.0	8.0	2,2,2,3,2,3,3	0,2,2,3,7,10,36	1.0	45.75277328491211	0.7870263576948271
3393.0	18226.0	1.0	2.0	2.0	1	0	1.0	45.75277328491211	0.9976998269637786
3395.0	18227.0	1.0	2.0	2.0	2	0	1.0	45.75277328491211	0.9976998269637786
3394.0	18228.0	1.0	1.0	2.0	1	0	0.0	45.75277328491211	0.9976998269637786
3396.0	18229.0	1.0	2.0	2.0	2	0	1.0	45.75277328491211	0.9976998269637786
1945.0	18230.0	1.0	2.0	7.0	1,3,2,1,3,1	0,4,23,26,16,68	1.0	45.75277328491211	0.9976998269637786
3398.0	18231.0	1.0	2.0	2.0	2	0	1.0	45.75277328491211	0.9976998269637786
1040.0	18232.0	1.0	2.0	5.0	2,2,2,1	0,33,53,96	1.0	45.75277328491211	0.9976998269637786
2767.0	18235.0	73.0	3.0	3.0	2,3	0,16	1.0	45.75277328491211	0.8452641961384397
4217.0	18236.0	159.0	4.0	3.0	3,4	0,33	1.0	45.75277328491211	0.6933996315127564
4549.0	18237.0	136.0	3.0	3.0	3,3	0,38	1.0	45.75277328491211	0.7311154775364405
4409.0	18239.0	152.0	4.0	3.0	3,4	0,32	1.0	45.75277328491211	0.7046676402013418
4960.0	18240.0	91.0	2.0	5.0	2,4,3,2	0,4,15,47	1.0	45.75277328491211	0.810943538171355
1835.0	18241.0	83.0	2.0	6.0	2,3,1,1,4	0,5,21,19,14	1.0	45.75277328491211	0.8260216729901924
4350.0	18242.0	164.0	3.0	3.0	3,4	0,34	1.0	45.75277328491211	0.6854615379060726
4565.0	18243.0	136.0	4.0	3.0	3,3	0,38	1.0	45.75277328491211	0.7311154775364405
2771.0	18245.0	73.0	3.0	3.0	2,3	0,16	1.0	45.75277328491211	0.8452641961384397
892.0	18246.0	159.0	3.0	3.0	3,4	0,33	1.0	45.75277328491211	0.6933996315127564
4326.0	18247.0	156.0	4.0	3.0	3,4	0,32	1.0	45.75277328491211	0.698206545412984
2468.0	18248.0	82.0	2.0	3.0	2,3	0,20	1.0	45.75277328491211	0.8279260461575494
5691.0	18249.0	86.0	3.0	3.0	3,3	0,22	1.0	45.75277328491211	0.82033479553556
5377.0	18251.0	115.0	4.0	3.0	3,4	0,20	1.0	45.75277328491211	0.7673405394865384
5344.0	18252.0	100.0	3.0	4.0	2,3,3	0,7,29	1.0	45.75277328491211	0.7943093772130622
4385.0	18253.0	152.0	3.0	3.0	3,4	0,32	1.0	45.75277328491211	0.7046676402013418
2713.0	18254.0	75.0	3.0	3.0	3,3	0,17	1.0	45.75277328491211	0.8413801604339827
2252.0	18255.0	77.0	2.0	5.0	2,2,2,3	0,1,19,18	1.0	45.75277328491211	0.8375139720882833
4399.0	18257.0	152.0	4.0	3.0	3,4	0,32	1.0	45.75277328491211	0.7046676402013418
4402.0	18258.0	152.0	4.0	3.0	3,4	0,32	1.0	45.75277328491211	0.7046676402013418
5122.0	18259.0	111.0	3.0	4.0	2,4,3	0,5,33	1.0	45.75277328491211	0.7744413895045507
4254.0	18260.0	158.0	3.0	3.0	3,4	0,34	1.0	45.75277328491211	0.6949982477424348
4652.0	18261.0	140.0	3.0	3.0	3,4	0,29	1.0	45.75277328491211	0.7244118826328223
6117.0	18264.0	72.0	4.0	3.0	3,3	0,17	1.0	45.75277328491211	0.8472129324816722
2538.0	18265.0	79.0	4.0	3.0	3,3	0,18	1.0	45.75277328491211	0.8336655490917414
4660.0	18266.0	140.0	4.0	3.0	3,4	0,29	1.0	45.75277328491211	0.7244118826328223
5060.0	18268.0	107.0	3.0	5.0	2,3,3,3	0,2,9,33	1.0	45.75277328491211	0.7816079496843278
895.0	18269.0	87.0	1.0	7.0	2,4,1,2,2,3	0,14,48,1,18,24	0.0	45.75277328491211	0.8184478835581949
2755.0	18270.0	72.0	3.0	3.0	3,3	0,17	1.0	45.75277328491211	0.8472129324816722
1245.0	18272.0	142.0	4.0	3.0	3,4	0,29	1.0	45.75277328491211	0.72108316998921
4263.0	18274.0	158.0	2.0	3.0	3,4	0,34	1.0	45.75277328491211	0.6949982477424348
5464.0	18275.0	111.0	2.0	3.0	2,4	0,19	1.0	45.75277328491211	0.7744413895045507
4296.0	18276.0	157.0	4.0	3.0	3,4	0,33	1.0	45.75277328491211	0.6966005495435118
4290.0	18278.0	158.0	4.0	3.0	3,4	0,33	1.0	45.75277328491211	0.6949982477424348
4348.0	18280.0	156.0	4.0	3.0	3,4	0,33	1.0	45.75277328491211	0.698206545412984
4336.0	18281.0	152.0	4.0	3.0	3,4	0,33	1.0	45.75277328491211	0.7046676402013418
939.0	18282.0	156.0	4.0	3.0	3,4	0,33	1.0	45.75277328491211	0.698206545412984
2057.0	18283.0	81.0	1.0	6.0	2,1,1,1,4	0,1,21,18,12	0.0	45.75277328491211	0.8298348098115959
2378.0	18285.0	85.0	2.0	3.0	2,3	0,21	1.0	45.75277328491211	0.8222260577432597
4319.0	18286.0	156.0	4.0	3.0	3,4	0,33	1.0	45.75277328491211	0.698206545412984
4269.0	18292.0	158.0	4.0	3.0	3,4	0,34	1.0	45.75277328491211	0.6949982477424348
5985.0	18293.0	75.0	1.0	3.0	3,3	0,19	0.0	45.75277328491211	0.8413801604339827
5173.0	18294.0	105.0	4.0	4.0	2,4,3	0,5,33	1.0	45.75277328491211	0.7852160608880618
1830.0	18296.0	85.0	4.0	5.0	2,3,4,2	0,4,8,45	1.0	45.75277328491211	0.8222260577432597
1371.0	18297.0	130.0	1.0	6.0	2,4,2,4,4	0,1,5,6,24	0.0	45.75277328491211	0.7412873628729069
1598.0	18298.0	101.0	3.0	8.0	2,2,3,1,2,4,3	0,3,3,11,1,5,32	1.0	45.75277328491211	0.7924823282011788
4628.0	18299.0	97.0	3.0	5.0	2,4,3,2	0,4,14,55	1.0	45.75277328491211	0.7998158364219842
1056.0	18300.0	150.0	4.0	3.0	3,4	0,33	1.0	45.75277328491211	0.7079205743719144
1210.0	18302.0	142.0	4.0	3.0	3,4	0,30	1.0	45.75277328491211	0.72108316998921
6025.0	18303.0	75.0	4.0	3.0	3,3	0,18	1.0	45.75277328491211	0.8413801604339827
2718.0	18304.0	81.0	4.0	3.0	2,4	0,11	1.0	45.75277328491211	0.8298348098115959
754.0	18305.0	198.0	4.0	4.0	1,4,4	0,3,43	1.0	45.75277328491211	0.6338399161798672
4256.0	18308.0	159.0	4.0	3.0	3,4	0,33	1.0	45.75277328491211	0.6933996315127564
2586.0	18309.0	77.0	4.0	3.0	3,3	0,18	1.0	45.75277328491211	0.8375139720882833
5520.0	18310.0	85.0	2.0	4.0	2,2,3	0,19,24	1.0	45.75277328491211	0.8222260577432597
1033.0	18311.0	151.0	3.0	3.0	3,4	0,32	1.0	45.75277328491211	0.7062922345549577
1136.0	18312.0	141.0	2.0	5.0	2,4,4,4	0,2,7,27	1.0	45.75277328491211	0.7227456099532719
1264.0	18313.0	141.0	3.0	3.0	3,4	0,30	1.0	45.75277328491211	0.7227456099532719
1365.0	18314.0	137.0	3.0	3.0	3,4	0,29	1.0	45.75277328491211	0.729433785428647
4316.0	18316.0	157.0	4.0	3.0	3,4	0,32	1.0	45.75277328491211	0.6966005495435118
1038.0	18317.0	151.0	2.0	3.0	3,4	0,32	1.0	45.75277328491211	0.7062922345549577
5521.0	18318.0	82.0	2.0	4.0	3,2,3	0,24,22	1.0	45.75277328491211	0.8279260461575494
5394.0	18319.0	114.0	3.0	3.0	3,4	0,20	1.0	45.75277328491211	0.7691096247071882
4233.0	18321.0	159.0	4.0	3.0	3,4	0,33	1.0	45.75277328491211	0.6933996315127564
1863.0	18322.0	83.0	3.0	6.0	2,1,3,2,3	0,4,5,23,26	1.0	45.75277328491211	0.8260216729901924
6070.0	18323.0	73.0	2.0	3.0	3,3	0,18	1.0	45.75277328491211	0.8452641961384397
947.0	18324.0	81.0	1.0	9.0	1,3,2,1,3,3,2,3	0,11,16,20,4,7,27,23	0.0	45.75277328491211	0.8298348098115959
1976.0	18326.0	111.0	1.0	4.0	2,2,4	0,5,20	0.0	45.75277328491211	0.7744413895045507
4786.0	18327.0	131.0	3.0	3.0	3,3	0,34	1.0	45.75277328491211	0.7395822736687349
4382.0	18328.0	151.0	3.0	3.0	3,4	0,33	1.0	45.75277328491211	0.7062922345549577
1536.0	18332.0	80.0	1.0	9.0	2,2,3,2,3,4,2,2	0,1,2,2,3,6,29,38	0.0	45.75277328491211	0.8317479740744939
4344.0	18333.0	164.0	4.0	3.0	2,4	0,34	1.0	45.75277328491211	0.6854615379060726
2143.0	18341.0	110.0	3.0	3.0	2,4	0,19	1.0	45.75277328491211	0.7762268455647099
1127.0	18343.0	138.0	3.0	6.0	2,4,3,4,4	0,1,4,8,26	1.0	45.75277328491211	0.7277559615036951
1025.0	18344.0	151.0	3.0	3.0	3,4	0,33	1.0	45.75277328491211	0.7062922345549577
4703.0	18345.0	131.0	3.0	3.0	3,3	0,37	1.0	45.75277328491211	0.7395822736687349
1292.0	18348.0	141.0	3.0	3.0	3,4	0,29	1.0	45.75277328491211	0.7227456099532719
4352.0	18349.0	156.0	4.0	3.0	3,4	0,33	1.0	45.75277328491211	0.698206545412984
1088.0	18350.0	148.0	4.0	3.0	3,4	0,30	1.0	45.75277328491211	0.7111885249560618
2680.0	18351.0	73.0	4.0	3.0	3,3	0,19	1.0	45.75277328491211	0.8452641961384397
4619.0	18353.0	141.0	4.0	3.0	3,4	0,30	1.0	45.75277328491211	0.7227456099532719
1177.0	18354.0	145.0	4.0	3.0	3,4	0,30	1.0	45.75277328491211	0.7161187583322108
4340.0	18355.0	153.0	4.0	3.0	3,4	0,32	1.0	45.75277328491211	0.7030467826958529
6027.0	18356.0	75.0	2.0	3.0	3,3	0,18	1.0	45.75277328491211	0.8413801604339827
2717.0	18358.0	81.0	4.0	3.0	2,4	0,11	1.0	45.75277328491211	0.8298348098115959
1218.0	18359.0	86.0	1.0	12.0	2,1,2,2,2,3,1,4,1,2,4	0,1,2,3,5,7,17,4,29,1,17	0.0	45.75277328491211	0.82033479553556
905.0	18360.0	159.0	3.0	3.0	3,4	0,33	1.0	45.75277328491211	0.6933996315127564
1232.0	18362.0	89.0	2.0	7.0	2,2,4,2,4,2	0,5,3,10,13,51	1.0	45.75277328491211	0.8146870702923544
4390.0	18363.0	151.0	4.0	3.0	3,4	0,33	1.0	45.75277328491211	0.7062922345549577
1536.0	18364.0	1.0	2.0	10.0	2,2,3,2,3,4,2,2,1	0,1,2,2,3,6,29,38,80	1.0	45.75277328491211	0.9976998269637786
1218.0	18365.0	1.0	2.0	13.0	2,1,2,2,2,3,1,4,1,2,4,1	0,1,2,3,5,7,17,4,29,1,17,86	1.0	45.75277328491211	0.9976998269637786
3416.0	18366.0	1.0	3.0	2.0	2	0	1.0	45.75277328491211	0.9976998269637786
4848.0	18367.0	129.0	3.0	3.0	3,3	0,34	1.0	45.75277328491211	0.7429963831193681
5371.0	18368.0	116.0	4.0	3.0	3,4	0,20	1.0	45.75277328491211	0.7655755234680118
4599.0	18369.0	142.0	4.0	3.0	3,4	0,30	1.0	45.75277328491211	0.72108316998921
6026.0	18371.0	76.0	3.0	3.0	3,3	0,18	1.0	45.75277328491211	0.8394448404757408
2688.0	18372.0	74.0	4.0	3.0	3,3	0,19	1.0	45.75277328491211	0.8433199422259987
4773.0	18373.0	130.0	4.0	3.0	3,3	0,36	1.0	45.75277328491211	0.7412873628729069
1193.0	18374.0	144.0	4.0	3.0	3,4	0,31	1.0	45.75277328491211	0.7177697529641944
4289.0	18375.0	158.0	4.0	3.0	3,4	0,34	1.0	45.75277328491211	0.6949982477424348
2086.0	18377.0	111.0	3.0	3.0	3,4	0,21	1.0	45.75277328491211	0.7744413895045507
4770.0	18379.0	137.0	3.0	3.0	3,4	0,29	1.0	45.75277328491211	0.729433785428647
4303.0	18381.0	157.0	3.0	3.0	3,4	0,34	1.0	45.75277328491211	0.6966005495435118
4408.0	18383.0	153.0	3.0	3.0	3,4	0,32	1.0	45.75277328491211	0.7030467826958529
1241.0	18384.0	136.0	2.0	5.0	2,4,4,4	0,3,7,26	1.0	45.75277328491211	0.7311154775364405
4557.0	18385.0	143.0	2.0	3.0	2,4	0,31	1.0	45.75277328491211	0.7194245539247277
2160.0	18386.0	111.0	3.0	3.0	2,4	0,19	1.0	45.75277328491211	0.7744413895045507
1044.0	18387.0	97.0	2.0	9.0	2,1,4,1,4,4,3,2	0,6,2,4,1,4,14,56	1.0	45.75277328491211	0.7998158364219842
6044.0	18389.0	74.0	4.0	3.0	3,3	0,20	1.0	45.75277328491211	0.8433199422259987
6160.0	18390.0	70.0	3.0	3.0	2,3	0,18	1.0	45.75277328491211	0.8511238938208834
6783.0	18391.0	1.0	2.0	2.0	2	0	1.0	45.75277328491211	0.9976998269637786
6782.0	18392.0	1.0	2.0	2.0	1	0	1.0	45.75277328491211	0.9976998269637786
6785.0	18393.0	1.0	2.0	2.0	2	0	1.0	45.75277328491211	0.9976998269637786
4776.0	18394.0	131.0	3.0	3.0	3,3	0,36	1.0	45.75277328491211	0.7395822736687349
5078.0	18395.0	112.0	3.0	4.0	2,4,3	0,5,35	1.0	45.75277328491211	0.7726600403022785
894.0	18396.0	160.0	3.0	3.0	3,4	0,34	1.0	45.75277328491211	0.6918046923770249
4925.0	18397.0	128.0	3.0	3.0	3,3	0,33	1.0	45.75277328491211	0.7447093434710423
1230.0	18398.0	144.0	3.0	3.0	3,4	0,30	1.0	45.75277328491211	0.7177697529641944
1080.0	18399.0	150.0	3.0	3.0	2,4	0,31	1.0	45.75277328491211	0.7079205743719144
4558.0	18400.0	146.0	4.0	3.0	3,4	0,30	1.0	45.75277328491211	0.7144715612735627
4662.0	18402.0	141.0	4.0	3.0	3,4	0,30	1.0	45.75277328491211	0.7227456099532719
4397.0	18404.0	154.0	4.0	3.0	3,4	0,32	1.0	45.75277328491211	0.7014296534430936
1303.0	18405.0	75.0	4.0	9.0	2,2,4,2,4,1,2,3	0,3,3,7,8,40,17,19	1.0	45.75277328491211	0.8413801604339827
1534.0	18406.0	131.0	2.0	6.0	2,2,4,4,4	0,1,2,6,23	1.0	45.75277328491211	0.7395822736687349
953.0	18407.0	156.0	4.0	3.0	3,4	0,35	1.0	45.75277328491211	0.698206545412984
4709.0	18409.0	133.0	4.0	3.0	3,3	0,37	1.0	45.75277328491211	0.7361838522397471
974.0	18410.0	142.0	4.0	4.0	2,4,3	0,11,38	1.0	45.75277328491211	0.72108316998921
4377.0	18411.0	152.0	4.0	3.0	3,4	0,34	1.0	45.75277328491211	0.7046676402013418
5482.0	18412.0	111.0	4.0	3.0	3,4	0,21	1.0	45.75277328491211	0.7744413895045507
4609.0	18414.0	142.0	3.0	3.0	3,4	0,30	1.0	45.75277328491211	0.72108316998921
4597.0	18415.0	143.0	4.0	3.0	3,4	0,31	1.0	45.75277328491211	0.7194245539247277
2207.0	18416.0	85.0	4.0	4.0	3,1,4	0,21,14	1.0	45.75277328491211	0.8222260577432597
4372.0	18417.0	154.0	4.0	3.0	3,4	0,32	1.0	45.75277328491211	0.7014296534430936
948.0	18419.0	156.0	4.0	3.0	2,4	0,35	1.0	45.75277328491211	0.698206545412984
1691.0	18420.0	94.0	2.0	5.0	2,4,4,2	0,2,9,48	1.0	45.75277328491211	0.8053604685316542
2090.0	18421.0	112.0	4.0	3.0	2,4	0,21	1.0	45.75277328491211	0.7726600403022785
4273.0	18422.0	160.0	4.0	3.0	3,4	0,33	1.0	45.75277328491211	0.6918046923770249
6128.0	18424.0	71.0	2.0	4.0	1,2,3	0,1,18	1.0	45.75277328491211	0.8491661615898327
2144.0	18425.0	112.0	4.0	3.0	2,4	0,19	1.0	45.75277328491211	0.7726600403022785
5557.0	18426.0	111.0	3.0	3.0	2,4	0,19	1.0	45.75277328491211	0.7744413895045507
6048.0	18427.0	77.0	3.0	3.0	3,3	0,18	1.0	45.75277328491211	0.8375139720882833
942.0	18429.0	158.0	3.0	3.0	2,4	0,33	1.0	45.75277328491211	0.6949982477424348
6057.0	18430.0	77.0	2.0	3.0	3,3	0,18	1.0	45.75277328491211	0.8375139720882833
654.0	18431.0	110.0	3.0	6.0	1,1,1,4,2	0,4,57,19,71	1.0	45.75277328491211	0.7762268455647099
4310.0	18432.0	158.0	4.0	3.0	3,4	0,33	1.0	45.75277328491211	0.6949982477424348
6003.0	18434.0	75.0	4.0	3.0	3,3	0,21	1.0	45.75277328491211	0.8413801604339827
1350.0	18435.0	143.0	3.0	3.0	3,4	0,29	1.0	45.75277328491211	0.7194245539247277
4347.0	18436.0	154.0	4.0	3.0	3,4	0,33	1.0	45.75277328491211	0.7014296534430936
979.0	18437.0	158.0	2.0	3.0	2,4	0,33	1.0	45.75277328491211	0.6949982477424348
4691.0	18438.0	140.0	4.0	3.0	3,4	0,30	1.0	45.75277328491211	0.7244118826328223
2129.0	18440.0	112.0	4.0	3.0	2,4	0,19	1.0	45.75277328491211	0.7726600403022785
1073.0	18441.0	144.0	3.0	5.0	2,4,4,4	0,2,7,28	1.0	45.75277328491211	0.7177697529641944
4509.0	18442.0	141.0	3.0	5.0	2,4,4,4	0,2,7,27	1.0	45.75277328491211	0.7227456099532719
5273.0	18443.0	104.0	3.0	4.0	2,4,3	0,4,33	1.0	45.75277328491211	0.7870263576948271
2304.0	18445.0	74.0	1.0	4.0	2,2,3	0,17,20	0.0	45.75277328491211	0.8433199422259987
2304.0	18446.0	1.0	1.0	5.0	2,2,3,1	0,17,20,74	0.0	45.75277328491211	0.9976998269637786
2161.0	18447.0	113.0	2.0	3.0	1,4	0,19	1.0	45.75277328491211	0.7708827885114095
1332.0	18448.0	142.0	3.0	3.0	3,4	0,31	1.0	45.75277328491211	0.72108316998921
1676.0	18449.0	111.0	4.0	5.0	2,3,3,3	0,2,8,34	1.0	45.75277328491211	0.7744413895045507
4657.0	18450.0	134.0	3.0	3.0	3,3	0,38	1.0	45.75277328491211	0.7344905019931237
1519.0	18451.0	132.0	2.0	5.0	2,3,4,4	0,2,6,24	1.0	45.75277328491211	0.7378811064647748
992.0	18453.0	157.0	4.0	3.0	2,4	0,35	1.0	45.75277328491211	0.6966005495435118
4873.0	18454.0	133.0	4.0	6.0	2,2,4,4,4	0,1,1,5,23	1.0	45.75277328491211	0.7361838522397471
1200.0	18455.0	147.0	3.0	3.0	3,4	0,30	1.0	45.75277328491211	0.7128281530531742
1196.0	18456.0	147.0	4.0	3.0	3,4	0,30	1.0	45.75277328491211	0.7128281530531742
1150.0	18457.0	147.0	4.0	3.0	3,4	0,32	1.0	45.75277328491211	0.7128281530531742
4876.0	18459.0	130.0	4.0	3.0	3,3	0,34	1.0	45.75277328491211	0.7412873628729069
2162.0	18460.0	49.0	2.0	6.0	2,2,1,1,2	0,19,24,17,23	1.0	45.75277328491211	0.8932950921174387
4356.0	18461.0	156.0	4.0	3.0	3,4	0,32	1.0	45.75277328491211	0.698206545412984
1032.0	18462.0	154.0	3.0	3.0	3,4	0,32	1.0	45.75277328491211	0.7014296534430936
1819.0	18463.0	85.0	4.0	4.0	3,1,4	0,48,13	1.0	45.75277328491211	0.8222260577432597
4807.0	18464.0	132.0	3.0	3.0	3,3	0,34	1.0	45.75277328491211	0.7378811064647748
4491.0	18465.0	148.0	4.0	3.0	3,4	0,32	1.0	45.75277328491211	0.7111885249560618
2195.0	18467.0	103.0	4.0	3.0	1,4	0,18	1.0	45.75277328491211	0.7888408280974875
1168.0	18470.0	102.0	4.0	6.0	2,4,4,4,2	0,1,3,12,60	1.0	45.75277328491211	0.7906594817181685
1173.0	18471.0	146.0	4.0	3.0	3,4	0,32	1.0	45.75277328491211	0.7144715612735627
1054.0	18472.0	97.0	3.0	4.0	2,2,2	0,31,58	1.0	45.75277328491211	0.7998158364219842
1020.0	18473.0	159.0	4.0	3.0	2,4	0,33	1.0	45.75277328491211	0.6933996315127564
2112.0	18474.0	113.0	4.0	3.0	2,4	0,21	1.0	45.75277328491211	0.7708827885114095
1481.0	18476.0	136.0	4.0	3.0	3,4	0,29	1.0	45.75277328491211	0.7311154775364405
5433.0	18477.0	114.0	4.0	3.0	3,4	0,21	1.0	45.75277328491211	0.7691096247071882
4530.0	18478.0	146.0	4.0	3.0	3,4	0,32	1.0	45.75277328491211	0.7144715612735627
1198.0	18479.0	140.0	3.0	6.0	2,4,4,3,4	0,1,3,8,25	1.0	45.75277328491211	0.7244118826328223
2278.0	18480.0	76.0	4.0	4.0	2,2,3	0,18,19	1.0	45.75277328491211	0.8394448404757408
2741.0	18481.0	75.0	4.0	3.0	2,3	0,17	1.0	45.75277328491211	0.8413801604339827
6058.0	18482.0	76.0	4.0	3.0	3,3	0,19	1.0	45.75277328491211	0.8394448404757408
839.0	18483.0	195.0	3.0	3.0	2,4	0,48	1.0	45.75277328491211	0.6382339391431575
4265.0	18484.0	138.0	2.0	4.0	2,2,4	0,26,31	1.0	45.75277328491211	0.7277559615036951
772.0	18485.0	201.0	3.0	4.0	2,4,4	0,1,45	1.0	45.75277328491211	0.6294761445658358
4680.0	18487.0	141.0	3.0	3.0	3,4	0,30	1.0	45.75277328491211	0.7227456099532719
4579.0	18488.0	146.0	4.0	3.0	3,4	0,30	1.0	45.75277328491211	0.7144715612735627
5420.0	18489.0	114.0	4.0	3.0	3,4	0,22	1.0	45.75277328491211	0.7691096247071882
4702.0	18491.0	141.0	4.0	3.0	3,4	0,30	1.0	45.75277328491211	0.7227456099532719
4404.0	18492.0	155.0	4.0	3.0	3,4	0,32	1.0	45.75277328491211	0.6998162438674377
4596.0	18493.0	138.0	4.0	3.0	3,3	0,37	1.0	45.75277328491211	0.7277559615036951
2596.0	18494.0	85.0	3.0	3.0	2,4	0,13	1.0	45.75277328491211	0.8222260577432597
4672.0	18496.0	137.0	3.0	5.0	2,4,4,4	0,2,7,25	1.0	45.75277328491211	0.729433785428647
1327.0	18497.0	143.0	4.0	3.0	3,4	0,30	1.0	45.75277328491211	0.7194245539247277
4483.0	18498.0	148.0	4.0	3.0	3,4	0,32	1.0	45.75277328491211	0.7111885249560618
2636.0	18499.0	84.0	4.0	3.0	2,4	0,13	1.0	45.75277328491211	0.8241216802106458
2637.0	18501.0	84.0	4.0	3.0	2,4	0,13	1.0	45.75277328491211	0.8241216802106458
4533.0	18502.0	146.0	4.0	3.0	3,4	0,31	1.0	45.75277328491211	0.7144715612735627
5430.0	18503.0	113.0	4.0	3.0	3,4	0,22	1.0	45.75277328491211	0.7708827885114095
4358.0	18504.0	154.0	4.0	3.0	3,4	0,34	1.0	45.75277328491211	0.7014296534430936
1829.0	18506.0	85.0	4.0	4.0	2,1,4	0,47,13	1.0	45.75277328491211	0.8222260577432597
1298.0	18507.0	143.0	4.0	3.0	3,4	0,30	1.0	45.75277328491211	0.7194245539247277
2543.0	18508.0	86.0	4.0	3.0	2,4	0,14	1.0	45.75277328491211	0.82033479553556
2073.0	18509.0	114.0	4.0	3.0	3,4	0,21	1.0	45.75277328491211	0.7691096247071882
2056.0	18511.0	114.0	4.0	4.0	2,3,4	0,1,21	1.0	45.75277328491211	0.7691096247071882
1037.0	18512.0	152.0	4.0	3.0	3,4	0,34	1.0	45.75277328491211	0.7046676402013418
1211.0	18513.0	144.0	4.0	3.0	3,4	0,31	1.0	45.75277328491211	0.7177697529641944
4413.0	18514.0	155.0	4.0	3.0	3,4	0,32	1.0	45.75277328491211	0.6998162438674377
1395.0	18516.0	140.0	1.0	3.0	3,4	0,29	0.0	45.75277328491211	0.7244118826328223
4168.0	18517.0	195.0	2.0	4.0	2,2,4	0,1,48	1.0	45.75277328491211	0.6382339391431575
1253.0	18518.0	144.0	4.0	3.0	3,4	0,30	1.0	45.75277328491211	0.7177697529641944
4819.0	18519.0	130.0	4.0	3.0	3,3	0,36	1.0	45.75277328491211	0.7412873628729069
4342.0	18521.0	154.0	4.0	3.0	3,4	0,34	1.0	45.75277328491211	0.7014296534430936
2058.0	18522.0	109.0	4.0	5.0	2,2,2,4	0,1,5,21	1.0	45.75277328491211	0.7780164179510184
2098.0	18523.0	113.0	4.0	3.0	3,4	0,21	1.0	45.75277328491211	0.7708827885114095
1952.0	18524.0	74.0	4.0	6.0	1,1,1,2,3	0,8,19,17,22	1.0	45.75277328491211	0.8433199422259987
1238.0	18526.0	144.0	2.0	3.0	3,4	0,30	1.0	45.75277328491211	0.7177697529641944
5257.0	18530.0	92.0	4.0	3.0	3,2	0,51	1.0	45.75277328491211	0.8090782277109553
2624.0	18531.0	84.0	4.0	3.0	2,4	0,13	1.0	45.75277328491211	0.8241216802106458
4635.0	18533.0	143.0	4.0	3.0	3,4	0,30	1.0	45.75277328491211	0.7194245539247277
4578.0	18535.0	144.0	4.0	3.0	3,4	0,32	1.0	45.75277328491211	0.7177697529641944
4653.0	18536.0	143.0	4.0	3.0	3,4	0,30	1.0	45.75277328491211	0.7194245539247277
4686.0	18540.0	134.0	3.0	3.0	3,3	0,37	1.0	45.75277328491211	0.7344905019931237
1229.0	18541.0	145.0	3.0	3.0	3,4	0,30	1.0	45.75277328491211	0.7161187583322108
4617.0	18542.0	144.0	4.0	3.0	2,4	0,30	1.0	45.75277328491211	0.7177697529641944
2535.0	18543.0	86.0	1.0	3.0	1,4	0,14	0.0	45.75277328491211	0.82033479553556
4284.0	18545.0	137.0	2.0	4.0	3,2,4	0,27,30	1.0	45.75277328491211	0.729433785428647
4556.0	18546.0	146.0	4.0	3.0	3,4	0,31	1.0	45.75277328491211	0.7144715612735627
6072.0	18547.0	76.0	3.0	3.0	3,3	0,18	1.0	45.75277328491211	0.8394448404757408
1657.0	18548.0	84.0	3.0	6.0	2,4,4,1,4	0,2,9,49,12	1.0	45.75277328491211	0.8241216802106458
1224.0	18549.0	139.0	4.0	6.0	2,1,4,4,4	0,1,2,7,26	1.0	45.75277328491211	0.7260819968640949
4606.0	18551.0	144.0	4.0	3.0	3,4	0,30	1.0	45.75277328491211	0.7177697529641944
2009.0	18552.0	116.0	4.0	3.0	3,4	0,22	1.0	45.75277328491211	0.7655755234680118
4538.0	18553.0	147.0	4.0	3.0	3,4	0,31	1.0	45.75277328491211	0.7128281530531742
5423.0	18554.0	114.0	3.0	3.0	3,4	0,22	1.0	45.75277328491211	0.7691096247071882
4362.0	18555.0	155.0	3.0	3.0	3,4	0,33	1.0	45.75277328491211	0.6998162438674377
2621.0	18556.0	84.0	4.0	3.0	2,4	0,13	1.0	45.75277328491211	0.8241216802106458
4353.0	18557.0	159.0	4.0	3.0	3,4	0,33	1.0	45.75277328491211	0.6933996315127564
2705.0	18558.0	76.0	4.0	3.0	3,3	0,19	1.0	45.75277328491211	0.8394448404757408
2568.0	18559.0	86.0	2.0	3.0	2,4	0,14	1.0	45.75277328491211	0.82033479553556
4405.0	18561.0	155.0	4.0	3.0	3,4	0,32	1.0	45.75277328491211	0.6998162438674377
2677.0	18565.0	84.0	3.0	3.0	2,4	0,11	1.0	45.75277328491211	0.8241216802106458
2268.0	18566.0	84.0	2.0	4.0	2,1,4	0,18,12	1.0	45.75277328491211	0.8241216802106458
5460.0	18567.0	112.0	3.0	3.0	3,4	0,21	1.0	45.75277328491211	0.7726600403022785
5435.0	18570.0	114.0	3.0	3.0	3,4	0,21	1.0	45.75277328491211	0.7691096247071882
1275.0	18571.0	92.0	3.0	4.0	3,2,2	0,33,48	1.0	45.75277328491211	0.8090782277109553
714.0	18618.0	46.0	1.0	4.0	3,3,1	0,58,149	0.0	45.75277328491211	0.8994877585108956
5446.0	18621.0	113.0	2.0	3.0	3,4	0,22	1.0	45.75277328491211	0.7708827885114095
5458.0	18622.0	113.0	4.0	3.0	3,4	0,22	1.0	45.75277328491211	0.7708827885114095
1511.0	18624.0	88.0	2.0	11.0	2,2,2,1,2,4,1,4,1,4	0,2,2,5,1,2,11,5,31,18	1.0	45.75277328491211	0.8165653118048818
5422.0	18625.0	115.0	4.0	3.0	3,4	0,22	1.0	45.75277328491211	0.7673405394865384
1407.0	18626.0	141.0	3.0	3.0	3,4	0,29	1.0	45.75277328491211	0.7227456099532719
2560.0	18627.0	87.0	4.0	3.0	2,4	0,14	1.0	45.75277328491211	0.8184478835581949
3110.0	18628.0	46.0	3.0	2.0	2	0	1.0	45.75277328491211	0.8994877585108956
2838.0	18630.0	46.0	1.0	3.0	2,1	0,43	0.0	45.75277328491211	0.8994877585108956
5550.0	18631.0	86.0	4.0	4.0	3,2,3	0,23,23	1.0	45.75277328491211	0.82033479553556
2240.0	18632.0	86.0	2.0	4.0	2,1,4	0,20,13	1.0	45.75277328491211	0.82033479553556
2025.0	18633.0	115.0	4.0	3.0	3,4	0,23	1.0	45.75277328491211	0.7673405394865384
1994.0	18634.0	46.0	4.0	8.0	2,3,1,1,1,1,1	0,5,28,17,17,23,4	1.0	45.75277328491211	0.8994877585108956
5488.0	18636.0	113.0	4.0	3.0	3,4	0,21	1.0	45.75277328491211	0.7708827885114095
2302.0	18637.0	96.0	4.0	3.0	2,4	0,17	1.0	45.75277328491211	0.8016597926612865
2561.0	18638.0	87.0	3.0	3.0	1,4	0,14	1.0	45.75277328491211	0.8184478835581949
1703.0	18639.0	46.0	1.0	6.0	2,4,4,1,1	0,2,10,54,43	0.0	45.75277328491211	0.8994877585108956
2077.0	18640.0	101.0	3.0	4.0	2,1,4	0,15,19	1.0	45.75277328491211	0.7924823282011788
1845.0	18642.0	109.0	1.0	7.0	2,1,1,1,3,4	0,5,4,1,4,23	0.0	45.75277328491211	0.7780164179510184
2065.0	18643.0	114.0	4.0	3.0	3,4	0,22	1.0	45.75277328491211	0.7691096247071882
2178.0	18644.0	46.0	4.0	5.0	2,1,2,1	0,20,17,48	1.0	45.75277328491211	0.8994877585108956
4648.0	18646.0	143.0	4.0	3.0	3,4	0,31	1.0	45.75277328491211	0.7194245539247277
1788.0	18648.0	108.0	4.0	7.0	2,2,1,1,3,4	0,1,5,4,6,24	1.0	45.75277328491211	0.7798101161535675
2067.0	18649.0	114.0	4.0	3.0	3,4	0,22	1.0	45.75277328491211	0.7691096247071882
2657.0	18650.0	85.0	3.0	3.0	2,4	0,13	1.0	45.75277328491211	0.8222260577432597
2177.0	18651.0	110.0	4.0	3.0	3,4	0,21	1.0	45.75277328491211	0.7762268455647099
1300.0	18652.0	144.0	4.0	3.0	3,4	0,30	1.0	45.75277328491211	0.7177697529641944
2150.0	18654.0	112.0	4.0	3.0	3,4	0,21	1.0	45.75277328491211	0.7726600403022785
2087.0	18655.0	113.0	4.0	3.0	3,4	0,22	1.0	45.75277328491211	0.7708827885114095
941.0	18656.0	158.0	4.0	3.0	2,4	0,35	1.0	45.75277328491211	0.6949982477424348
1572.0	18657.0	87.0	2.0	8.0	2,1,2,4,4,1,4	0,2,3,2,8,46,14	1.0	45.75277328491211	0.8184478835581949
3098.0	18659.0	46.0	1.0	4.0	2,1,2	0,23,4	0.0	45.75277328491211	0.8994877585108956
2292.0	18660.0	46.0	4.0	4.0	1,2,1	0,18,50	1.0	45.75277328491211	0.8994877585108956
2068.0	18662.0	114.0	2.0	3.0	3,4	0,22	1.0	45.75277328491211	0.7691096247071882
5964.0	18666.0	86.0	2.0	3.0	2,4	0,13	1.0	45.75277328491211	0.82033479553556
2658.0	18668.0	85.0	2.0	3.0	2,4	0,13	1.0	45.75277328491211	0.8222260577432597
1268.0	18670.0	143.0	4.0	3.0	3,4	0,31	1.0	45.75277328491211	0.7194245539247277
2661.0	18671.0	85.0	4.0	3.0	2,4	0,13	1.0	45.75277328491211	0.8222260577432597
3111.0	18673.0	46.0	4.0	2.0	2	0	1.0	45.75277328491211	0.8994877585108956
2714.0	18674.0	77.0	2.0	3.0	3,3	0,19	1.0	45.75277328491211	0.8375139720882833
1456.0	18676.0	138.0	4.0	3.0	3,4	0,29	1.0	45.75277328491211	0.7277559615036951
3108.0	18677.0	46.0	3.0	2.0	2	0	1.0	45.75277328491211	0.8994877585108956
6022.0	18678.0	77.0	4.0	3.0	3,3	0,20	1.0	45.75277328491211	0.8375139720882833
2092.0	18679.0	114.0	4.0	3.0	3,4	0,21	1.0	45.75277328491211	0.7691096247071882
4584.0	18680.0	146.0	4.0	3.0	3,4	0,31	1.0	45.75277328491211	0.7144715612735627
2610.0	18682.0	86.0	4.0	3.0	2,4	0,13	1.0	45.75277328491211	0.82033479553556
3114.0	18683.0	46.0	4.0	2.0	2	0	1.0	45.75277328491211	0.8994877585108956
4374.0	18684.0	155.0	4.0	3.0	3,4	0,33	1.0	45.75277328491211	0.6998162438674377
3117.0	18687.0	46.0	4.0	2.0	2	0	1.0	45.75277328491211	0.8994877585108956
5391.0	18688.0	115.0	4.0	3.0	3,4	0,23	1.0	45.75277328491211	0.7673405394865384
2130.0	18689.0	111.0	4.0	3.0	3,4	0,22	1.0	45.75277328491211	0.7744413895045507
6480.0	18694.0	46.0	4.0	2.0	2	0	1.0	45.75277328491211	0.8994877585108956
4708.0	18695.0	142.0	4.0	3.0	3,4	0,30	1.0	45.75277328491211	0.72108316998921
1393.0	18696.0	139.0	4.0	3.0	3,4	0,31	1.0	45.75277328491211	0.7260819968640949
4497.0	18697.0	147.0	4.0	3.0	3,4	0,33	1.0	45.75277328491211	0.7128281530531742
3115.0	18699.0	46.0	4.0	2.0	2	0	1.0	45.75277328491211	0.8994877585108956
4510.0	18700.0	148.0	4.0	3.0	3,4	0,31	1.0	45.75277328491211	0.7111885249560618
1007.0	18701.0	106.0	2.0	8.0	1,1,4,4,2,2,3	0,12,1,5,14,18,37	1.0	45.75277328491211	0.7834099280771991
4496.0	18702.0	149.0	4.0	3.0	3,4	0,31	1.0	45.75277328491211	0.7095526682872877
2604.0	18704.0	85.0	4.0	3.0	2,4	0,14	1.0	45.75277328491211	0.8222260577432597
5227.0	18705.0	107.0	4.0	4.0	2,4,3	0,5,33	1.0	45.75277328491211	0.7816079496843278
4560.0	18706.0	146.0	4.0	3.0	3,4	0,32	1.0	45.75277328491211	0.7144715612735627
4620.0	18707.0	143.0	4.0	3.0	3,4	0,31	1.0	45.75277328491211	0.7194245539247277
2331.0	18708.0	95.0	4.0	3.0	2,4	0,17	1.0	45.75277328491211	0.803508000097499
1663.0	18710.0	87.0	3.0	6.0	2,2,4,1,4	0,2,8,45,14	1.0	45.75277328491211	0.8184478835581949
1462.0	18711.0	137.0	4.0	3.0	3,4	0,30	1.0	45.75277328491211	0.729433785428647
4511.0	18712.0	148.0	4.0	3.0	3,4	0,32	1.0	45.75277328491211	0.7111885249560618
2556.0	18713.0	87.0	4.0	3.0	2,4	0,14	1.0	45.75277328491211	0.8184478835581949
2617.0	18714.0	85.0	2.0	3.0	2,4	0,13	1.0	45.75277328491211	0.8222260577432597
1157.0	18716.0	146.0	4.0	3.0	3,4	0,33	1.0	45.75277328491211	0.7144715612735627
2093.0	18717.0	114.0	4.0	3.0	2,4	0,21	1.0	45.75277328491211	0.7691096247071882
1328.0	18718.0	143.0	2.0	3.0	3,4	0,31	1.0	45.75277328491211	0.7194245539247277
6818.0	18719.0	1.0	2.0	2.0	2	0	1.0	45.75277328491211	0.9976998269637786
6495.0	18720.0	47.0	3.0	2.0	2	0	1.0	45.75277328491211	0.8974187810223576
1052.0	18721.0	155.0	4.0	3.0	3,4	0,33	1.0	45.75277328491211	0.6998162438674377
2194.0	18722.0	111.0	4.0	3.0	3,4	0,21	1.0	45.75277328491211	0.7744413895045507
2062.0	18723.0	115.0	4.0	3.0	3,4	0,23	1.0	45.75277328491211	0.7673405394865384
2645.0	18724.0	86.0	4.0	3.0	2,4	0,13	1.0	45.75277328491211	0.82033479553556
836.0	18726.0	197.0	2.0	3.0	1,4	0,48	1.0	45.75277328491211	0.6353012189134906
822.0	18729.0	197.0	3.0	3.0	1,4	0,48	1.0	45.75277328491211	0.6353012189134906
1386.0	18730.0	140.0	3.0	3.0	3,4	0,31	1.0	45.75277328491211	0.7244118826328223
6957.0	18855.0	1.0	3.0	2.0	1	0	1.0	45.75277328491211	0.9976998269637786
6953.0	18856.0	1.0	3.0	2.0	3	0	1.0	45.75277328491211	0.9976998269637786
6971.0	18858.0	1.0	3.0	2.0	1	0	1.0	45.75277328491211	0.9976998269637786
6946.0	18860.0	1.0	3.0	2.0	3	0	1.0	45.75277328491211	0.9976998269637786
6959.0	18862.0	1.0	4.0	2.0	3	0	1.0	45.75277328491211	0.9976998269637786
6951.0	18864.0	1.0	4.0	2.0	3	0	1.0	45.75277328491211	0.9976998269637786
6943.0	18866.0	1.0	2.0	2.0	1	0	1.0	45.75277328491211	0.9976998269637786
6950.0	18868.0	1.0	4.0	2.0	3	0	1.0	45.75277328491211	0.9976998269637786
6966.0	18870.0	1.0	3.0	2.0	3	0	1.0	45.75277328491211	0.9976998269637786
6945.0	18874.0	1.0	1.0	2.0	1	0	0.0	45.75277328491211	0.9976998269637786
7510.0	18906.0	1.0	2.0	2.0	1	0	1.0	45.75277328491211	0.9976998269637786
7504.0	18908.0	1.0	3.0	2.0	2	0	1.0	45.75277328491211	0.9976998269637786
7497.0	18910.0	1.0	3.0	2.0	1	0	1.0	45.75277328491211	0.9976998269637786
7506.0	18912.0	1.0	4.0	2.0	1	0	1.0	45.75277328491211	0.9976998269637786
7505.0	18914.0	1.0	1.0	2.0	1	0	0.0	45.75277328491211	0.9976998269637786
7502.0	18916.0	1.0	4.0	2.0	1	0	1.0	45.75277328491211	0.9976998269637786
7512.0	18918.0	1.0	4.0	2.0	1	0	1.0	45.75277328491211	0.9976998269637786
7513.0	18920.0	1.0	1.0	2.0	1	0	0.0	45.75277328491211	0.9976998269637786
7501.0	18922.0	1.0	1.0	2.0	1	0	0.0	45.75277328491211	0.9976998269637786
7508.0	18924.0	1.0	4.0	2.0	2	0	1.0	45.75277328491211	0.9976998269637786
7500.0	18928.0	1.0	1.0	2.0	2	0	0.0	45.75277328491211	0.9976998269637786
6994.0	18971.0	2.0	3.0	2.0	1	0	1.0	45.75277328491211	0.9954049447235537
6993.0	18972.0	2.0	3.0	2.0	1	0	1.0	45.75277328491211	0.9954049447235537
6945.0	18974.0	2.0	4.0	3.0	1,1	0,1	1.0	45.75277328491211	0.9954049447235537
6989.0	18978.0	2.0	1.0	2.0	1	0	0.0	45.75277328491211	0.9954049447235537
6967.0	18980.0	3.0	3.0	2.0	3	0	1.0	45.75277328491211	0.9931153411095791
6964.0	18984.0	3.0	3.0	2.0	4	0	1.0	45.75277328491211	0.9931153411095791
6975.0	18986.0	3.0	4.0	2.0	4	0	1.0	45.75277328491211	0.9931153411095791
6954.0	18988.0	3.0	4.0	2.0	4	0	1.0	45.75277328491211	0.9931153411095791
6949.0	18990.0	3.0	4.0	2.0	4	0	1.0	45.75277328491211	0.9931153411095791
6943.0	18992.0	2.0	4.0	3.0	1,2	0,1	1.0	45.75277328491211	0.9954049447235537
6965.0	18994.0	3.0	1.0	2.0	1	0	0.0	45.75277328491211	0.9931153411095791
6991.0	18996.0	2.0	4.0	2.0	1	0	1.0	45.75277328491211	0.9954049447235537
7500.0	19027.0	2.0	1.0	3.0	2,1	0,1	0.0	45.75277328491211	0.9954049447235537
7513.0	19028.0	2.0	4.0	3.0	1,1	0,1	1.0	45.75277328491211	0.9954049447235537
7501.0	19030.0	2.0	4.0	3.0	1,1	0,1	1.0	45.75277328491211	0.9954049447235537
7505.0	19032.0	2.0	1.0	3.0	1,1	0,1	0.0	45.75277328491211	0.9954049447235537
7516.0	19034.0	2.0	1.0	2.0	1	0	0.0	45.75277328491211	0.9954049447235537
7496.0	19036.0	3.0	4.0	2.0	4	0	1.0	45.75277328491211	0.9931153411095791
7507.0	19038.0	3.0	4.0	2.0	4	0	1.0	45.75277328491211	0.9931153411095791
7498.0	19040.0	3.0	4.0	2.0	4	0	1.0	45.75277328491211	0.9931153411095791
7510.0	19042.0	2.0	1.0	3.0	1,2	0,1	0.0	45.75277328491211	0.9954049447235537
6970.0	19098.0	4.0	4.0	2.0	4	0	1.0	45.75277328491211	0.9908310039801009
6963.0	19099.0	4.0	4.0	2.0	3	0	1.0	45.75277328491211	0.9908310039801009
6972.0	19101.0	4.0	4.0	2.0	4	0	1.0	45.75277328491211	0.9908310039801009
6966.0	19103.0	3.0	4.0	3.0	3,3	0,1	1.0	45.75277328491211	0.9931153411095791
6989.0	19105.0	1.0	4.0	3.0	1,1	0,2	1.0	45.75277328491211	0.9976998269637786
6952.0	19107.0	4.0	4.0	2.0	4	0	1.0	45.75277328491211	0.9908310039801009
6961.0	19109.0	4.0	4.0	2.0	4	0	1.0	45.75277328491211	0.9908310039801009
6968.0	19111.0	4.0	2.0	2.0	3	0	1.0	45.75277328491211	0.9908310039801009
6955.0	19115.0	4.0	4.0	2.0	3	0	1.0	45.75277328491211	0.9908310039801009
6982.0	19117.0	3.0	4.0	2.0	4	0	1.0	45.75277328491211	0.9931153411095791
7002.0	19121.0	1.0	2.0	2.0	3	0	1.0	45.75277328491211	0.9976998269637786
6953.0	19125.0	3.0	4.0	3.0	3,3	0,1	1.0	45.75277328491211	0.9931153411095791
6957.0	19127.0	3.0	4.0	3.0	1,3	0,1	1.0	45.75277328491211	0.9931153411095791
6948.0	19129.0	4.0	4.0	2.0	3	0	1.0	45.75277328491211	0.9908310039801009
6995.0	19131.0	3.0	4.0	2.0	4	0	1.0	45.75277328491211	0.9931153411095791
6979.0	19133.0	3.0	4.0	2.0	4	0	1.0	45.75277328491211	0.9931153411095791
6983.0	19135.0	3.0	4.0	2.0	1	0	1.0	45.75277328491211	0.9931153411095791
6987.0	19137.0	3.0	4.0	2.0	4	0	1.0	45.75277328491211	0.9931153411095791
6969.0	19139.0	4.0	4.0	2.0	4	0	1.0	45.75277328491211	0.9908310039801009
6946.0	19141.0	3.0	4.0	3.0	3,3	0,1	1.0	45.75277328491211	0.9931153411095791
6977.0	19143.0	3.0	4.0	2.0	4	0	1.0	45.75277328491211	0.9931153411095791
6944.0	19145.0	4.0	4.0	2.0	1	0	1.0	45.75277328491211	0.9908310039801009
7014.0	19146.0	1.0	4.0	2.0	3	0	1.0	45.75277328491211	0.9976998269637786
6960.0	19147.0	4.0	4.0	2.0	4	0	1.0	45.75277328491211	0.9908310039801009
6942.0	19148.0	4.0	4.0	2.0	4	0	1.0	45.75277328491211	0.9908310039801009
7001.0	19149.0	1.0	1.0	2.0	1	0	0.0	45.75277328491211	0.9976998269637786
6965.0	19151.0	1.0	4.0	3.0	1,1	0,3	1.0	45.75277328491211	0.9976998269637786
6981.0	19152.0	3.0	4.0	2.0	4	0	1.0	45.75277328491211	0.9931153411095791
6971.0	19153.0	3.0	4.0	3.0	1,3	0,1	1.0	45.75277328491211	0.9931153411095791
7504.0	19159.0	3.0	3.0	3.0	2,3	0,1	1.0	45.75277328491211	0.9931153411095791
7532.0	19161.0	3.0	4.0	2.0	4	0	1.0	45.75277328491211	0.9931153411095791
7517.0	19163.0	3.0	4.0	2.0	4	0	1.0	45.75277328491211	0.9931153411095791
7531.0	19165.0	3.0	4.0	2.0	4	0	1.0	45.75277328491211	0.9931153411095791
7523.0	19167.0	3.0	4.0	2.0	3	0	1.0	45.75277328491211	0.9931153411095791
7511.0	19169.0	4.0	1.0	2.0	4	0	0.0	45.75277328491211	0.9908310039801009
7522.0	19171.0	3.0	4.0	2.0	4	0	1.0	45.75277328491211	0.9931153411095791
7524.0	19173.0	3.0	4.0	2.0	1	0	1.0	45.75277328491211	0.9931153411095791
7534.0	19175.0	3.0	4.0	2.0	4	0	1.0	45.75277328491211	0.9931153411095791
7505.0	19179.0	1.0	2.0	4.0	1,1,1	0,1,2	1.0	45.75277328491211	0.9976998269637786
7514.0	19183.0	4.0	4.0	2.0	4	0	1.0	45.75277328491211	0.9908310039801009
7530.0	19185.0	3.0	4.0	2.0	4	0	1.0	45.75277328491211	0.9931153411095791
7520.0	19187.0	3.0	4.0	2.0	4	0	1.0	45.75277328491211	0.9931153411095791
7497.0	19191.0	3.0	1.0	3.0	1,3	0,1	0.0	45.75277328491211	0.9931153411095791
7516.0	19193.0	1.0	1.0	3.0	1,1	0,2	0.0	45.75277328491211	0.9976998269637786
6941.0	19245.0	11.0	4.0	2.0	4	0	1.0	45.75277328491211	0.9749870915810904
6974.0	19246.0	11.0	4.0	2.0	4	0	1.0	45.75277328491211	0.9749870915810904
6958.0	19247.0	11.0	4.0	2.0	4	0	1.0	45.75277328491211	0.9749870915810904
6950.0	19248.0	10.0	4.0	3.0	3,4	0,1	1.0	45.75277328491211	0.9772349009503108
7028.0	19250.0	7.0	1.0	2.0	1	0	0.0	45.75277328491211	0.9840094704996447
6951.0	19251.0	10.0	3.0	3.0	3,4	0,1	1.0	45.75277328491211	0.9772349009503108
7028.0	19253.0	4.0	4.0	3.0	1,1	0,7	1.0	45.75277328491211	0.9908310039801009
6988.0	19254.0	14.0	4.0	2.0	4	0	1.0	45.75277328491211	0.9682746380329911
6959.0	19256.0	14.0	4.0	3.0	3,4	0,1	1.0	45.75277328491211	0.9682746380329911
6973.0	19257.0	15.0	4.0	2.0	3	0	1.0	45.75277328491211	0.9660474388189305
6978.0	19261.0	14.0	4.0	2.0	4	0	1.0	45.75277328491211	0.9682746380329911
6993.0	19262.0	12.0	1.0	3.0	1,3	0,2	0.0	45.75277328491211	0.9727444525623716
7011.0	19264.0	12.0	4.0	2.0	4	0	1.0	45.75277328491211	0.9727444525623716
6997.0	19266.0	12.0	1.0	2.0	1	0	0.0	45.75277328491211	0.9727444525623716
6996.0	19269.0	12.0	4.0	2.0	4	0	1.0	45.75277328491211	0.9727444525623716
7000.0	19270.0	12.0	4.0	2.0	4	0	1.0	45.75277328491211	0.9727444525623716
7002.0	19271.0	11.0	4.0	3.0	3,2	0,1	1.0	45.75277328491211	0.9749870915810904
6980.0	19272.0	14.0	4.0	2.0	4	0	1.0	45.75277328491211	0.9682746380329911
6984.0	19274.0	14.0	3.0	2.0	4	0	1.0	45.75277328491211	0.9682746380329911
6990.0	19275.0	14.0	3.0	2.0	4	0	1.0	45.75277328491211	0.9682746380329911
6985.0	19276.0	14.0	4.0	2.0	4	0	1.0	45.75277328491211	0.9682746380329911
6976.0	19277.0	14.0	4.0	2.0	4	0	1.0	45.75277328491211	0.9682746380329911
7010.0	19279.0	12.0	4.0	2.0	4	0	1.0	45.75277328491211	0.9727444525623716
7035.0	19280.0	11.0	4.0	2.0	4	0	1.0	45.75277328491211	0.9749870915810904
7005.0	19281.0	12.0	4.0	2.0	1	0	1.0	45.75277328491211	0.9727444525623716
7013.0	19282.0	12.0	4.0	2.0	1	0	1.0	45.75277328491211	0.9727444525623716
7003.0	19284.0	12.0	4.0	2.0	4	0	1.0	45.75277328491211	0.9727444525623716
7020.0	19285.0	11.0	4.0	2.0	4	0	1.0	45.75277328491211	0.9749870915810904
7029.0	19286.0	11.0	1.0	2.0	1	0	0.0	45.75277328491211	0.9749870915810904
7018.0	19289.0	11.0	4.0	2.0	4	0	1.0	45.75277328491211	0.9749870915810904
6965.0	19291.0	11.0	1.0	4.0	1,1,4	0,3,1	0.0	45.75277328491211	0.9749870915810904
7008.0	19292.0	12.0	4.0	2.0	4	0	1.0	45.75277328491211	0.9727444525623716
7015.0	19294.0	12.0	4.0	2.0	1	0	1.0	45.75277328491211	0.9727444525623716
7031.0	19295.0	11.0	4.0	2.0	1	0	1.0	45.75277328491211	0.9749870915810904
7021.0	19297.0	11.0	4.0	2.0	4	0	1.0	45.75277328491211	0.9749870915810904
7001.0	19299.0	11.0	4.0	3.0	1,1	0,1	1.0	45.75277328491211	0.9749870915810904
6994.0	19301.0	12.0	4.0	3.0	1,3	0,2	1.0	45.75277328491211	0.9727444525623716
7009.0	19302.0	12.0	4.0	2.0	1	0	1.0	45.75277328491211	0.9727444525623716
7012.0	19304.0	12.0	4.0	2.0	4	0	1.0	45.75277328491211	0.9727444525623716
7006.0	19305.0	12.0	4.0	2.0	4	0	1.0	45.75277328491211	0.9727444525623716
6998.0	19306.0	12.0	1.0	2.0	4	0	0.0	45.75277328491211	0.9727444525623716
6999.0	19307.0	12.0	1.0	2.0	1	0	0.0	45.75277328491211	0.9727444525623716
7019.0	19309.0	11.0	4.0	2.0	4	0	1.0	45.75277328491211	0.9749870915810904
7032.0	19310.0	11.0	4.0	2.0	4	0	1.0	45.75277328491211	0.9749870915810904
7030.0	19311.0	11.0	4.0	2.0	4	0	1.0	45.75277328491211	0.9749870915810904
7014.0	19312.0	11.0	4.0	3.0	3,4	0,1	1.0	45.75277328491211	0.9749870915810904
7034.0	19314.0	11.0	4.0	2.0	4	0	1.0	45.75277328491211	0.9749870915810904
7016.0	19315.0	11.0	4.0	2.0	4	0	1.0	45.75277328491211	0.9749870915810904
6991.0	19316.0	12.0	4.0	3.0	1,4	0,2	1.0	45.75277328491211	0.9727444525623716
6989.0	19317.0	11.0	1.0	4.0	1,1,4	0,2,1	0.0	45.75277328491211	0.9749870915810904
7004.0	19319.0	12.0	4.0	2.0	4	0	1.0	45.75277328491211	0.9727444525623716
7007.0	19320.0	12.0	4.0	2.0	4	0	1.0	45.75277328491211	0.9727444525623716
7023.0	19321.0	11.0	1.0	2.0	1	0	0.0	45.75277328491211	0.9749870915810904
7017.0	19322.0	11.0	4.0	2.0	4	0	1.0	45.75277328491211	0.9749870915810904
7025.0	19324.0	11.0	1.0	2.0	1	0	0.0	45.75277328491211	0.9749870915810904
6968.0	19326.0	11.0	3.0	3.0	3,2	0,4	1.0	45.75277328491211	0.9749870915810904
6943.0	19327.0	12.0	1.0	4.0	1,2,4	0,1,2	0.0	45.75277328491211	0.9727444525623716
7022.0	19329.0	11.0	4.0	2.0	4	0	1.0	45.75277328491211	0.9749870915810904
6945.0	19330.0	12.0	1.0	4.0	1,1,4	0,1,2	0.0	45.75277328491211	0.9727444525623716
7027.0	19331.0	11.0	4.0	2.0	1	0	1.0	45.75277328491211	0.9749870915810904
6995.0	19332.0	11.0	4.0	3.0	4,4	0,3	1.0	45.75277328491211	0.9749870915810904
6953.0	19334.0	11.0	4.0	4.0	3,3,4	0,1,3	1.0	45.75277328491211	0.9749870915810904
6987.0	19335.0	11.0	4.0	3.0	4,4	0,3	1.0	45.75277328491211	0.9749870915810904
6964.0	19336.0	12.0	4.0	3.0	4,3	0,3	1.0	45.75277328491211	0.9727444525623716
6981.0	19337.0	11.0	4.0	3.0	4,4	0,3	1.0	45.75277328491211	0.9749870915810904
6975.0	19339.0	12.0	4.0	3.0	4,4	0,3	1.0	45.75277328491211	0.9727444525623716
6949.0	19340.0	12.0	4.0	3.0	4,4	0,3	1.0	45.75277328491211	0.9727444525623716
6979.0	19341.0	11.0	4.0	3.0	4,4	0,3	1.0	45.75277328491211	0.9749870915810904
7036.0	19342.0	4.0	4.0	2.0	4	0	1.0	45.75277328491211	0.9908310039801009
6971.0	19344.0	11.0	1.0	4.0	1,3,4	0,1,3	0.0	45.75277328491211	0.9749870915810904
6966.0	19345.0	11.0	4.0	4.0	3,3,4	0,1,3	1.0	45.75277328491211	0.9749870915810904
6977.0	19346.0	11.0	4.0	3.0	4,4	0,3	1.0	45.75277328491211	0.9749870915810904
6983.0	19347.0	11.0	4.0	3.0	1,4	0,3	1.0	45.75277328491211	0.9749870915810904
6957.0	19349.0	11.0	4.0	4.0	1,3,4	0,1,3	1.0	45.75277328491211	0.9749870915810904
6955.0	19350.0	11.0	4.0	3.0	3,4	0,4	1.0	45.75277328491211	0.9749870915810904
7024.0	19351.0	11.0	4.0	2.0	4	0	1.0	45.75277328491211	0.9749870915810904
7026.0	19352.0	11.0	1.0	2.0	4	0	0.0	45.75277328491211	0.9749870915810904
6967.0	19354.0	12.0	1.0	3.0	3,3	0,3	0.0	45.75277328491211	0.9727444525623716
6954.0	19355.0	12.0	4.0	3.0	4,4	0,3	1.0	45.75277328491211	0.9727444525623716
6982.0	19356.0	11.0	4.0	3.0	4,4	0,3	1.0	45.75277328491211	0.9749870915810904
6946.0	19357.0	11.0	4.0	4.0	3,3,4	0,1,3	1.0	45.75277328491211	0.9749870915810904
6972.0	19359.0	11.0	4.0	3.0	4,4	0,4	1.0	45.75277328491211	0.9749870915810904
6963.0	19360.0	11.0	1.0	3.0	3,4	0,4	0.0	45.75277328491211	0.9749870915810904
6948.0	19385.0	18.0	4.0	3.0	3,4	0,4	1.0	45.75277328491211	0.9593965317306974
6997.0	19386.0	7.0	4.0	3.0	1,1	0,12	1.0	45.75277328491211	0.9840094704996447
6971.0	19388.0	7.0	2.0	5.0	1,3,4,1	0,1,3,11	1.0	45.75277328491211	0.9840094704996447
6945.0	19389.0	7.0	1.0	5.0	1,1,4,1	0,1,2,12	0.0	45.75277328491211	0.9840094704996447
6970.0	19391.0	18.0	4.0	3.0	4,4	0,4	1.0	45.75277328491211	0.9593965317306974
6967.0	19392.0	7.0	1.0	4.0	3,3,1	0,3,12	0.0	45.75277328491211	0.9840094704996447
6963.0	19394.0	7.0	4.0	4.0	3,4,1	0,4,11	1.0	45.75277328491211	0.9840094704996447
6952.0	19395.0	18.0	4.0	3.0	4,4	0,4	1.0	45.75277328491211	0.9593965317306974
6999.0	19397.0	7.0	1.0	3.0	1,1	0,12	0.0	45.75277328491211	0.9840094704996447
7029.0	19398.0	7.0	4.0	3.0	1,1	0,11	1.0	45.75277328491211	0.9840094704996447
6989.0	19400.0	7.0	1.0	5.0	1,1,4,1	0,2,1,11	0.0	45.75277328491211	0.9840094704996447
7023.0	19410.0	7.0	4.0	3.0	1,1	0,11	1.0	45.75277328491211	0.9840094704996447
6943.0	19412.0	7.0	4.0	5.0	1,2,4,1	0,1,2,12	1.0	45.75277328491211	0.9840094704996447
6998.0	19413.0	7.0	4.0	3.0	4,1	0,12	1.0	45.75277328491211	0.9840094704996447
6993.0	19415.0	7.0	1.0	4.0	1,3,1	0,2,12	0.0	45.75277328491211	0.9840094704996447
7026.0	19416.0	7.0	1.0	3.0	4,1	0,11	0.0	45.75277328491211	0.9840094704996447
6969.0	19418.0	18.0	4.0	3.0	4,4	0,4	1.0	45.75277328491211	0.9593965317306974
6942.0	19419.0	18.0	4.0	3.0	4,4	0,4	1.0	45.75277328491211	0.9593965317306974
7028.0	19421.0	7.0	3.0	4.0	1,1,4	0,7,4	1.0	45.75277328491211	0.9840094704996447
6965.0	19422.0	7.0	3.0	5.0	1,1,4,1	0,3,1,11	1.0	45.75277328491211	0.9840094704996447
6961.0	19424.0	18.0	4.0	3.0	4,4	0,4	1.0	45.75277328491211	0.9593965317306974
7045.0	19427.0	7.0	3.0	2.0	1	0	1.0	45.75277328491211	0.9840094704996447
7049.0	19428.0	7.0	1.0	2.0	1	0	0.0	45.75277328491211	0.9840094704996447
7038.0	19430.0	7.0	4.0	2.0	4	0	1.0	45.75277328491211	0.9840094704996447
7047.0	19431.0	7.0	4.0	2.0	4	0	1.0	45.75277328491211	0.9840094704996447
7055.0	19433.0	7.0	4.0	2.0	4	0	1.0	45.75277328491211	0.9840094704996447
7041.0	19434.0	7.0	4.0	2.0	4	0	1.0	45.75277328491211	0.9840094704996447
7054.0	19436.0	7.0	4.0	2.0	4	0	1.0	45.75277328491211	0.9840094704996447
7043.0	19437.0	7.0	4.0	2.0	4	0	1.0	45.75277328491211	0.9840094704996447
6960.0	19439.0	18.0	4.0	3.0	4,4	0,4	1.0	45.75277328491211	0.9593965317306974
7052.0	19440.0	7.0	4.0	2.0	4	0	1.0	45.75277328491211	0.9840094704996447
7040.0	19442.0	7.0	4.0	2.0	4	0	1.0	45.75277328491211	0.9840094704996447
7025.0	19443.0	7.0	4.0	3.0	1,1	0,11	1.0	45.75277328491211	0.9840094704996447
6944.0	19445.0	18.0	4.0	3.0	1,4	0,4	1.0	45.75277328491211	0.9593965317306974
7056.0	19446.0	7.0	4.0	2.0	4	0	1.0	45.75277328491211	0.9840094704996447
7046.0	19448.0	7.0	4.0	2.0	4	0	1.0	45.75277328491211	0.9840094704996447
7048.0	19449.0	7.0	4.0	2.0	4	0	1.0	45.75277328491211	0.9840094704996447
7039.0	19452.0	7.0	4.0	2.0	4	0	1.0	45.75277328491211	0.9840094704996447
7050.0	19454.0	7.0	3.0	2.0	4	0	1.0	45.75277328491211	0.9840094704996447
7053.0	19455.0	7.0	4.0	2.0	4	0	1.0	45.75277328491211	0.9840094704996447
7044.0	19457.0	7.0	4.0	2.0	4	0	1.0	45.75277328491211	0.9840094704996447
7037.0	19458.0	7.0	4.0	2.0	1	0	1.0	45.75277328491211	0.9840094704996447
7042.0	19459.0	7.0	4.0	2.0	4	0	1.0	45.75277328491211	0.9840094704996447
7051.0	19460.0	7.0	3.0	2.0	1	0	1.0	45.75277328491211	0.9840094704996447
7026.0	19474.0	3.0	2.0	4.0	4,1,1	0,11,7	1.0	45.75277328491211	0.9931153411095791
6999.0	19475.0	3.0	3.0	4.0	1,1,1	0,12,7	1.0	45.75277328491211	0.9931153411095791
7049.0	19477.0	3.0	4.0	3.0	1,1	0,7	1.0	45.75277328491211	0.9931153411095791
6993.0	19479.0	3.0	4.0	5.0	1,3,1,1	0,2,12,7	1.0	45.75277328491211	0.9931153411095791
6945.0	19481.0	3.0	1.0	6.0	1,1,4,1,1	0,1,2,12,7	0.0	45.75277328491211	0.9931153411095791
6989.0	19483.0	3.0	1.0	6.0	1,1,4,1,1	0,2,1,11,7	0.0	45.75277328491211	0.9931153411095791
6967.0	19485.0	3.0	4.0	5.0	3,3,1,1	0,3,12,7	1.0	45.75277328491211	0.9931153411095791
6971.0	19487.0	3.0	4.0	6.0	1,3,4,1,2	0,1,3,11,7	1.0	45.75277328491211	0.9931153411095791
7075.0	19493.0	3.0	4.0	2.0	4	0	1.0	45.75277328491211	0.9931153411095791
7072.0	19495.0	3.0	4.0	2.0	4	0	1.0	45.75277328491211	0.9931153411095791
7061.0	19497.0	3.0	1.0	2.0	1	0	0.0	45.75277328491211	0.9931153411095791
7058.0	19501.0	3.0	4.0	2.0	4	0	1.0	45.75277328491211	0.9931153411095791
7062.0	19507.0	3.0	4.0	2.0	4	0	1.0	45.75277328491211	0.9931153411095791
7057.0	19509.0	3.0	4.0	2.0	1	0	1.0	45.75277328491211	0.9931153411095791
7066.0	19522.0	4.0	4.0	2.0	4	0	1.0	45.75277328491211	0.9908310039801009
7064.0	19523.0	4.0	4.0	2.0	4	0	1.0	45.75277328491211	0.9908310039801009
7059.0	19525.0	4.0	4.0	2.0	4	0	1.0	45.75277328491211	0.9908310039801009
7067.0	19527.0	4.0	4.0	2.0	1	0	1.0	45.75277328491211	0.9908310039801009
6989.0	19529.0	1.0	4.0	7.0	1,1,4,1,1,1	0,2,1,11,7,3	1.0	45.75277328491211	0.9976998269637786
7073.0	19531.0	4.0	1.0	2.0	1	0	0.0	45.75277328491211	0.9908310039801009
7071.0	19533.0	4.0	1.0	2.0	3	0	0.0	45.75277328491211	0.9908310039801009
7063.0	19564.0	5.0	4.0	2.0	1	0	1.0	45.75277328491211	0.9885519212212938
7068.0	19565.0	5.0	4.0	2.0	4	0	1.0	45.75277328491211	0.9885519212212938
7074.0	19567.0	5.0	4.0	2.0	3	0	1.0	45.75277328491211	0.9885519212212938
6945.0	19569.0	2.0	1.0	7.0	1,1,4,1,1,1	0,1,2,12,7,3	0.0	45.75277328491211	0.9954049447235537
7065.0	19571.0	5.0	4.0	2.0	1	0	1.0	45.75277328491211	0.9885519212212938
7070.0	19575.0	5.0	4.0	2.0	4	0	1.0	45.75277328491211	0.9885519212212938
7076.0	19577.0	5.0	4.0	2.0	4	0	1.0	45.75277328491211	0.9885519212212938
7026.0	19579.0	2.0	4.0	5.0	4,1,1,2	0,11,7,3	1.0	45.75277328491211	0.9954049447235537
7061.0	19581.0	2.0	4.0	3.0	1,1	0,3	1.0	45.75277328491211	0.9954049447235537
7060.0	19583.0	5.0	4.0	2.0	4	0	1.0	45.75277328491211	0.9885519212212938
7069.0	19587.0	5.0	1.0	2.0	4	0	0.0	45.75277328491211	0.9885519212212938
7073.0	19612.0	2.0	4.0	3.0	1,1	0,4	1.0	45.75277328491211	0.9954049447235537
7036.0	19613.0	13.0	4.0	3.0	4,4	0,4	1.0	45.75277328491211	0.9705069720014537
7080.0	19615.0	3.0	4.0	2.0	4	0	1.0	45.75277328491211	0.9931153411095791
7071.0	19617.0	2.0	4.0	3.0	3,1	0,4	1.0	45.75277328491211	0.9954049447235537
7094.0	19619.0	3.0	4.0	2.0	4	0	1.0	45.75277328491211	0.9931153411095791
7095.0	19621.0	3.0	1.0	2.0	1	0	0.0	45.75277328491211	0.9931153411095791
7093.0	19623.0	3.0	4.0	2.0	1	0	1.0	45.75277328491211	0.9931153411095791
7110.0	19647.0	3.0	4.0	2.0	3	0	1.0	45.75277328491211	0.9931153411095791
7091.0	19648.0	4.0	4.0	2.0	1	0	1.0	45.75277328491211	0.9908310039801009
7084.0	19650.0	4.0	4.0	2.0	4	0	1.0	45.75277328491211	0.9908310039801009
7082.0	19652.0	4.0	4.0	2.0	4	0	1.0	45.75277328491211	0.9908310039801009
7096.0	19654.0	4.0	4.0	2.0	4	0	1.0	45.75277328491211	0.9908310039801009
6965.0	19656.0	7.0	1.0	6.0	1,1,4,1,3	0,3,1,11,7	0.0	45.75277328491211	0.9840094704996447
7101.0	19660.0	3.0	4.0	2.0	1	0	1.0	45.75277328491211	0.9931153411095791
7103.0	19662.0	3.0	4.0	2.0	1	0	1.0	45.75277328491211	0.9931153411095791
7098.0	19664.0	3.0	4.0	2.0	4	0	1.0	45.75277328491211	0.9931153411095791
7106.0	19666.0	3.0	4.0	2.0	4	0	1.0	45.75277328491211	0.9931153411095791
7069.0	19668.0	2.0	1.0	3.0	4,1	0,5	0.0	45.75277328491211	0.9954049447235537
6945.0	19670.0	2.0	1.0	8.0	1,1,4,1,1,1,1	0,1,2,12,7,3,2	0.0	45.75277328491211	0.9954049447235537
7087.0	19676.0	4.0	4.0	2.0	1	0	1.0	45.75277328491211	0.9908310039801009
7089.0	19678.0	4.0	4.0	2.0	1	0	1.0	45.75277328491211	0.9908310039801009
7114.0	19680.0	3.0	4.0	2.0	4	0	1.0	45.75277328491211	0.9931153411095791
7086.0	19682.0	4.0	4.0	2.0	4	0	1.0	45.75277328491211	0.9908310039801009
7108.0	19684.0	3.0	4.0	2.0	4	0	1.0	45.75277328491211	0.9931153411095791
6951.0	19686.0	18.0	4.0	4.0	3,4,3	0,1,10	1.0	45.75277328491211	0.9593965317306974
7077.0	19688.0	4.0	4.0	2.0	4	0	1.0	45.75277328491211	0.9908310039801009
7083.0	19690.0	4.0	1.0	2.0	1	0	0.0	45.75277328491211	0.9908310039801009
7104.0	19692.0	3.0	4.0	2.0	4	0	1.0	45.75277328491211	0.9931153411095791
7113.0	19694.0	3.0	4.0	2.0	1	0	1.0	45.75277328491211	0.9931153411095791
7088.0	19705.0	5.0	4.0	2.0	4	0	1.0	45.75277328491211	0.9885519212212938
7028.0	19706.0	8.0	1.0	5.0	1,1,4,3	0,7,4,7	0.0	45.75277328491211	0.9817460784482148
7116.0	19708.0	4.0	4.0	2.0	3	0	1.0	45.75277328491211	0.9908310039801009
7079.0	19710.0	5.0	4.0	2.0	3	0	1.0	45.75277328491211	0.9885519212212938
7111.0	19712.0	4.0	1.0	2.0	1	0	0.0	45.75277328491211	0.9908310039801009
7119.0	19714.0	3.0	1.0	2.0	1	0	0.0	45.75277328491211	0.9931153411095791
7078.0	19716.0	5.0	4.0	2.0	4	0	1.0	45.75277328491211	0.9885519212212938
7134.0	19718.0	3.0	4.0	2.0	4	0	1.0	45.75277328491211	0.9931153411095791
7128.0	19720.0	3.0	4.0	2.0	4	0	1.0	45.75277328491211	0.9931153411095791
7081.0	19722.0	5.0	1.0	2.0	1	0	0.0	45.75277328491211	0.9885519212212938
7092.0	19724.0	5.0	4.0	2.0	4	0	1.0	45.75277328491211	0.9885519212212938
7102.0	19726.0	4.0	4.0	2.0	4	0	1.0	45.75277328491211	0.9908310039801009
7135.0	19728.0	3.0	1.0	2.0	1	0	0.0	45.75277328491211	0.9931153411095791
6989.0	19730.0	4.0	4.0	8.0	1,1,4,1,1,1,4	0,2,1,11,7,3,1	1.0	45.75277328491211	0.9908310039801009
7090.0	19734.0	5.0	4.0	2.0	4	0	1.0	45.75277328491211	0.9885519212212938
7109.0	19736.0	4.0	4.0	2.0	1	0	1.0	45.75277328491211	0.9908310039801009
7085.0	19740.0	5.0	1.0	2.0	1	0	0.0	45.75277328491211	0.9885519212212938
6999.0	19742.0	5.0	1.0	5.0	1,1,1,3	0,12,7,3	0.0	45.75277328491211	0.9885519212212938
7099.0	19746.0	4.0	1.0	2.0	1	0	0.0	45.75277328491211	0.9908310039801009
7095.0	19748.0	2.0	1.0	3.0	1,1	0,3	0.0	45.75277328491211	0.9954049447235537
7115.0	19750.0	4.0	4.0	2.0	1	0	1.0	45.75277328491211	0.9908310039801009
7083.0	19769.0	2.0	4.0	3.0	1,1	0,4	1.0	45.75277328491211	0.9954049447235537
7141.0	19770.0	3.0	4.0	2.0	4	0	1.0	45.75277328491211	0.9931153411095791
7127.0	19772.0	4.0	4.0	2.0	4	0	1.0	45.75277328491211	0.9908310039801009
6965.0	19774.0	2.0	4.0	7.0	1,1,4,1,3,1	0,3,1,11,7,7	1.0	45.75277328491211	0.9954049447235537
7153.0	19776.0	3.0	4.0	2.0	4	0	1.0	45.75277328491211	0.9931153411095791
7131.0	19780.0	4.0	4.0	2.0	1	0	1.0	45.75277328491211	0.9908310039801009
7122.0	19784.0	4.0	4.0	2.0	4	0	1.0	45.75277328491211	0.9908310039801009
7100.0	19786.0	5.0	4.0	2.0	4	0	1.0	45.75277328491211	0.9885519212212938
7069.0	19788.0	2.0	1.0	4.0	4,1,1	0,5,2	0.0	45.75277328491211	0.9954049447235537
7145.0	19790.0	3.0	1.0	2.0	1	0	0.0	45.75277328491211	0.9931153411095791
7118.0	19792.0	4.0	4.0	2.0	4	0	1.0	45.75277328491211	0.9908310039801009
7112.0	19794.0	5.0	4.0	2.0	4	0	1.0	45.75277328491211	0.9885519212212938
7143.0	19796.0	3.0	4.0	2.0	1	0	1.0	45.75277328491211	0.9931153411095791
7097.0	19798.0	5.0	4.0	2.0	1	0	1.0	45.75277328491211	0.9885519212212938
6968.0	19806.0	16.0	4.0	4.0	3,2,3	0,4,11	1.0	45.75277328491211	0.9638253625484484
7107.0	19808.0	5.0	4.0	2.0	4	0	1.0	45.75277328491211	0.9885519212212938
7120.0	19810.0	4.0	4.0	2.0	4	0	1.0	45.75277328491211	0.9908310039801009
7130.0	19814.0	4.0	4.0	2.0	4	0	1.0	45.75277328491211	0.9908310039801009
7137.0	19816.0	3.0	4.0	2.0	4	0	1.0	45.75277328491211	0.9931153411095791
7149.0	19820.0	3.0	1.0	2.0	1	0	0.0	45.75277328491211	0.9931153411095791
7126.0	19822.0	4.0	4.0	2.0	3	0	1.0	45.75277328491211	0.9908310039801009
7147.0	19826.0	3.0	4.0	2.0	1	0	1.0	45.75277328491211	0.9931153411095791
6945.0	19828.0	2.0	1.0	9.0	1,1,4,1,1,1,1,1	0,1,2,12,7,3,2,2	0.0	45.75277328491211	0.9954049447235537
7152.0	19829.0	3.0	4.0	2.0	4	0	1.0	45.75277328491211	0.9931153411095791
7105.0	19830.0	5.0	1.0	2.0	1	0	0.0	45.75277328491211	0.9885519212212938
7121.0	19831.0	4.0	4.0	2.0	4	0	1.0	45.75277328491211	0.9908310039801009
7132.0	19833.0	4.0	4.0	2.0	4	0	1.0	45.75277328491211	0.9908310039801009
7124.0	19844.0	5.0	4.0	2.0	4	0	1.0	45.75277328491211	0.9885519212212938
7139.0	19845.0	4.0	4.0	2.0	1	0	1.0	45.75277328491211	0.9908310039801009
7165.0	19847.0	3.0	4.0	2.0	4	0	1.0	45.75277328491211	0.9931153411095791
7049.0	19849.0	7.0	4.0	4.0	1,1,4	0,7,3	1.0	45.75277328491211	0.9840094704996447
7138.0	19851.0	4.0	4.0	2.0	4	0	1.0	45.75277328491211	0.9908310039801009
7095.0	19853.0	2.0	4.0	4.0	1,1,1	0,3,2	1.0	45.75277328491211	0.9954049447235537
7144.0	19855.0	4.0	4.0	2.0	4	0	1.0	45.75277328491211	0.9908310039801009
7135.0	19859.0	2.0	4.0	3.0	1,1	0,3	1.0	45.75277328491211	0.9954049447235537
7085.0	19865.0	2.0	4.0	3.0	1,1	0,5	1.0	45.75277328491211	0.9954049447235537
7146.0	19867.0	4.0	4.0	2.0	4	0	1.0	45.75277328491211	0.9908310039801009
7148.0	19869.0	4.0	4.0	2.0	4	0	1.0	45.75277328491211	0.9908310039801009
7156.0	19871.0	4.0	4.0	2.0	4	0	1.0	45.75277328491211	0.9908310039801009
7171.0	19873.0	3.0	1.0	2.0	1	0	0.0	45.75277328491211	0.9931153411095791
7028.0	19877.0	2.0	4.0	6.0	1,1,4,3,1	0,7,4,7,8	1.0	45.75277328491211	0.9954049447235537
7168.0	19879.0	3.0	4.0	2.0	4	0	1.0	45.75277328491211	0.9931153411095791
7026.0	19881.0	5.0	4.0	6.0	4,1,1,2,4	0,11,7,3,2	1.0	45.75277328491211	0.9885519212212938
7159.0	19883.0	3.0	1.0	2.0	1	0	0.0	45.75277328491211	0.9931153411095791
7174.0	19885.0	3.0	4.0	2.0	4	0	1.0	45.75277328491211	0.9931153411095791
7125.0	19887.0	5.0	4.0	2.0	1	0	1.0	45.75277328491211	0.9885519212212938
7081.0	19889.0	2.0	4.0	3.0	1,1	0,5	1.0	45.75277328491211	0.9954049447235537
7123.0	19891.0	5.0	4.0	2.0	1	0	1.0	45.75277328491211	0.9885519212212938
7045.0	19893.0	10.0	4.0	3.0	1,3	0,7	1.0	45.75277328491211	0.9772349009503108
7117.0	19894.0	5.0	4.0	2.0	1	0	1.0	45.75277328491211	0.9885519212212938
7133.0	19896.0	5.0	4.0	2.0	1	0	1.0	45.75277328491211	0.9885519212212938
7119.0	19897.0	2.0	4.0	3.0	1,1	0,3	1.0	45.75277328491211	0.9954049447235537
7142.0	19898.0	4.0	4.0	2.0	4	0	1.0	45.75277328491211	0.9908310039801009
7151.0	19899.0	4.0	4.0	2.0	4	0	1.0	45.75277328491211	0.9908310039801009
7170.0	19900.0	3.0	4.0	2.0	4	0	1.0	45.75277328491211	0.9931153411095791
7129.0	19901.0	5.0	4.0	2.0	1	0	1.0	45.75277328491211	0.9885519212212938
7164.0	19902.0	3.0	4.0	2.0	4	0	1.0	45.75277328491211	0.9931153411095791
6999.0	19903.0	2.0	4.0	6.0	1,1,1,3,1	0,12,7,3,5	1.0	45.75277328491211	0.9954049447235537
7111.0	19904.0	2.0	4.0	3.0	1,1	0,4	1.0	45.75277328491211	0.9954049447235537
7099.0	19905.0	2.0	4.0	3.0	1,1	0,4	1.0	45.75277328491211	0.9954049447235537
7155.0	19906.0	4.0	4.0	2.0	1	0	1.0	45.75277328491211	0.9908310039801009
7172.0	19907.0	3.0	4.0	2.0	4	0	1.0	45.75277328491211	0.9931153411095791
7136.0	19908.0	5.0	4.0	2.0	2	0	1.0	45.75277328491211	0.9885519212212938
7177.0	19912.0	3.0	4.0	2.0	1	0	1.0	45.75277328491211	0.9931153411095791
7169.0	19913.0	4.0	4.0	2.0	1	0	1.0	45.75277328491211	0.9908310039801009
7158.0	19915.0	4.0	4.0	2.0	4	0	1.0	45.75277328491211	0.9908310039801009
7140.0	19917.0	5.0	4.0	2.0	4	0	1.0	45.75277328491211	0.9885519212212938
7162.0	19919.0	4.0	4.0	2.0	4	0	1.0	45.75277328491211	0.9908310039801009
7061.0	19921.0	6.0	4.0	4.0	1,1,4	0,3,2	1.0	45.75277328491211	0.9862780807471956
6971.0	19923.0	8.0	4.0	7.0	1,3,4,1,2,4	0,1,3,11,7,3	1.0	45.75277328491211	0.9817460784482148
7181.0	19925.0	3.0	1.0	2.0	1	0	0.0	45.75277328491211	0.9931153411095791
7176.0	19927.0	4.0	4.0	2.0	4	0	1.0	45.75277328491211	0.9908310039801009
7149.0	19931.0	2.0	4.0	3.0	1,1	0,3	1.0	45.75277328491211	0.9954049447235537
7179.0	19937.0	3.0	1.0	2.0	1	0	0.0	45.75277328491211	0.9931153411095791
7166.0	19939.0	4.0	4.0	2.0	4	0	1.0	45.75277328491211	0.9908310039801009
7186.0	19941.0	3.0	4.0	2.0	4	0	1.0	45.75277328491211	0.9931153411095791
7145.0	19943.0	2.0	1.0	3.0	1,1	0,3	0.0	45.75277328491211	0.9954049447235537
7184.0	19947.0	3.0	4.0	2.0	4	0	1.0	45.75277328491211	0.9931153411095791
7069.0	19949.0	2.0	4.0	5.0	4,1,1,1	0,5,2,2	1.0	45.75277328491211	0.9954049447235537
7160.0	19955.0	4.0	4.0	2.0	4	0	1.0	45.75277328491211	0.9908310039801009
7167.0	19957.0	4.0	4.0	2.0	4	0	1.0	45.75277328491211	0.9908310039801009
7192.0	19959.0	3.0	4.0	2.0	4	0	1.0	45.75277328491211	0.9931153411095791
7173.0	19963.0	4.0	4.0	2.0	1	0	1.0	45.75277328491211	0.9908310039801009
6945.0	19967.0	2.0	4.0	10.0	1,1,4,1,1,1,1,1,1	0,1,2,12,7,3,2,2,2	1.0	45.75277328491211	0.9954049447235537
7178.0	19968.0	3.0	4.0	2.0	4	0	1.0	45.75277328491211	0.9931153411095791
7071.0	19969.0	5.0	4.0	4.0	3,1,4	0,4,2	1.0	45.75277328491211	0.9885519212212938
6993.0	19970.0	8.0	4.0	6.0	1,3,1,1,4	0,2,12,7,3	1.0	45.75277328491211	0.9817460784482148
7154.0	19971.0	5.0	4.0	2.0	4	0	1.0	45.75277328491211	0.9885519212212938
7105.0	19973.0	2.0	4.0	3.0	1,1	0,5	1.0	45.75277328491211	0.9954049447235537
7161.0	19974.0	4.0	4.0	2.0	1	0	1.0	45.75277328491211	0.9908310039801009
7157.0	19975.0	4.0	4.0	2.0	4	0	1.0	45.75277328491211	0.9908310039801009
7180.0	19976.0	3.0	4.0	2.0	4	0	1.0	45.75277328491211	0.9931153411095791
7150.0	19977.0	5.0	4.0	2.0	3	0	1.0	45.75277328491211	0.9885519212212938
7502.0	19981.0	33.0	1.0	3.0	1,4	0,1	0.0	45.75277328491211	0.926822562290205
7506.0	19984.0	33.0	4.0	3.0	1,4	0,1	1.0	45.75277328491211	0.926822562290205
7185.0	19987.0	4.0	4.0	2.0	1	0	1.0	45.75277328491211	0.9908310039801009
7183.0	19989.0	4.0	4.0	2.0	4	0	1.0	45.75277328491211	0.9908310039801009
7163.0	19991.0	5.0	4.0	2.0	1	0	1.0	45.75277328491211	0.9885519212212938
7208.0	19993.0	3.0	4.0	2.0	4	0	1.0	45.75277328491211	0.9931153411095791
7194.0	19995.0	4.0	1.0	2.0	3	0	0.0	45.75277328491211	0.9908310039801009
7190.0	19997.0	4.0	4.0	2.0	4	0	1.0	45.75277328491211	0.9908310039801009
6990.0	20003.0	19.0	4.0	3.0	4,3	0,14	1.0	45.75277328491211	0.957189753697366
7214.0	20005.0	3.0	4.0	2.0	4	0	1.0	45.75277328491211	0.9931153411095791
7159.0	20007.0	2.0	4.0	3.0	1,1	0,3	1.0	45.75277328491211	0.9954049447235537
7187.0	20009.0	4.0	1.0	2.0	1	0	0.0	45.75277328491211	0.9908310039801009
7073.0	20011.0	6.0	4.0	4.0	1,1,4	0,4,2	1.0	45.75277328491211	0.9862780807471956
7171.0	20017.0	2.0	4.0	3.0	1,1	0,3	1.0	45.75277328491211	0.9954049447235537
7212.0	20019.0	3.0	4.0	2.0	4	0	1.0	45.75277328491211	0.9931153411095791
7198.0	20021.0	3.0	4.0	2.0	4	0	1.0	45.75277328491211	0.9931153411095791
7204.0	20023.0	3.0	4.0	2.0	4	0	1.0	45.75277328491211	0.9931153411095791
7199.0	20025.0	3.0	1.0	2.0	1	0	0.0	45.75277328491211	0.9931153411095791
7216.0	20027.0	3.0	4.0	2.0	4	0	1.0	45.75277328491211	0.9931153411095791
7175.0	20029.0	5.0	4.0	2.0	4	0	1.0	45.75277328491211	0.9885519212212938
7188.0	20031.0	4.0	4.0	2.0	4	0	1.0	45.75277328491211	0.9908310039801009
7189.0	20033.0	4.0	4.0	2.0	1	0	1.0	45.75277328491211	0.9908310039801009
7197.0	20035.0	3.0	4.0	2.0	1	0	1.0	45.75277328491211	0.9931153411095791
7075.0	20043.0	10.0	4.0	3.0	4,4	0,3	1.0	45.75277328491211	0.9772349009503108
7211.0	20044.0	4.0	4.0	2.0	1	0	1.0	45.75277328491211	0.9908310039801009
7202.0	20046.0	4.0	4.0	2.0	4	0	1.0	45.75277328491211	0.9908310039801009
7057.0	20048.0	10.0	1.0	3.0	1,4	0,3	0.0	45.75277328491211	0.9772349009503108
7182.0	20050.0	5.0	4.0	2.0	4	0	1.0	45.75277328491211	0.9885519212212938
7228.0	20052.0	3.0	4.0	2.0	4	0	1.0	45.75277328491211	0.9931153411095791
7230.0	20054.0	3.0	4.0	2.0	4	0	1.0	45.75277328491211	0.9931153411095791
7215.0	20056.0	4.0	4.0	2.0	1	0	1.0	45.75277328491211	0.9908310039801009
7213.0	20058.0	4.0	4.0	2.0	1	0	1.0	45.75277328491211	0.9908310039801009
7231.0	20070.0	3.0	2.0	2.0	1	0	1.0	45.75277328491211	0.9931153411095791
7179.0	20072.0	2.0	4.0	3.0	1,1	0,3	1.0	45.75277328491211	0.9954049447235537
7145.0	20074.0	2.0	4.0	4.0	1,1,1	0,3,2	1.0	45.75277328491211	0.9954049447235537
7072.0	20076.0	10.0	4.0	3.0	4,4	0,3	1.0	45.75277328491211	0.9772349009503108
7203.0	20078.0	4.0	4.0	2.0	4	0	1.0	45.75277328491211	0.9908310039801009
7233.0	20080.0	3.0	2.0	2.0	4	0	1.0	45.75277328491211	0.9931153411095791
7235.0	20082.0	3.0	4.0	2.0	4	0	1.0	45.75277328491211	0.9931153411095791
7062.0	20084.0	10.0	4.0	3.0	4,4	0,3	1.0	45.75277328491211	0.9772349009503108
7196.0	20086.0	5.0	1.0	2.0	4	0	0.0	45.75277328491211	0.9885519212212938
7193.0	20088.0	5.0	1.0	2.0	1	0	0.0	45.75277328491211	0.9885519212212938
6967.0	20090.0	10.0	1.0	6.0	3,3,1,1,4	0,3,12,7,3	0.0	45.75277328491211	0.9772349009503108
7220.0	20092.0	3.0	4.0	2.0	4	0	1.0	45.75277328491211	0.9931153411095791
7200.0	20094.0	4.0	4.0	2.0	4	0	1.0	45.75277328491211	0.9908310039801009
7191.0	20096.0	5.0	4.0	2.0	1	0	1.0	45.75277328491211	0.9885519212212938
7201.0	20098.0	4.0	4.0	2.0	1	0	1.0	45.75277328491211	0.9908310039801009
7181.0	20100.0	2.0	4.0	3.0	1,1	0,3	1.0	45.75277328491211	0.9954049447235537
7058.0	20101.0	10.0	4.0	3.0	4,4	0,3	1.0	45.75277328491211	0.9772349009503108
7195.0	20102.0	5.0	4.0	2.0	1	0	1.0	45.75277328491211	0.9885519212212938
7207.0	20108.0	5.0	1.0	2.0	1	0	0.0	45.75277328491211	0.9885519212212938
7205.0	20109.0	5.0	1.0	2.0	1	0	0.0	45.75277328491211	0.9885519212212938
7187.0	20111.0	2.0	1.0	3.0	1,1	0,4	0.0	45.75277328491211	0.9954049447235537
7050.0	20113.0	14.0	4.0	3.0	4,3	0,7	1.0	45.75277328491211	0.9682746380329911
7221.0	20115.0	4.0	1.0	2.0	1	0	0.0	45.75277328491211	0.9908310039801009
7229.0	20117.0	4.0	4.0	2.0	1	0	1.0	45.75277328491211	0.9908310039801009
7242.0	20121.0	3.0	1.0	2.0	4	0	0.0	45.75277328491211	0.9931153411095791
7253.0	20125.0	3.0	1.0	2.0	1	0	0.0	45.75277328491211	0.9931153411095791
7247.0	20127.0	3.0	1.0	2.0	1	0	0.0	45.75277328491211	0.9931153411095791
7199.0	20133.0	2.0	4.0	3.0	1,1	0,3	1.0	45.75277328491211	0.9954049447235537
7210.0	20135.0	5.0	4.0	2.0	3	0	1.0	45.75277328491211	0.9885519212212938
7239.0	20139.0	3.0	4.0	2.0	1	0	1.0	45.75277328491211	0.9931153411095791
7224.0	20141.0	4.0	4.0	2.0	4	0	1.0	45.75277328491211	0.9908310039801009
6965.0	20145.0	5.0	1.0	8.0	1,1,4,1,3,1,4	0,3,1,11,7,7,2	0.0	45.75277328491211	0.9885519212212938
7194.0	20149.0	2.0	4.0	3.0	3,1	0,4	1.0	45.75277328491211	0.9954049447235537
7051.0	20151.0	14.0	4.0	3.0	1,3	0,7	1.0	45.75277328491211	0.9682746380329911
7252.0	20153.0	3.0	4.0	2.0	4	0	1.0	45.75277328491211	0.9931153411095791
7103.0	20155.0	7.0	4.0	3.0	1,4	0,3	1.0	45.75277328491211	0.9840094704996447
7249.0	20157.0	3.0	1.0	2.0	1	0	0.0	45.75277328491211	0.9931153411095791
7225.0	20159.0	4.0	1.0	2.0	1	0	0.0	45.75277328491211	0.9908310039801009
7241.0	20160.0	3.0	1.0	2.0	1	0	0.0	45.75277328491211	0.9931153411095791
7206.0	20161.0	5.0	4.0	2.0	4	0	1.0	45.75277328491211	0.9885519212212938
7209.0	20162.0	5.0	1.0	2.0	1	0	0.0	45.75277328491211	0.9885519212212938
7254.0	20164.0	3.0	4.0	2.0	4	0	1.0	45.75277328491211	0.9931153411095791
7275.0	20188.0	3.0	4.0	2.0	1	0	1.0	45.75277328491211	0.9931153411095791
7217.0	20189.0	5.0	1.0	2.0	1	0	0.0	45.75277328491211	0.9885519212212938
6999.0	20191.0	5.0	1.0	7.0	1,1,1,3,1,4	0,12,7,3,5,2	0.0	45.75277328491211	0.9885519212212938
7317.0	20192.0	1.0	1.0	2.0	1	0	0.0	45.75277328491211	0.9976998269637786
7217.0	20193.0	1.0	1.0	3.0	1,1	0,5	0.0	45.75277328491211	0.9976998269637786
6999.0	20194.0	1.0	4.0	8.0	1,1,1,3,1,4,1	0,12,7,3,5,2,5	1.0	45.75277328491211	0.9976998269637786
7234.0	20195.0	6.0	4.0	2.0	4	0	1.0	45.75277328491211	0.9862780807471956
7272.0	20196.0	4.0	4.0	2.0	4	0	1.0	45.75277328491211	0.9908310039801009
7218.0	20198.0	6.0	4.0	2.0	4	0	1.0	45.75277328491211	0.9862780807471956
7219.0	20199.0	6.0	4.0	2.0	1	0	1.0	45.75277328491211	0.9862780807471956
7232.0	20200.0	6.0	4.0	2.0	4	0	1.0	45.75277328491211	0.9862780807471956
7135.0	20201.0	6.0	4.0	4.0	1,1,4	0,3,2	1.0	45.75277328491211	0.9862780807471956
7226.0	20203.0	6.0	4.0	2.0	4	0	1.0	45.75277328491211	0.9862780807471956
7270.0	20204.0	4.0	4.0	2.0	4	0	1.0	45.75277328491211	0.9908310039801009
7080.0	20205.0	10.0	4.0	3.0	4,4	0,3	1.0	45.75277328491211	0.9772349009503108
7227.0	20206.0	6.0	4.0	2.0	4	0	1.0	45.75277328491211	0.9862780807471956
6984.0	20208.0	23.0	4.0	3.0	4,3	0,14	1.0	45.75277328491211	0.9484132846554268
7264.0	20209.0	4.0	4.0	2.0	4	0	1.0	45.75277328491211	0.9908310039801009
7255.0	20210.0	5.0	4.0	2.0	1	0	1.0	45.75277328491211	0.9885519212212938
7193.0	20211.0	3.0	4.0	3.0	1,1	0,5	1.0	45.75277328491211	0.9931153411095791
7093.0	20213.0	10.0	4.0	3.0	1,4	0,3	1.0	45.75277328491211	0.9772349009503108
7276.0	20214.0	4.0	4.0	2.0	4	0	1.0	45.75277328491211	0.9908310039801009
7223.0	20215.0	6.0	4.0	2.0	1	0	1.0	45.75277328491211	0.9862780807471956
7244.0	20218.0	5.0	4.0	2.0	4	0	1.0	45.75277328491211	0.9885519212212938
7081.0	20219.0	6.0	4.0	4.0	1,1,4	0,5,2	1.0	45.75277328491211	0.9862780807471956
7083.0	20220.0	7.0	4.0	4.0	1,1,4	0,4,2	1.0	45.75277328491211	0.9840094704996447
7222.0	20221.0	6.0	4.0	2.0	4	0	1.0	45.75277328491211	0.9862780807471956
7267.0	20223.0	4.0	4.0	2.0	4	0	1.0	45.75277328491211	0.9908310039801009
7057.0	20224.0	3.0	4.0	4.0	1,4,1	0,3,10	1.0	45.75277328491211	0.9931153411095791
7196.0	20225.0	3.0	4.0	3.0	4,1	0,5	1.0	45.75277328491211	0.9931153411095791
6967.0	20226.0	3.0	4.0	7.0	3,3,1,1,4,1	0,3,12,7,3,10	1.0	45.75277328491211	0.9931153411095791
7265.0	20228.0	4.0	1.0	2.0	1	0	0.0	45.75277328491211	0.9908310039801009
7237.0	20231.0	5.0	4.0	2.0	4	0	1.0	45.75277328491211	0.9885519212212938
7246.0	20233.0	5.0	1.0	2.0	4	0	0.0	45.75277328491211	0.9885519212212938
7028.0	20234.0	6.0	4.0	7.0	1,1,4,3,1,4	0,7,4,7,8,2	1.0	45.75277328491211	0.9862780807471956
7236.0	20235.0	6.0	4.0	2.0	4	0	1.0	45.75277328491211	0.9862780807471956
7273.0	20236.0	4.0	4.0	2.0	1	0	1.0	45.75277328491211	0.9908310039801009
7293.0	20239.0	3.0	4.0	2.0	4	0	1.0	45.75277328491211	0.9931153411095791
7240.0	20241.0	5.0	4.0	2.0	4	0	1.0	45.75277328491211	0.9885519212212938
7209.0	20243.0	2.0	1.0	3.0	1,1	0,5	0.0	45.75277328491211	0.9954049447235537
7280.0	20244.0	3.0	4.0	2.0	4	0	1.0	45.75277328491211	0.9931153411095791
7248.0	20245.0	5.0	1.0	2.0	4	0	0.0	45.75277328491211	0.9885519212212938
7095.0	20246.0	6.0	1.0	5.0	1,1,1,4	0,3,2,2	0.0	45.75277328491211	0.9862780807471956
7249.0	20250.0	2.0	4.0	3.0	1,1	0,3	1.0	45.75277328491211	0.9954049447235537
7085.0	20251.0	6.0	4.0	4.0	1,1,4	0,5,2	1.0	45.75277328491211	0.9862780807471956
7261.0	20253.0	4.0	1.0	2.0	1	0	0.0	45.75277328491211	0.9908310039801009
7286.0	20254.0	3.0	4.0	2.0	4	0	1.0	45.75277328491211	0.9931153411095791
7111.0	20255.0	6.0	1.0	4.0	1,1,4	0,4,2	0.0	45.75277328491211	0.9862780807471956
7281.0	20258.0	3.0	1.0	2.0	1	0	0.0	45.75277328491211	0.9931153411095791
7292.0	20260.0	3.0	1.0	2.0	4	0	0.0	45.75277328491211	0.9931153411095791
7253.0	20261.0	2.0	4.0	3.0	1,1	0,3	1.0	45.75277328491211	0.9954049447235537
7207.0	20263.0	2.0	1.0	3.0	1,1	0,5	0.0	45.75277328491211	0.9954049447235537
7271.0	20265.0	4.0	4.0	2.0	1	0	1.0	45.75277328491211	0.9908310039801009
7256.0	20266.0	5.0	4.0	2.0	4	0	1.0	45.75277328491211	0.9885519212212938
7094.0	20269.0	10.0	4.0	3.0	4,4	0,3	1.0	45.75277328491211	0.9772349009503108
7242.0	20270.0	2.0	1.0	3.0	4,1	0,3	0.0	45.75277328491211	0.9954049447235537
7266.0	20273.0	4.0	4.0	2.0	4	0	1.0	45.75277328491211	0.9908310039801009
7066.0	20275.0	12.0	4.0	3.0	4,4	0,4	1.0	45.75277328491211	0.9727444525623716
7069.0	20278.0	5.0	4.0	6.0	4,1,1,1,4	0,5,2,2,2	1.0	45.75277328491211	0.9885519212212938
7243.0	20280.0	5.0	4.0	2.0	1	0	1.0	45.75277328491211	0.9885519212212938
7247.0	20281.0	2.0	1.0	3.0	1,1	0,3	0.0	45.75277328491211	0.9954049447235537
7284.0	20285.0	3.0	4.0	2.0	4	0	1.0	45.75277328491211	0.9931153411095791
7291.0	20286.0	3.0	4.0	2.0	1	0	1.0	45.75277328491211	0.9931153411095791
7250.0	20288.0	5.0	4.0	2.0	4	0	1.0	45.75277328491211	0.9885519212212938
7251.0	20289.0	5.0	4.0	2.0	1	0	1.0	45.75277328491211	0.9885519212212938
7268.0	20290.0	4.0	4.0	2.0	4	0	1.0	45.75277328491211	0.9908310039801009
6965.0	20291.0	2.0	4.0	9.0	1,1,4,1,3,1,4,1	0,3,1,11,7,7,2,5	1.0	45.75277328491211	0.9954049447235537
7296.0	20293.0	3.0	4.0	2.0	4	0	1.0	45.75277328491211	0.9931153411095791
7278.0	20294.0	3.0	4.0	2.0	4	0	1.0	45.75277328491211	0.9931153411095791
7221.0	20295.0	2.0	1.0	3.0	1,1	0,4	0.0	45.75277328491211	0.9954049447235537
7119.0	20296.0	6.0	4.0	4.0	1,1,4	0,3,2	1.0	45.75277328491211	0.9862780807471956
7294.0	20298.0	3.0	4.0	2.0	4	0	1.0	45.75277328491211	0.9931153411095791
7205.0	20299.0	2.0	1.0	3.0	1,1	0,5	0.0	45.75277328491211	0.9954049447235537
7259.0	20300.0	4.0	1.0	2.0	1	0	0.0	45.75277328491211	0.9908310039801009
7105.0	20301.0	5.0	4.0	4.0	1,1,4	0,5,2	1.0	45.75277328491211	0.9885519212212938
7225.0	20303.0	2.0	1.0	3.0	1,1	0,4	0.0	45.75277328491211	0.9954049447235537
7238.0	20304.0	5.0	4.0	2.0	4	0	1.0	45.75277328491211	0.9885519212212938
7262.0	20305.0	4.0	1.0	2.0	2	0	0.0	45.75277328491211	0.9908310039801009
7099.0	20306.0	6.0	4.0	4.0	1,1,4	0,4,2	1.0	45.75277328491211	0.9862780807471956
7257.0	20308.0	4.0	1.0	2.0	1	0	0.0	45.75277328491211	0.9908310039801009
7187.0	20309.0	2.0	1.0	4.0	1,1,1	0,4,2	0.0	45.75277328491211	0.9954049447235537
7289.0	20310.0	3.0	1.0	2.0	1	0	0.0	45.75277328491211	0.9931153411095791
6945.0	20311.0	5.0	4.0	11.0	1,1,4,1,1,1,1,1,1,4	0,1,2,12,7,3,2,2,2,2	1.0	45.75277328491211	0.9885519212212938
7245.0	20313.0	5.0	1.0	2.0	1	0	0.0	45.75277328491211	0.9885519212212938
7295.0	20314.0	3.0	4.0	2.0	1	0	1.0	45.75277328491211	0.9931153411095791
7241.0	20315.0	2.0	1.0	3.0	1,1	0,3	0.0	45.75277328491211	0.9954049447235537
7263.0	20350.0	5.0	4.0	2.0	4	0	1.0	45.75277328491211	0.9885519212212938
7303.0	20351.0	3.0	1.0	2.0	1	0	0.0	45.75277328491211	0.9931153411095791
7282.0	20353.0	4.0	4.0	2.0	4	0	1.0	45.75277328491211	0.9908310039801009
7172.0	20355.0	7.0	4.0	3.0	4,4	0,3	1.0	45.75277328491211	0.9840094704996447
7290.0	20357.0	4.0	4.0	2.0	4	0	1.0	45.75277328491211	0.9908310039801009
7231.0	20359.0	4.0	1.0	3.0	1,2	0,3	0.0	45.75277328491211	0.9908310039801009
7297.0	20361.0	3.0	4.0	2.0	1	0	1.0	45.75277328491211	0.9931153411095791
7113.0	20363.0	10.0	1.0	3.0	1,4	0,3	0.0	45.75277328491211	0.9772349009503108
7067.0	20365.0	13.0	4.0	3.0	1,4	0,4	1.0	45.75277328491211	0.9705069720014537
7306.0	20371.0	3.0	4.0	2.0	4	0	1.0	45.75277328491211	0.9931153411095791
7106.0	20379.0	10.0	4.0	3.0	4,4	0,3	1.0	45.75277328491211	0.9772349009503108
7301.0	20381.0	3.0	1.0	2.0	1	0	0.0	45.75277328491211	0.9931153411095791
7288.0	20393.0	4.0	4.0	2.0	4	0	1.0	45.75277328491211	0.9908310039801009
7233.0	20401.0	4.0	4.0	3.0	4,2	0,3	1.0	45.75277328491211	0.9908310039801009
7101.0	20403.0	10.0	1.0	3.0	1,4	0,3	0.0	45.75277328491211	0.9772349009503108
7315.0	20405.0	3.0	1.0	2.0	1	0	0.0	45.75277328491211	0.9931153411095791
7108.0	20407.0	10.0	4.0	3.0	4,4	0,3	1.0	45.75277328491211	0.9772349009503108
7098.0	20408.0	10.0	4.0	3.0	4,4	0,3	1.0	45.75277328491211	0.9772349009503108
7277.0	20409.0	4.0	4.0	2.0	1	0	1.0	45.75277328491211	0.9908310039801009
7258.0	20413.0	5.0	4.0	2.0	4	0	1.0	45.75277328491211	0.9885519212212938
6998.0	20414.0	17.0	4.0	4.0	4,1,4	0,12,7	1.0	45.75277328491211	0.9616083974378882
7025.0	20415.0	17.0	1.0	4.0	1,1,4	0,11,7	0.0	45.75277328491211	0.9616083974378882
7274.0	20416.0	5.0	4.0	2.0	4	0	1.0	45.75277328491211	0.9885519212212938
7260.0	20417.0	5.0	4.0	2.0	4	0	1.0	45.75277328491211	0.9885519212212938
7283.0	20418.0	4.0	4.0	2.0	1	0	1.0	45.75277328491211	0.9908310039801009
7110.0	20419.0	10.0	4.0	3.0	3,4	0,3	1.0	45.75277328491211	0.9772349009503108
7128.0	20420.0	9.0	4.0	3.0	4,4	0,3	1.0	45.75277328491211	0.9794878925901521
7314.0	20421.0	3.0	4.0	2.0	4	0	1.0	45.75277328491211	0.9931153411095791
7269.0	20422.0	5.0	4.0	2.0	1	0	1.0	45.75277328491211	0.9885519212212938
7149.0	20423.0	6.0	4.0	4.0	1,1,4	0,3,2	1.0	45.75277328491211	0.9862780807471956
7114.0	20424.0	10.0	4.0	3.0	4,4	0,3	1.0	45.75277328491211	0.9772349009503108
7246.0	20439.0	2.0	2.0	3.0	4,1	0,5	1.0	45.75277328491211	0.9954049447235537
7187.0	20440.0	2.0	4.0	5.0	1,1,1,1	0,4,2,2	1.0	45.75277328491211	0.9954049447235537
7248.0	20441.0	2.0	4.0	3.0	4,1	0,5	1.0	45.75277328491211	0.9954049447235537
7302.0	20443.0	4.0	4.0	2.0	4	0	1.0	45.75277328491211	0.9908310039801009
7217.0	20444.0	2.0	4.0	4.0	1,1,1	0,5,1	1.0	45.75277328491211	0.9954049447235537
6999.0	20446.0	2.0	4.0	9.0	1,1,1,3,1,4,1,4	0,12,7,3,5,2,5,1	1.0	45.75277328491211	0.9954049447235537
7300.0	20447.0	4.0	4.0	2.0	4	0	1.0	45.75277328491211	0.9908310039801009
7289.0	20449.0	2.0	1.0	3.0	1,1	0,3	0.0	45.75277328491211	0.9954049447235537
7207.0	20452.0	2.0	1.0	4.0	1,1,1	0,5,2	0.0	45.75277328491211	0.9954049447235537
7221.0	20453.0	2.0	4.0	4.0	1,1,1	0,4,2	1.0	45.75277328491211	0.9954049447235537
7171.0	20455.0	6.0	4.0	4.0	1,1,4	0,3,2	1.0	45.75277328491211	0.9862780807471956
7104.0	20456.0	11.0	4.0	3.0	4,4	0,3	1.0	45.75277328491211	0.9749870915810904
7134.0	20458.0	10.0	4.0	3.0	4,4	0,3	1.0	45.75277328491211	0.9772349009503108
7257.0	20459.0	2.0	4.0	3.0	1,1	0,4	1.0	45.75277328491211	0.9954049447235537
7285.0	20461.0	5.0	4.0	2.0	1	0	1.0	45.75277328491211	0.9885519212212938
7174.0	20462.0	8.0	4.0	3.0	4,4	0,3	1.0	45.75277328491211	0.9817460784482148
7245.0	20464.0	2.0	4.0	3.0	1,1	0,5	1.0	45.75277328491211	0.9954049447235537
7287.0	20465.0	5.0	1.0	2.0	1	0	0.0	45.75277328491211	0.9885519212212938
7209.0	20467.0	2.0	4.0	4.0	1,1,1	0,5,2	1.0	45.75277328491211	0.9954049447235537
7281.0	20470.0	2.0	4.0	3.0	1,1	0,3	1.0	45.75277328491211	0.9954049447235537
7059.0	20471.0	14.0	4.0	3.0	4,4	0,4	1.0	45.75277328491211	0.9682746380329911
6989.0	20473.0	10.0	1.0	9.0	1,1,4,1,1,1,4,4	0,2,1,11,7,3,1,4	0.0	45.75277328491211	0.9772349009503108
7242.0	20474.0	2.0	4.0	4.0	4,1,1	0,3,2	1.0	45.75277328491211	0.9954049447235537
7298.0	20476.0	4.0	4.0	2.0	4	0	1.0	45.75277328491211	0.9908310039801009
7178.0	20477.0	7.0	4.0	3.0	4,4	0,3	1.0	45.75277328491211	0.9840094704996447
7259.0	20479.0	2.0	4.0	3.0	1,1	0,4	1.0	45.75277328491211	0.9954049447235537
7304.0	20480.0	4.0	4.0	2.0	3	0	1.0	45.75277328491211	0.9908310039801009
7265.0	20482.0	2.0	4.0	3.0	1,1	0,4	1.0	45.75277328491211	0.9954049447235537
7159.0	20483.0	6.0	4.0	4.0	1,1,4	0,3,2	1.0	45.75277328491211	0.9862780807471956
7305.0	20485.0	4.0	2.0	2.0	1	0	1.0	45.75277328491211	0.9908310039801009
7111.0	20486.0	2.0	4.0	5.0	1,1,4,1	0,4,2,6	1.0	45.75277328491211	0.9954049447235537
7262.0	20488.0	2.0	2.0	3.0	2,1	0,4	1.0	45.75277328491211	0.9954049447235537
7095.0	20491.0	2.0	4.0	6.0	1,1,1,4,1	0,3,2,2,6	1.0	45.75277328491211	0.9954049447235537
7279.0	20492.0	5.0	1.0	2.0	1	0	0.0	45.75277328491211	0.9885519212212938
7312.0	20494.0	4.0	4.0	2.0	4	0	1.0	45.75277328491211	0.9908310039801009
7205.0	20495.0	2.0	4.0	4.0	1,1,1	0,5,2	1.0	45.75277328491211	0.9954049447235537
7225.0	20497.0	2.0	4.0	4.0	1,1,1	0,4,2	1.0	45.75277328491211	0.9954049447235537
7292.0	20498.0	2.0	4.0	3.0	4,1	0,3	1.0	45.75277328491211	0.9954049447235537
7261.0	20500.0	2.0	4.0	3.0	1,1	0,4	1.0	45.75277328491211	0.9954049447235537
7241.0	20501.0	2.0	4.0	4.0	1,1,1	0,3,2	1.0	45.75277328491211	0.9954049447235537
7247.0	20504.0	2.0	4.0	4.0	1,1,1	0,3,2	1.0	45.75277328491211	0.9954049447235537
6963.0	20514.0	19.0	4.0	5.0	3,4,1,4	0,4,11,7	1.0	45.75277328491211	0.957189753697366
7145.0	20515.0	6.0	4.0	5.0	1,1,1,4	0,3,2,2	1.0	45.75277328491211	0.9862780807471956
7316.0	20516.0	5.0	4.0	2.0	4	0	1.0	45.75277328491211	0.9885519212212938
7089.0	20518.0	12.0	4.0	3.0	1,4	0,4	1.0	45.75277328491211	0.9727444525623716
7143.0	20519.0	10.0	4.0	3.0	1,4	0,3	1.0	45.75277328491211	0.9772349009503108
7037.0	20521.0	19.0	4.0	3.0	1,4	0,7	1.0	45.75277328491211	0.957189753697366
7337.0	20522.0	3.0	4.0	2.0	1	0	1.0	45.75277328491211	0.9931153411095791
7317.0	20524.0	3.0	1.0	3.0	1,1	0,1	0.0	45.75277328491211	0.9931153411095791
7231.0	20525.0	2.0	4.0	4.0	1,2,1	0,3,4	1.0	45.75277328491211	0.9954049447235537
7101.0	20527.0	2.0	4.0	4.0	1,4,1	0,3,10	1.0	45.75277328491211	0.9954049447235537
7141.0	20528.0	10.0	4.0	3.0	4,4	0,3	1.0	45.75277328491211	0.9772349009503108
7299.0	20530.0	5.0	1.0	2.0	1	0	0.0	45.75277328491211	0.9885519212212938
7116.0	20531.0	11.0	4.0	3.0	3,4	0,4	1.0	45.75277328491211	0.9749870915810904
7303.0	20533.0	2.0	1.0	3.0	1,1	0,3	0.0	45.75277328491211	0.9954049447235537
7313.0	20534.0	5.0	4.0	2.0	4	0	1.0	45.75277328491211	0.9885519212212938
7336.0	20536.0	3.0	4.0	2.0	4	0	1.0	45.75277328491211	0.9931153411095791
7040.0	20537.0	19.0	4.0	3.0	4,4	0,7	1.0	45.75277328491211	0.957189753697366
7326.0	20539.0	3.0	4.0	2.0	4	0	1.0	45.75277328491211	0.9931153411095791
7322.0	20540.0	3.0	4.0	2.0	4	0	1.0	45.75277328491211	0.9931153411095791
7064.0	20542.0	15.0	4.0	3.0	4,4	0,4	1.0	45.75277328491211	0.9660474388189305
7084.0	20543.0	12.0	4.0	3.0	4,4	0,4	1.0	45.75277328491211	0.9727444525623716
7307.0	20546.0	5.0	4.0	2.0	4	0	1.0	45.75277328491211	0.9885519212212938
7113.0	20548.0	2.0	4.0	4.0	1,4,1	0,3,10	1.0	45.75277328491211	0.9954049447235537
7186.0	20549.0	8.0	4.0	3.0	4,4	0,3	1.0	45.75277328491211	0.9817460784482148
7311.0	20551.0	5.0	4.0	2.0	4	0	1.0	45.75277328491211	0.9885519212212938
7074.0	20552.0	14.0	4.0	3.0	3,4	0,5	1.0	45.75277328491211	0.9682746380329911
7179.0	20557.0	6.0	4.0	4.0	1,1,4	0,3,2	1.0	45.75277328491211	0.9862780807471956
7309.0	20560.0	5.0	4.0	2.0	1	0	1.0	45.75277328491211	0.9885519212212938
7068.0	20561.0	14.0	4.0	3.0	4,4	0,5	1.0	45.75277328491211	0.9682746380329911
7025.0	20563.0	2.0	1.0	5.0	1,1,4,1	0,11,7,17	0.0	45.75277328491211	0.9954049447235537
7301.0	20564.0	2.0	4.0	3.0	1,1	0,3	1.0	45.75277328491211	0.9954049447235537
7048.0	20566.0	19.0	4.0	3.0	4,4	0,7	1.0	45.75277328491211	0.957189753697366
7147.0	20567.0	10.0	1.0	3.0	1,4	0,3	0.0	45.75277328491211	0.9772349009503108
7044.0	20569.0	19.0	4.0	3.0	4,4	0,7	1.0	45.75277328491211	0.957189753697366
7181.0	20570.0	6.0	4.0	4.0	1,1,4	0,3,2	1.0	45.75277328491211	0.9862780807471956
7320.0	20572.0	3.0	4.0	2.0	4	0	1.0	45.75277328491211	0.9931153411095791
7199.0	20573.0	5.0	4.0	4.0	1,1,4	0,3,2	1.0	45.75277328491211	0.9885519212212938
7310.0	20575.0	5.0	4.0	2.0	4	0	1.0	45.75277328491211	0.9885519212212938
7335.0	20576.0	3.0	4.0	2.0	1	0	1.0	45.75277328491211	0.9931153411095791
7102.0	20578.0	11.0	4.0	3.0	4,4	0,4	1.0	45.75277328491211	0.9749870915810904
7315.0	20579.0	2.0	4.0	3.0	1,1	0,3	1.0	45.75277328491211	0.9954049447235537
7308.0	20581.0	5.0	4.0	2.0	4	0	1.0	45.75277328491211	0.9885519212212938
7168.0	20593.0	10.0	4.0	3.0	4,4	0,3	1.0	45.75277328491211	0.9772349009503108
7082.0	20594.0	13.0	4.0	3.0	4,4	0,4	1.0	45.75277328491211	0.9705069720014537
7212.0	20596.0	8.0	4.0	3.0	4,4	0,3	1.0	45.75277328491211	0.9817460784482148
7346.0	20598.0	3.0	1.0	2.0	1	0	0.0	45.75277328491211	0.9931153411095791
7165.0	20600.0	10.0	1.0	3.0	4,4	0,3	0.0	45.75277328491211	0.9772349009503108
7042.0	20602.0	20.0	4.0	3.0	4,4	0,7	1.0	45.75277328491211	0.9549880516353639
7192.0	20606.0	9.0	4.0	3.0	4,4	0,3	1.0	45.75277328491211	0.9794878925901521
7354.0	20608.0	3.0	4.0	2.0	3	0	1.0	45.75277328491211	0.9931153411095791
7052.0	20610.0	20.0	4.0	3.0	4,4	0,7	1.0	45.75277328491211	0.9549880516353639
7349.0	20620.0	3.0	4.0	2.0	1	0	1.0	45.75277328491211	0.9931153411095791
7348.0	20622.0	3.0	4.0	2.0	4	0	1.0	45.75277328491211	0.9931153411095791
7216.0	20624.0	8.0	4.0	3.0	4,4	0,3	1.0	45.75277328491211	0.9817460784482148
7152.0	20626.0	11.0	4.0	3.0	4,4	0,3	1.0	45.75277328491211	0.9749870915810904
7087.0	20628.0	13.0	1.0	3.0	1,4	0,4	0.0	45.75277328491211	0.9705069720014537
7207.0	20630.0	2.0	1.0	5.0	1,1,1,1	0,5,2,2	0.0	45.75277328491211	0.9954049447235537
6989.0	20636.0	2.0	4.0	10.0	1,1,4,1,1,1,4,4,1	0,2,1,11,7,3,1,4,10	1.0	45.75277328491211	0.9954049447235537
7060.0	20638.0	15.0	4.0	3.0	4,4	0,5	1.0	45.75277328491211	0.9660474388189305
7344.0	20640.0	3.0	1.0	2.0	3	0	0.0	45.75277328491211	0.9931153411095791
6997.0	20642.0	20.0	4.0	4.0	1,1,4	0,12,7	1.0	45.75277328491211	0.9549880516353639
7289.0	20644.0	2.0	1.0	4.0	1,1,1	0,3,2	0.0	45.75277328491211	0.9954049447235537
7194.0	20646.0	6.0	4.0	4.0	3,1,4	0,4,2	1.0	45.75277328491211	0.9862780807471956
7287.0	20648.0	2.0	4.0	3.0	1,1	0,5	1.0	45.75277328491211	0.9954049447235537
7356.0	20650.0	3.0	4.0	2.0	4	0	1.0	45.75277328491211	0.9931153411095791
7164.0	20651.0	10.0	4.0	3.0	4,4	0,3	1.0	45.75277328491211	0.9772349009503108
7047.0	20652.0	20.0	4.0	3.0	4,4	0,7	1.0	45.75277328491211	0.9549880516353639
7077.0	20653.0	13.0	4.0	3.0	4,4	0,4	1.0	45.75277328491211	0.9705069720014537
7332.0	20654.0	4.0	4.0	2.0	4	0	1.0	45.75277328491211	0.9908310039801009
7279.0	20655.0	2.0	4.0	3.0	1,1	0,5	1.0	45.75277328491211	0.9954049447235537
6950.0	20656.0	31.0	4.0	4.0	3,4,4	0,1,10	1.0	45.75277328491211	0.9311010229586557
7197.0	20657.0	8.0	4.0	3.0	1,4	0,3	1.0	45.75277328491211	0.9817460784482148
7126.0	20658.0	11.0	4.0	3.0	3,4	0,4	1.0	45.75277328491211	0.9749870915810904
7137.0	20659.0	11.0	4.0	3.0	4,4	0,3	1.0	45.75277328491211	0.9749870915810904
7153.0	20660.0	11.0	4.0	3.0	4,4	0,3	1.0	45.75277328491211	0.9749870915810904
7353.0	20661.0	3.0	4.0	2.0	1	0	1.0	45.75277328491211	0.9931153411095791
7355.0	20668.0	4.0	2.0	2.0	1	0	1.0	45.75277328491211	0.9908310039801009
7363.0	20669.0	3.0	4.0	2.0	4	0	1.0	45.75277328491211	0.9931153411095791
7246.0	20670.0	3.0	4.0	4.0	4,1,2	0,5,2	1.0	45.75277328491211	0.9931153411095791
7327.0	20672.0	5.0	4.0	2.0	1	0	1.0	45.75277328491211	0.9885519212212938
7262.0	20673.0	3.0	1.0	4.0	2,1,2	0,4,2	0.0	45.75277328491211	0.9931153411095791
7352.0	20675.0	4.0	4.0	2.0	4	0	1.0	45.75277328491211	0.9908310039801009
7331.0	20676.0	5.0	4.0	2.0	1	0	1.0	45.75277328491211	0.9885519212212938
7170.0	20678.0	11.0	4.0	3.0	4,4	0,3	1.0	45.75277328491211	0.9749870915810904
7317.0	20679.0	2.0	1.0	4.0	1,1,1	0,1,3	0.0	45.75277328491211	0.9954049447235537
7369.0	20681.0	3.0	4.0	2.0	1	0	1.0	45.75277328491211	0.9931153411095791
7323.0	20682.0	5.0	1.0	2.0	1	0	0.0	45.75277328491211	0.9885519212212938
7144.0	20687.0	11.0	4.0	3.0	4,4	0,4	1.0	45.75277328491211	0.9749870915810904
7230.0	20688.0	8.0	4.0	3.0	4,4	0,3	1.0	45.75277328491211	0.9817460784482148
7366.0	20690.0	3.0	4.0	2.0	4	0	1.0	45.75277328491211	0.9931153411095791
7177.0	20691.0	10.0	4.0	3.0	1,4	0,3	1.0	45.75277328491211	0.9772349009503108
7025.0	20693.0	2.0	1.0	6.0	1,1,4,1,1	0,11,7,17,2	0.0	45.75277328491211	0.9954049447235537
7333.0	20694.0	5.0	1.0	2.0	1	0	0.0	45.75277328491211	0.9885519212212938
7330.0	20696.0	5.0	4.0	2.0	4	0	1.0	45.75277328491211	0.9885519212212938
7065.0	20697.0	16.0	4.0	3.0	1,4	0,5	1.0	45.75277328491211	0.9638253625484484
7086.0	20700.0	14.0	4.0	3.0	4,4	0,4	1.0	45.75277328491211	0.9682746380329911
7041.0	20702.0	21.0	4.0	3.0	4,4	0,7	1.0	45.75277328491211	0.9527914138690786
7147.0	20705.0	2.0	1.0	4.0	1,4,1	0,3,10	0.0	45.75277328491211	0.9954049447235537
7319.0	20708.0	5.0	1.0	2.0	1	0	0.0	45.75277328491211	0.9885519212212938
7235.0	20711.0	8.0	4.0	3.0	4,4	0,3	1.0	45.75277328491211	0.9817460784482148
7343.0	20712.0	4.0	1.0	2.0	1	0	0.0	45.75277328491211	0.9908310039801009
7339.0	20714.0	4.0	1.0	2.0	1	0	0.0	45.75277328491211	0.9908310039801009
6943.0	20715.0	21.0	4.0	6.0	1,2,4,1,4	0,1,2,12,7	1.0	45.75277328491211	0.9527914138690786
7350.0	20717.0	4.0	4.0	2.0	4	0	1.0	45.75277328491211	0.9908310039801009
7184.0	20718.0	10.0	4.0	3.0	4,4	0,3	1.0	45.75277328491211	0.9772349009503108
7076.0	20720.0	16.0	4.0	3.0	4,4	0,5	1.0	45.75277328491211	0.9638253625484484
7043.0	20721.0	21.0	4.0	3.0	4,4	0,7	1.0	45.75277328491211	0.9527914138690786
7023.0	20723.0	21.0	4.0	4.0	1,1,4	0,11,7	1.0	45.75277328491211	0.9527914138690786
7096.0	20724.0	14.0	4.0	3.0	4,4	0,4	1.0	45.75277328491211	0.9682746380329911
7299.0	20726.0	2.0	4.0	3.0	1,1	0,5	1.0	45.75277328491211	0.9954049447235537
7325.0	20727.0	5.0	4.0	2.0	1	0	1.0	45.75277328491211	0.9885519212212938
7091.0	20729.0	14.0	4.0	3.0	1,4	0,4	1.0	45.75277328491211	0.9682746380329911
7130.0	20730.0	12.0	4.0	3.0	4,4	0,4	1.0	45.75277328491211	0.9727444525623716
7115.0	20732.0	13.0	4.0	3.0	1,4	0,4	1.0	45.75277328491211	0.9705069720014537
7180.0	20733.0	10.0	4.0	3.0	4,4	0,3	1.0	45.75277328491211	0.9772349009503108
7039.0	20735.0	21.0	4.0	3.0	4,4	0,7	1.0	45.75277328491211	0.9527914138690786
7347.0	20736.0	4.0	1.0	2.0	1	0	0.0	45.75277328491211	0.9908310039801009
7362.0	20738.0	3.0	4.0	2.0	4	0	1.0	45.75277328491211	0.9931153411095791
7303.0	20739.0	2.0	4.0	4.0	1,1,1	0,3,2	1.0	45.75277328491211	0.9954049447235537
7328.0	20741.0	5.0	4.0	2.0	4	0	1.0	45.75277328491211	0.9885519212212938
7324.0	20742.0	5.0	1.0	2.0	1	0	0.0	45.75277328491211	0.9885519212212938
7318.0	20744.0	5.0	4.0	2.0	4	0	1.0	45.75277328491211	0.9885519212212938
7148.0	20745.0	11.0	4.0	3.0	4,4	0,4	1.0	45.75277328491211	0.9749870915810904
7329.0	20747.0	5.0	4.0	2.0	1	0	1.0	45.75277328491211	0.9885519212212938
7334.0	20748.0	5.0	4.0	2.0	1	0	1.0	45.75277328491211	0.9885519212212938
7340.0	20750.0	4.0	4.0	2.0	4	0	1.0	45.75277328491211	0.9908310039801009
7321.0	20751.0	5.0	4.0	2.0	4	0	1.0	45.75277328491211	0.9885519212212938
7361.0	20752.0	3.0	4.0	2.0	4	0	1.0	45.75277328491211	0.9931153411095791
7384.0	20766.0	3.0	4.0	2.0	4	0	1.0	45.75277328491211	0.9931153411095791
7381.0	20767.0	3.0	4.0	2.0	1	0	1.0	45.75277328491211	0.9931153411095791
7396.0	20768.0	3.0	4.0	2.0	4	0	1.0	45.75277328491211	0.9931153411095791
7249.0	20770.0	6.0	4.0	4.0	1,1,4	0,3,2	1.0	45.75277328491211	0.9862780807471956
7207.0	20773.0	2.0	4.0	6.0	1,1,1,1,1	0,5,2,2,2	1.0	45.75277328491211	0.9954049447235537
7165.0	20774.0	2.0	4.0	4.0	4,4,1	0,3,10	1.0	45.75277328491211	0.9954049447235537
7341.0	20776.0	5.0	4.0	2.0	1	0	1.0	45.75277328491211	0.9885519212212938
7127.0	20777.0	13.0	4.0	3.0	4,4	0,4	1.0	45.75277328491211	0.9705069720014537
7173.0	20779.0	11.0	1.0	3.0	1,4	0,4	0.0	45.75277328491211	0.9749870915810904
7393.0	20780.0	3.0	4.0	2.0	1	0	1.0	45.75277328491211	0.9931153411095791
7120.0	20782.0	13.0	4.0	3.0	4,4	0,4	1.0	45.75277328491211	0.9705069720014537
7138.0	20783.0	12.0	4.0	3.0	4,4	0,4	1.0	45.75277328491211	0.9727444525623716
7046.0	20785.0	22.0	4.0	3.0	4,4	0,7	1.0	45.75277328491211	0.9505998287497537
7371.0	20786.0	4.0	4.0	2.0	4	0	1.0	45.75277328491211	0.9908310039801009
7357.0	20788.0	5.0	1.0	2.0	1	0	0.0	45.75277328491211	0.9885519212212938
7087.0	20789.0	2.0	4.0	4.0	1,4,1	0,4,13	1.0	45.75277328491211	0.9954049447235537
7338.0	20792.0	5.0	4.0	2.0	4	0	1.0	45.75277328491211	0.9885519212212938
7345.0	20794.0	5.0	1.0	2.0	1	0	0.0	45.75277328491211	0.9885519212212938
7078.0	20795.0	14.0	4.0	3.0	4,4	0,5	1.0	45.75277328491211	0.9682746380329911
7351.0	20798.0	5.0	4.0	2.0	1	0	1.0	45.75277328491211	0.9885519212212938
7253.0	20801.0	6.0	4.0	4.0	1,1,4	0,3,2	1.0	45.75277328491211	0.9862780807471956
7359.0	20803.0	4.0	1.0	2.0	1	0	0.0	45.75277328491211	0.9908310039801009
6967.0	20806.0	6.0	1.0	8.0	3,3,1,1,4,1,4	0,3,12,7,3,10,3	0.0	45.75277328491211	0.9862780807471956
7239.0	20810.0	8.0	4.0	3.0	1,4	0,3	1.0	45.75277328491211	0.9817460784482148
7056.0	20812.0	22.0	4.0	3.0	4,4	0,7	1.0	45.75277328491211	0.9505998287497537
7204.0	20813.0	10.0	4.0	3.0	4,4	0,3	1.0	45.75277328491211	0.9772349009503108
7063.0	20815.0	17.0	4.0	3.0	1,4	0,5	1.0	45.75277328491211	0.9616083974378882
7122.0	20818.0	13.0	4.0	3.0	4,4	0,4	1.0	45.75277328491211	0.9705069720014537
7029.0	20819.0	22.0	4.0	4.0	1,1,4	0,11,7	1.0	45.75277328491211	0.9505998287497537
6965.0	20821.0	6.0	4.0	10.0	1,1,4,1,3,1,4,1,4	0,3,1,11,7,7,2,5,2	1.0	45.75277328491211	0.9862780807471956
7132.0	20824.0	13.0	4.0	3.0	4,4	0,4	1.0	45.75277328491211	0.9705069720014537
7373.0	20825.0	4.0	4.0	2.0	4	0	1.0	45.75277328491211	0.9908310039801009
7380.0	20827.0	3.0	4.0	2.0	4	0	1.0	45.75277328491211	0.9931153411095791
7289.0	20828.0	2.0	4.0	5.0	1,1,1,1	0,3,2,2	1.0	45.75277328491211	0.9954049447235537
7038.0	20830.0	22.0	4.0	3.0	4,4	0,7	1.0	45.75277328491211	0.9505998287497537
7344.0	20831.0	2.0	4.0	3.0	3,1	0,3	1.0	45.75277328491211	0.9954049447235537
6958.0	20833.0	33.0	4.0	3.0	4,4	0,11	1.0	45.75277328491211	0.926822562290205
7220.0	20834.0	9.0	4.0	3.0	4,4	0,3	1.0	45.75277328491211	0.9794878925901521
7055.0	20836.0	22.0	4.0	3.0	4,4	0,7	1.0	45.75277328491211	0.9505998287497537
7346.0	20837.0	2.0	4.0	3.0	1,1	0,3	1.0	45.75277328491211	0.9954049447235537
7342.0	20839.0	5.0	4.0	2.0	4	0	1.0	45.75277328491211	0.9885519212212938
7166.0	20840.0	11.0	4.0	3.0	4,4	0,4	1.0	45.75277328491211	0.9749870915810904
7254.0	20842.0	8.0	4.0	3.0	4,4	0,3	1.0	45.75277328491211	0.9817460784482148
7248.0	20851.0	4.0	3.0	4.0	4,1,4	0,5,2	1.0	45.75277328491211	0.9908310039801009
7104.0	20917.0	7.0	4.0	4.0	4,4,4	0,3,11	1.0	45.75277328491211	0.9840094704996447
7262.0	20918.0	4.0	2.0	5.0	2,1,2,1	0,4,2,3	1.0	45.75277328491211	0.9908310039801009
7209.0	20919.0	7.0	4.0	5.0	1,1,1,4	0,5,2,2	1.0	45.75277328491211	0.9840094704996447
7134.0	20920.0	7.0	4.0	4.0	4,4,4	0,3,10	1.0	45.75277328491211	0.9840094704996447
7174.0	20921.0	7.0	4.0	4.0	4,4,4	0,3,8	1.0	45.75277328491211	0.9840094704996447
7265.0	20923.0	7.0	4.0	4.0	1,1,4	0,4,2	1.0	45.75277328491211	0.9840094704996447
7245.0	20924.0	7.0	1.0	4.0	1,1,4	0,5,2	0.0	45.75277328491211	0.9840094704996447
7217.0	20925.0	7.0	4.0	5.0	1,1,1,4	0,5,1,2	1.0	45.75277328491211	0.9840094704996447
7287.0	20926.0	5.0	4.0	4.0	1,1,4	0,5,2	1.0	45.75277328491211	0.9885519212212938
7259.0	20928.0	7.0	4.0	4.0	1,1,4	0,4,2	1.0	45.75277328491211	0.9840094704996447
7257.0	20929.0	7.0	4.0	4.0	1,1,4	0,4,2	1.0	45.75277328491211	0.9840094704996447
7159.0	20930.0	7.0	4.0	5.0	1,1,4,4	0,3,2,6	1.0	45.75277328491211	0.9840094704996447
7242.0	20931.0	7.0	4.0	5.0	4,1,1,4	0,3,2,2	1.0	45.75277328491211	0.9840094704996447
7289.0	20933.0	3.0	4.0	6.0	1,1,1,1,4	0,3,2,2,2	1.0	45.75277328491211	0.9931153411095791
7059.0	20934.0	7.0	4.0	4.0	4,4,4	0,4,14	1.0	45.75277328491211	0.9840094704996447
7302.0	20935.0	7.0	4.0	3.0	4,4	0,4	1.0	45.75277328491211	0.9840094704996447
7171.0	20936.0	7.0	4.0	5.0	1,1,4,4	0,3,2,6	1.0	45.75277328491211	0.9840094704996447
7292.0	20938.0	7.0	4.0	4.0	4,1,4	0,3,2	1.0	45.75277328491211	0.9840094704996447
7298.0	20939.0	7.0	4.0	3.0	4,4	0,4	1.0	45.75277328491211	0.9840094704996447
7187.0	20940.0	7.0	4.0	6.0	1,1,1,1,4	0,4,2,2,2	1.0	45.75277328491211	0.9840094704996447
7285.0	20941.0	7.0	4.0	3.0	1,4	0,5	1.0	45.75277328491211	0.9840094704996447
7335.0	20943.0	6.0	4.0	3.0	1,4	0,3	1.0	45.75277328491211	0.9862780807471956
7308.0	20944.0	6.0	4.0	3.0	4,4	0,5	1.0	45.75277328491211	0.9862780807471956
7316.0	20945.0	6.0	4.0	3.0	4,4	0,5	1.0	45.75277328491211	0.9862780807471956
7044.0	20946.0	6.0	4.0	4.0	4,4,4	0,7,19	1.0	45.75277328491211	0.9862780807471956
7113.0	20948.0	6.0	4.0	5.0	1,4,1,4	0,3,10,2	1.0	45.75277328491211	0.9862780807471956
7199.0	20949.0	6.0	4.0	5.0	1,1,4,4	0,3,2,5	1.0	45.75277328491211	0.9862780807471956
7326.0	20950.0	6.0	4.0	3.0	4,4	0,3	1.0	45.75277328491211	0.9862780807471956
7141.0	20951.0	6.0	4.0	4.0	4,4,4	0,3,10	1.0	45.75277328491211	0.9862780807471956
7084.0	20953.0	6.0	4.0	4.0	4,4,4	0,4,12	1.0	45.75277328491211	0.9862780807471956
7025.0	20954.0	4.0	1.0	7.0	1,1,4,1,1,1	0,11,7,17,2,2	0.0	45.75277328491211	0.9908310039801009
7040.0	20956.0	6.0	4.0	4.0	4,4,4	0,7,19	1.0	45.75277328491211	0.9862780807471956
7068.0	20958.0	6.0	4.0	4.0	4,4,4	0,5,14	1.0	45.75277328491211	0.9862780807471956
7320.0	20959.0	6.0	4.0	3.0	4,4	0,3	1.0	45.75277328491211	0.9862780807471956
7074.0	20960.0	6.0	4.0	4.0	3,4,4	0,5,14	1.0	45.75277328491211	0.9862780807471956
7147.0	20961.0	4.0	4.0	5.0	1,4,1,1	0,3,10,2	1.0	45.75277328491211	0.9908310039801009
6963.0	20963.0	6.0	4.0	6.0	3,4,1,4,4	0,4,11,7,19	1.0	45.75277328491211	0.9862780807471956
7231.0	20964.0	6.0	4.0	5.0	1,2,1,4	0,3,4,2	1.0	45.75277328491211	0.9862780807471956
7317.0	20965.0	4.0	4.0	5.0	1,1,1,1	0,1,3,2	1.0	45.75277328491211	0.9908310039801009
7310.0	20966.0	6.0	4.0	3.0	4,4	0,5	1.0	45.75277328491211	0.9862780807471956
7077.0	20968.0	5.0	4.0	4.0	4,4,4	0,4,13	1.0	45.75277328491211	0.9885519212212938
7332.0	20969.0	5.0	4.0	3.0	4,4	0,4	1.0	45.75277328491211	0.9885519212212938
7344.0	20971.0	3.0	4.0	4.0	3,1,4	0,3,2	1.0	45.75277328491211	0.9931153411095791
7087.0	20973.0	3.0	4.0	5.0	1,4,1,4	0,4,13,2	1.0	45.75277328491211	0.9931153411095791
7354.0	20974.0	5.0	4.0	3.0	3,4	0,3	1.0	45.75277328491211	0.9885519212212938
7082.0	20975.0	5.0	4.0	4.0	4,4,4	0,4,13	1.0	45.75277328491211	0.9885519212212938
7164.0	20976.0	5.0	4.0	4.0	4,4,4	0,3,10	1.0	45.75277328491211	0.9885519212212938
7153.0	20978.0	5.0	4.0	4.0	4,4,4	0,3,11	1.0	45.75277328491211	0.9885519212212938
7241.0	20979.0	7.0	4.0	5.0	1,1,1,4	0,3,2,2	1.0	45.75277328491211	0.9840094704996447
7315.0	20980.0	6.0	4.0	4.0	1,1,4	0,3,2	1.0	45.75277328491211	0.9862780807471956
7307.0	20981.0	6.0	4.0	3.0	4,4	0,5	1.0	45.75277328491211	0.9862780807471956
7356.0	20983.0	5.0	4.0	3.0	4,4	0,3	1.0	45.75277328491211	0.9885519212212938
7349.0	20984.0	5.0	4.0	3.0	1,4	0,3	1.0	45.75277328491211	0.9885519212212938
6950.0	20985.0	5.0	4.0	5.0	3,4,4,4	0,1,10,31	1.0	45.75277328491211	0.9885519212212938
7137.0	20986.0	5.0	4.0	4.0	4,4,4	0,3,11	1.0	45.75277328491211	0.9885519212212938
7353.0	20988.0	5.0	4.0	3.0	1,4	0,3	1.0	45.75277328491211	0.9885519212212938
6997.0	20990.0	5.0	4.0	5.0	1,1,4,4	0,12,7,20	1.0	45.75277328491211	0.9885519212212938
7216.0	20991.0	5.0	4.0	4.0	4,4,4	0,3,8	1.0	45.75277328491211	0.9885519212212938
7168.0	20993.0	5.0	4.0	4.0	4,4,4	0,3,10	1.0	45.75277328491211	0.9885519212212938
7126.0	20994.0	5.0	4.0	4.0	3,4,4	0,4,11	1.0	45.75277328491211	0.9885519212212938
7152.0	20995.0	5.0	4.0	4.0	4,4,4	0,3,11	1.0	45.75277328491211	0.9885519212212938
7347.0	20996.0	4.0	4.0	3.0	1,1	0,4	1.0	45.75277328491211	0.9908310039801009
7023.0	20998.0	4.0	4.0	5.0	1,1,4,4	0,11,7,21	1.0	45.75277328491211	0.9908310039801009
7115.0	20999.0	4.0	4.0	4.0	1,4,4	0,4,13	1.0	45.75277328491211	0.9908310039801009
7321.0	21000.0	4.0	4.0	3.0	4,4	0,5	1.0	45.75277328491211	0.9908310039801009
7334.0	21001.0	4.0	4.0	3.0	1,4	0,5	1.0	45.75277328491211	0.9908310039801009
7323.0	21003.0	4.0	1.0	3.0	1,1	0,5	0.0	45.75277328491211	0.9908310039801009
7065.0	21004.0	4.0	4.0	4.0	1,4,4	0,5,16	1.0	45.75277328491211	0.9908310039801009
7343.0	21005.0	4.0	4.0	3.0	1,1	0,4	1.0	45.75277328491211	0.9908310039801009
7331.0	21006.0	4.0	4.0	3.0	1,4	0,5	1.0	45.75277328491211	0.9908310039801009
7184.0	21008.0	4.0	4.0	4.0	4,4,4	0,3,10	1.0	45.75277328491211	0.9908310039801009
7328.0	21009.0	4.0	4.0	3.0	4,4	0,5	1.0	45.75277328491211	0.9908310039801009
7352.0	21010.0	4.0	4.0	3.0	4,4	0,4	1.0	45.75277328491211	0.9908310039801009
7076.0	21011.0	4.0	4.0	4.0	4,4,4	0,5,16	1.0	45.75277328491211	0.9908310039801009
7148.0	21013.0	4.0	4.0	4.0	4,4,4	0,4,11	1.0	45.75277328491211	0.9908310039801009
7340.0	21014.0	4.0	4.0	3.0	4,4	0,4	1.0	45.75277328491211	0.9908310039801009
7130.0	21015.0	4.0	4.0	4.0	4,4,4	0,4,12	1.0	45.75277328491211	0.9908310039801009
7170.0	21016.0	4.0	4.0	4.0	4,4,4	0,3,11	1.0	45.75277328491211	0.9908310039801009
7342.0	21018.0	3.0	4.0	3.0	4,4	0,5	1.0	45.75277328491211	0.9931153411095791
7254.0	21019.0	3.0	4.0	4.0	4,4,4	0,3,8	1.0	45.75277328491211	0.9931153411095791
7120.0	21020.0	3.0	4.0	4.0	4,4,4	0,4,13	1.0	45.75277328491211	0.9931153411095791
7173.0	21022.0	3.0	4.0	4.0	1,4,1	0,4,11	1.0	45.75277328491211	0.9931153411095791
7078.0	21023.0	3.0	4.0	4.0	4,4,4	0,5,14	1.0	45.75277328491211	0.9931153411095791
7055.0	21025.0	3.0	4.0	4.0	4,4,4	0,7,22	1.0	45.75277328491211	0.9931153411095791
7204.0	21026.0	3.0	4.0	4.0	4,4,4	0,3,10	1.0	45.75277328491211	0.9931153411095791
7127.0	21027.0	3.0	4.0	4.0	4,4,4	0,4,13	1.0	45.75277328491211	0.9931153411095791
7029.0	21028.0	3.0	4.0	5.0	1,1,4,4	0,11,7,22	1.0	45.75277328491211	0.9931153411095791
6965.0	21029.0	3.0	4.0	11.0	1,1,4,1,3,1,4,1,4,4	0,3,1,11,7,7,2,5,2,6	1.0	45.75277328491211	0.9931153411095791
7122.0	21030.0	3.0	4.0	4.0	4,4,4	0,4,13	1.0	45.75277328491211	0.9931153411095791
7357.0	21031.0	3.0	4.0	3.0	1,1	0,5	1.0	45.75277328491211	0.9931153411095791
7166.0	21032.0	3.0	4.0	4.0	4,4,4	0,4,11	1.0	45.75277328491211	0.9931153411095791
7327.0	21033.0	4.0	4.0	3.0	1,4	0,5	1.0	45.75277328491211	0.9908310039801009
7350.0	21034.0	4.0	4.0	3.0	4,4	0,4	1.0	45.75277328491211	0.9908310039801009
7355.0	21035.0	4.0	4.0	3.0	1,2	0,4	1.0	45.75277328491211	0.9908310039801009
7132.0	21036.0	3.0	4.0	4.0	4,4,4	0,4,13	1.0	45.75277328491211	0.9931153411095791
7056.0	21037.0	3.0	4.0	4.0	4,4,4	0,7,22	1.0	45.75277328491211	0.9931153411095791
7253.0	21038.0	3.0	4.0	5.0	1,1,4,4	0,3,2,6	1.0	45.75277328491211	0.9931153411095791
7341.0	21039.0	3.0	4.0	3.0	1,4	0,5	1.0	45.75277328491211	0.9931153411095791
7391.0	21040.0	6.0	4.0	2.0	1	0	1.0	45.75277328491211	0.9862780807471956
7599.0	21090.0	1.0	1.0	2.0	3	0	0.0	45.75277328491211	0.9976998269637786
7598.0	21091.0	1.0	4.0	2.0	3	0	1.0	45.75277328491211	0.9976998269637786
7.0	21118.0	1.0	4.0	2.0	3	0	1.0	45.75277328491211	0.9976998269637786
7176.0	21158.0	15.0	4.0	3.0	4,4	0,4	1.0	45.75277328491211	0.9660474388189305
7385.0	21159.0	7.0	4.0	2.0	1	0	1.0	45.75277328491211	0.9840094704996447
7370.0	21161.0	8.0	4.0	2.0	4	0	1.0	45.75277328491211	0.9817460784482148
7390.0	21162.0	7.0	4.0	2.0	4	0	1.0	45.75277328491211	0.9840094704996447
7198.0	21163.0	14.0	4.0	3.0	4,4	0,3	1.0	45.75277328491211	0.9682746380329911
7252.0	21164.0	12.0	4.0	3.0	4,4	0,3	1.0	45.75277328491211	0.9727444525623716
7167.0	21166.0	15.0	4.0	3.0	4,4	0,4	1.0	45.75277328491211	0.9660474388189305
6999.0	21167.0	8.0	4.0	10.0	1,1,1,3,1,4,1,4,4	0,12,7,3,5,2,5,1,2	1.0	45.75277328491211	0.9817460784482148
7398.0	21168.0	6.0	4.0	2.0	4	0	1.0	45.75277328491211	0.9862780807471956
7092.0	21169.0	18.0	4.0	3.0	4,4	0,5	1.0	45.75277328491211	0.9593965317306974
7142.0	21171.0	16.0	4.0	3.0	4,4	0,4	1.0	45.75277328491211	0.9638253625484484
7382.0	21172.0	7.0	4.0	2.0	4	0	1.0	45.75277328491211	0.9840094704996447
7364.0	21173.0	8.0	4.0	2.0	4	0	1.0	45.75277328491211	0.9817460784482148
7090.0	21174.0	18.0	4.0	3.0	4,4	0,5	1.0	45.75277328491211	0.9593965317306974
7324.0	21177.0	5.0	4.0	3.0	1,1	0,5	1.0	45.75277328491211	0.9885519212212938
7413.0	21178.0	6.0	4.0	2.0	4	0	1.0	45.75277328491211	0.9862780807471956
7070.0	21179.0	21.0	4.0	3.0	4,4	0,5	1.0	45.75277328491211	0.9527914138690786
7372.0	21181.0	8.0	4.0	2.0	4	0	1.0	45.75277328491211	0.9817460784482148
7333.0	21182.0	5.0	4.0	3.0	1,1	0,5	1.0	45.75277328491211	0.9885519212212938
7109.0	21183.0	18.0	4.0	3.0	1,4	0,4	1.0	45.75277328491211	0.9593965317306974
7387.0	21184.0	7.0	4.0	2.0	4	0	1.0	45.75277328491211	0.9840094704996447
7376.0	21186.0	8.0	4.0	2.0	4	0	1.0	45.75277328491211	0.9817460784482148
7088.0	21187.0	18.0	4.0	3.0	4,4	0,5	1.0	45.75277328491211	0.9593965317306974
7379.0	21188.0	7.0	4.0	2.0	3	0	1.0	45.75277328491211	0.9840094704996447
7188.0	21189.0	14.0	4.0	3.0	4,4	0,4	1.0	45.75277328491211	0.9682746380329911
7358.0	21191.0	8.0	4.0	2.0	4	0	1.0	45.75277328491211	0.9817460784482148
7374.0	21192.0	8.0	4.0	2.0	4	0	1.0	45.75277328491211	0.9817460784482148
7185.0	21193.0	14.0	3.0	3.0	1,4	0,4	1.0	45.75277328491211	0.9682746380329911
7319.0	21194.0	5.0	4.0	3.0	1,1	0,5	1.0	45.75277328491211	0.9885519212212938
6941.0	21196.0	37.0	4.0	3.0	4,4	0,11	1.0	45.75277328491211	0.9183245299054135
7208.0	21197.0	14.0	4.0	3.0	4,4	0,3	1.0	45.75277328491211	0.9682746380329911
7228.0	21199.0	13.0	4.0	3.0	4,4	0,3	1.0	45.75277328491211	0.9705069720014537
7395.0	21201.0	7.0	4.0	2.0	4	0	1.0	45.75277328491211	0.9840094704996447
7275.0	21202.0	11.0	4.0	3.0	1,4	0,3	1.0	45.75277328491211	0.9749870915810904
7079.0	21203.0	18.0	4.0	3.0	3,4	0,5	1.0	45.75277328491211	0.9593965317306974
7383.0	21204.0	7.0	4.0	2.0	4	0	1.0	45.75277328491211	0.9840094704996447
7377.0	21206.0	8.0	4.0	2.0	1	0	1.0	45.75277328491211	0.9817460784482148
7121.0	21207.0	17.0	4.0	3.0	4,4	0,4	1.0	45.75277328491211	0.9616083974378882
7305.0	21208.0	8.0	4.0	3.0	1,2	0,4	1.0	45.75277328491211	0.9817460784482148
7053.0	21209.0	26.0	4.0	3.0	4,4	0,7	1.0	45.75277328491211	0.9418837827034305
7360.0	21211.0	8.0	4.0	2.0	4	0	1.0	45.75277328491211	0.9817460784482148
7214.0	21212.0	14.0	4.0	3.0	4,4	0,3	1.0	45.75277328491211	0.9682746380329911
7368.0	21213.0	8.0	4.0	2.0	4	0	1.0	45.75277328491211	0.9817460784482148
7411.0	21214.0	6.0	4.0	2.0	1	0	1.0	45.75277328491211	0.9862780807471956
7339.0	21216.0	5.0	4.0	3.0	1,1	0,4	1.0	45.75277328491211	0.9885519212212938
7095.0	21217.0	8.0	4.0	7.0	1,1,1,4,1,4	0,3,2,2,6,2	1.0	45.75277328491211	0.9817460784482148
7414.0	21218.0	6.0	4.0	2.0	4	0	1.0	45.75277328491211	0.9862780807471956
7367.0	21219.0	8.0	4.0	2.0	1	0	1.0	45.75277328491211	0.9817460784482148
7388.0	21221.0	7.0	4.0	2.0	4	0	1.0	45.75277328491211	0.9840094704996447
7365.0	21222.0	8.0	4.0	2.0	4	0	1.0	45.75277328491211	0.9817460784482148
7375.0	21223.0	8.0	4.0	2.0	1	0	1.0	45.75277328491211	0.9817460784482148
7417.0	21224.0	6.0	4.0	2.0	1	0	1.0	45.75277328491211	0.9862780807471956
7378.0	21226.0	7.0	4.0	2.0	4	0	1.0	45.75277328491211	0.9840094704996447
7190.0	21227.0	14.0	4.0	3.0	4,4	0,4	1.0	45.75277328491211	0.9682746380329911
7424.0	21228.0	5.0	4.0	2.0	4	0	1.0	45.75277328491211	0.9885519212212938
7432.0	21229.0	5.0	4.0	2.0	4	0	1.0	45.75277328491211	0.9885519212212938
7392.0	21231.0	7.0	4.0	2.0	4	0	1.0	45.75277328491211	0.9840094704996447
7412.0	21232.0	6.0	4.0	2.0	4	0	1.0	45.75277328491211	0.9862780807471956
7247.0	21233.0	8.0	4.0	5.0	1,1,1,4	0,3,2,2	1.0	45.75277328491211	0.9817460784482148
7345.0	21234.0	4.0	4.0	3.0	1,1	0,5	1.0	45.75277328491211	0.9908310039801009
7146.0	21236.0	16.0	4.0	3.0	4,4	0,4	1.0	45.75277328491211	0.9638253625484484
7406.0	21237.0	6.0	4.0	2.0	4	0	1.0	45.75277328491211	0.9862780807471956
7425.0	21238.0	5.0	4.0	2.0	1	0	1.0	45.75277328491211	0.9885519212212938
7294.0	21239.0	10.0	4.0	3.0	4,4	0,3	1.0	45.75277328491211	0.9772349009503108
7416.0	21241.0	6.0	4.0	2.0	4	0	1.0	45.75277328491211	0.9862780807471956
7031.0	21242.0	33.0	4.0	3.0	1,4	0,11	1.0	45.75277328491211	0.926822562290205
7101.0	21243.0	7.0	1.0	5.0	1,4,1,4	0,3,10,2	0.0	45.75277328491211	0.9840094704996447
7157.0	21244.0	15.0	4.0	3.0	4,4	0,4	1.0	45.75277328491211	0.9660474388189305
7225.0	21246.0	8.0	4.0	5.0	1,1,1,4	0,4,2,2	1.0	45.75277328491211	0.9817460784482148
7389.0	21247.0	7.0	4.0	2.0	4	0	1.0	45.75277328491211	0.9840094704996447
7205.0	21248.0	8.0	4.0	5.0	1,1,1,4	0,5,2,2	1.0	45.75277328491211	0.9817460784482148
7407.0	21249.0	6.0	4.0	2.0	1	0	1.0	45.75277328491211	0.9862780807471956
7286.0	21251.0	10.0	4.0	3.0	4,4	0,3	1.0	45.75277328491211	0.9772349009503108
7435.0	21252.0	5.0	4.0	2.0	1	0	1.0	45.75277328491211	0.9885519212212938
7161.0	21253.0	15.0	1.0	3.0	1,4	0,4	0.0	45.75277328491211	0.9660474388189305
7409.0	21254.0	6.0	4.0	2.0	1	0	1.0	45.75277328491211	0.9862780807471956
7437.0	21256.0	5.0	4.0	2.0	4	0	1.0	45.75277328491211	0.9885519212212938
7261.0	21257.0	8.0	4.0	4.0	1,1,4	0,4,2	1.0	45.75277328491211	0.9817460784482148
6967.0	21258.0	4.0	4.0	9.0	3,3,1,1,4,1,4,1	0,3,12,7,3,10,3,6	1.0	45.75277328491211	0.9908310039801009
7221.0	21259.0	8.0	4.0	5.0	1,1,1,4	0,4,2,2	1.0	45.75277328491211	0.9817460784482148
7386.0	21260.0	7.0	4.0	2.0	4	0	1.0	45.75277328491211	0.9840094704996447
7118.0	21261.0	17.0	4.0	3.0	4,4	0,4	1.0	45.75277328491211	0.9616083974378882
7111.0	21262.0	8.0	4.0	6.0	1,1,4,1,4	0,4,2,6,2	1.0	45.75277328491211	0.9817460784482148
7394.0	21263.0	7.0	4.0	2.0	4	0	1.0	45.75277328491211	0.9840094704996447
7030.0	21264.0	33.0	4.0	3.0	4,4	0,11	1.0	45.75277328491211	0.926822562290205
7402.0	21265.0	6.0	4.0	2.0	4	0	1.0	45.75277328491211	0.9862780807471956
7281.0	21266.0	8.0	4.0	4.0	1,1,4	0,3,2	1.0	45.75277328491211	0.9817460784482148
7097.0	21267.0	17.0	4.0	3.0	1,4	0,5	1.0	45.75277328491211	0.9616083974378882
7400.0	21268.0	6.0	4.0	2.0	4	0	1.0	45.75277328491211	0.9862780807471956
7160.0	21269.0	15.0	4.0	3.0	4,4	0,4	1.0	45.75277328491211	0.9660474388189305
7359.0	21270.0	4.0	4.0	3.0	1,1	0,4	1.0	45.75277328491211	0.9908310039801009
7301.0	21271.0	7.0	4.0	4.0	1,1,4	0,3,2	1.0	45.75277328491211	0.9840094704996447
7139.0	21272.0	16.0	4.0	3.0	1,4	0,4	1.0	45.75277328491211	0.9638253625484484
7131.0	21273.0	17.0	4.0	3.0	1,4	0,4	1.0	45.75277328491211	0.9616083974378882
7408.0	21274.0	6.0	4.0	2.0	4	0	1.0	45.75277328491211	0.9862780807471956
7162.0	21275.0	15.0	4.0	3.0	4,4	0,4	1.0	45.75277328491211	0.9660474388189305
7397.0	21276.0	7.0	4.0	2.0	1	0	1.0	45.75277328491211	0.9840094704996447
7410.0	21277.0	6.0	4.0	2.0	4	0	1.0	45.75277328491211	0.9862780807471956
7404.0	21278.0	6.0	4.0	2.0	4	0	1.0	45.75277328491211	0.9862780807471956
7156.0	21279.0	16.0	4.0	3.0	4,4	0,4	1.0	45.75277328491211	0.9638253625484484
7436.0	21352.0	6.0	4.0	2.0	4	0	1.0	45.75277328491211	0.9862780807471956
7405.0	21353.0	7.0	4.0	2.0	1	0	1.0	45.75277328491211	0.9840094704996447
7189.0	21354.0	15.0	4.0	3.0	1,4	0,4	1.0	45.75277328491211	0.9660474388189305
7026.0	21355.0	17.0	4.0	7.0	4,1,1,2,4,4	0,11,7,3,2,5	1.0	45.75277328491211	0.9616083974378882
7451.0	21356.0	5.0	1.0	2.0	1	0	0.0	45.75277328491211	0.9885519212212938
7399.0	21358.0	7.0	1.0	2.0	1	0	0.0	45.75277328491211	0.9840094704996447
7448.0	21359.0	5.0	1.0	2.0	4	0	0.0	45.75277328491211	0.9885519212212938
7438.0	21360.0	5.0	4.0	2.0	4	0	1.0	45.75277328491211	0.9885519212212938
7434.0	21361.0	6.0	4.0	2.0	4	0	1.0	45.75277328491211	0.9862780807471956
7155.0	21363.0	17.0	4.0	3.0	1,4	0,4	1.0	45.75277328491211	0.9616083974378882
7151.0	21364.0	17.0	4.0	3.0	4,4	0,4	1.0	45.75277328491211	0.9616083974378882
7284.0	21365.0	11.0	4.0	3.0	4,4	0,3	1.0	45.75277328491211	0.9749870915810904
7193.0	21366.0	11.0	4.0	4.0	1,1,4	0,5,3	1.0	45.75277328491211	0.9749870915810904
7054.0	21368.0	27.0	4.0	3.0	4,4	0,7	1.0	45.75277328491211	0.9397172870232018
7446.0	21369.0	5.0	4.0	2.0	4	0	1.0	45.75277328491211	0.9885519212212938
6974.0	21370.0	38.0	4.0	3.0	4,4	0,11	1.0	45.75277328491211	0.9162122245832244
7280.0	21371.0	11.0	4.0	3.0	4,4	0,3	1.0	45.75277328491211	0.9749870915810904
7183.0	21373.0	15.0	4.0	3.0	4,4	0,4	1.0	45.75277328491211	0.9660474388189305
7420.0	21375.0	6.0	4.0	2.0	4	0	1.0	45.75277328491211	0.9862780807471956
7016.0	21376.0	34.0	4.0	3.0	4,4	0,11	1.0	45.75277328491211	0.9246907100230635
7403.0	21378.0	7.0	4.0	2.0	1	0	1.0	45.75277328491211	0.9840094704996447
7229.0	21379.0	13.0	4.0	3.0	1,4	0,4	1.0	45.75277328491211	0.9705069720014537
7002.0	21380.0	34.0	4.0	4.0	3,2,4	0,1,11	1.0	45.75277328491211	0.9246907100230635
7021.0	21381.0	34.0	4.0	3.0	4,4	0,11	1.0	45.75277328491211	0.9246907100230635
7429.0	21383.0	6.0	4.0	2.0	1	0	1.0	45.75277328491211	0.9862780807471956
7456.0	21384.0	5.0	4.0	2.0	4	0	1.0	45.75277328491211	0.9885519212212938
7224.0	21385.0	13.0	4.0	3.0	4,4	0,4	1.0	45.75277328491211	0.9705069720014537
7133.0	21386.0	17.0	4.0	3.0	1,4	0,5	1.0	45.75277328491211	0.9616083974378882
7140.0	21388.0	16.0	4.0	3.0	4,4	0,5	1.0	45.75277328491211	0.9638253625484484
7278.0	21389.0	11.0	4.0	3.0	4,4	0,3	1.0	45.75277328491211	0.9749870915810904
7454.0	21390.0	5.0	4.0	2.0	4	0	1.0	45.75277328491211	0.9885519212212938
6989.0	21391.0	7.0	4.0	11.0	1,1,4,1,1,1,4,4,1,4	0,2,1,11,7,3,1,4,10,2	1.0	45.75277328491211	0.9840094704996447
7418.0	21394.0	6.0	4.0	2.0	4	0	1.0	45.75277328491211	0.9862780807471956
7123.0	21395.0	17.0	4.0	3.0	1,4	0,5	1.0	45.75277328491211	0.9616083974378882
7117.0	21396.0	17.0	4.0	3.0	1,4	0,5	1.0	45.75277328491211	0.9616083974378882
7427.0	21398.0	6.0	1.0	2.0	1	0	0.0	45.75277328491211	0.9862780807471956
7415.0	21399.0	7.0	4.0	2.0	4	0	1.0	45.75277328491211	0.9840094704996447
7158.0	21400.0	16.0	4.0	3.0	4,4	0,4	1.0	45.75277328491211	0.9638253625484484
7440.0	21401.0	5.0	4.0	2.0	4	0	1.0	45.75277328491211	0.9885519212212938
7291.0	21403.0	11.0	4.0	3.0	1,4	0,3	1.0	45.75277328491211	0.9749870915810904
7215.0	21406.0	14.0	4.0	3.0	1,4	0,4	1.0	45.75277328491211	0.9682746380329911
7401.0	21408.0	7.0	4.0	2.0	1	0	1.0	45.75277328491211	0.9840094704996447
7441.0	21409.0	5.0	1.0	2.0	1	0	0.0	45.75277328491211	0.9885519212212938
7213.0	21410.0	14.0	4.0	3.0	1,4	0,4	1.0	45.75277328491211	0.9682746380329911
7293.0	21411.0	11.0	4.0	3.0	4,4	0,3	1.0	45.75277328491211	0.9749870915810904
7455.0	21413.0	5.0	4.0	2.0	1	0	1.0	45.75277328491211	0.9885519212212938
7419.0	21414.0	6.0	4.0	2.0	1	0	1.0	45.75277328491211	0.9862780807471956
7124.0	21415.0	17.0	4.0	3.0	4,4	0,5	1.0	45.75277328491211	0.9616083974378882
7035.0	21416.0	34.0	4.0	3.0	4,4	0,11	1.0	45.75277328491211	0.9246907100230635
7433.0	21418.0	6.0	4.0	2.0	1	0	1.0	45.75277328491211	0.9862780807471956
7129.0	21419.0	17.0	4.0	3.0	1,4	0,5	1.0	45.75277328491211	0.9616083974378882
7423.0	21420.0	6.0	4.0	2.0	1	0	1.0	45.75277328491211	0.9862780807471956
7439.0	21421.0	5.0	4.0	2.0	1	0	1.0	45.75277328491211	0.9885519212212938
7001.0	21423.0	34.0	4.0	4.0	1,1,4	0,1,11	1.0	45.75277328491211	0.9246907100230635
7196.0	21424.0	11.0	4.0	4.0	4,1,4	0,5,3	1.0	45.75277328491211	0.9749870915810904
7200.0	21425.0	14.0	4.0	3.0	4,4	0,4	1.0	45.75277328491211	0.9682746380329911
7457.0	21426.0	5.0	4.0	2.0	1	0	1.0	45.75277328491211	0.9885519212212938
7295.0	21428.0	11.0	4.0	3.0	1,4	0,3	1.0	45.75277328491211	0.9749870915810904
6945.0	21429.0	11.0	4.0	12.0	1,1,4,1,1,1,1,1,1,4,4	0,1,2,12,7,3,2,2,2,2,5	1.0	45.75277328491211	0.9749870915810904
7431.0	21430.0	6.0	4.0	2.0	1	0	1.0	45.75277328491211	0.9862780807471956
7445.0	21431.0	5.0	4.0	2.0	1	0	1.0	45.75277328491211	0.9885519212212938
7426.0	21433.0	6.0	4.0	2.0	4	0	1.0	45.75277328491211	0.9862780807471956
6979.0	21434.0	34.0	4.0	4.0	4,4,4	0,3,11	1.0	45.75277328491211	0.9246907100230635
7150.0	21435.0	16.0	4.0	3.0	3,4	0,5	1.0	45.75277328491211	0.9638253625484484
7032.0	21436.0	34.0	4.0	3.0	4,4	0,11	1.0	45.75277328491211	0.9246907100230635
7169.0	21438.0	16.0	4.0	3.0	1,4	0,4	1.0	45.75277328491211	0.9638253625484484
7019.0	21439.0	34.0	4.0	3.0	4,4	0,11	1.0	45.75277328491211	0.9246907100230635
7421.0	21440.0	6.0	4.0	2.0	1	0	1.0	45.75277328491211	0.9862780807471956
7279.0	21441.0	7.0	4.0	4.0	1,1,4	0,5,2	1.0	45.75277328491211	0.9840094704996447
7453.0	21443.0	5.0	1.0	2.0	1	0	0.0	45.75277328491211	0.9885519212212938
6983.0	21444.0	34.0	1.0	4.0	1,4,4	0,3,11	0.0	45.75277328491211	0.9246907100230635
6972.0	21445.0	34.0	4.0	4.0	4,4,4	0,4,11	1.0	45.75277328491211	0.9246907100230635
7428.0	21446.0	6.0	4.0	2.0	4	0	1.0	45.75277328491211	0.9862780807471956
7442.0	21448.0	5.0	4.0	2.0	4	0	1.0	45.75277328491211	0.9885519212212938
7125.0	21449.0	17.0	4.0	3.0	1,4	0,5	1.0	45.75277328491211	0.9616083974378882
7449.0	21450.0	5.0	4.0	2.0	4	0	1.0	45.75277328491211	0.9885519212212938
7430.0	21451.0	6.0	4.0	2.0	4	0	1.0	45.75277328491211	0.9862780807471956
7452.0	21453.0	5.0	4.0	2.0	4	0	1.0	45.75277328491211	0.9885519212212938
7014.0	21454.0	34.0	4.0	4.0	3,4,4	0,1,11	1.0	45.75277328491211	0.9246907100230635
7245.0	21455.0	2.0	4.0	5.0	1,1,4,1	0,5,2,7	1.0	45.75277328491211	0.9954049447235537
7165.0	21457.0	5.0	4.0	5.0	4,4,1,4	0,3,10,2	1.0	45.75277328491211	0.9885519212212938
7201.0	21458.0	14.0	4.0	3.0	1,4	0,4	1.0	45.75277328491211	0.9682746380329911
7323.0	21461.0	2.0	1.0	4.0	1,1,1	0,5,4	0.0	45.75277328491211	0.9954049447235537
7303.0	21462.0	6.0	1.0	5.0	1,1,1,4	0,3,2,2	0.0	45.75277328491211	0.9862780807471956
7444.0	21463.0	5.0	4.0	2.0	4	0	1.0	45.75277328491211	0.9885519212212938
7346.0	21464.0	5.0	4.0	4.0	1,1,4	0,3,2	1.0	45.75277328491211	0.9885519212212938
7057.0	21465.0	11.0	4.0	5.0	1,4,1,4	0,3,10,3	1.0	45.75277328491211	0.9749870915810904
7273.0	21466.0	11.0	4.0	3.0	1,4	0,4	1.0	45.75277328491211	0.9749870915810904
7299.0	21467.0	6.0	4.0	4.0	1,1,4	0,5,2	1.0	45.75277328491211	0.9862780807471956
7107.0	21468.0	18.0	4.0	3.0	4,4	0,5	1.0	45.75277328491211	0.9593965317306974
7422.0	21469.0	6.0	4.0	2.0	4	0	1.0	45.75277328491211	0.9862780807471956
7296.0	21470.0	11.0	4.0	3.0	4,4	0,3	1.0	45.75277328491211	0.9749870915810904
7136.0	21471.0	17.0	4.0	3.0	2,4	0,5	1.0	45.75277328491211	0.9616083974378882
7447.0	21472.0	5.0	4.0	2.0	1	0	1.0	45.75277328491211	0.9885519212212938
7025.0	21473.0	2.0	3.0	8.0	1,1,4,1,1,1,1	0,11,7,17,2,2,4	1.0	45.75277328491211	0.9954049447235537
7246.0	21474.0	6.0	4.0	5.0	4,1,2,4	0,5,2,3	1.0	45.75277328491211	0.9862780807471956
7207.0	21475.0	5.0	4.0	7.0	1,1,1,1,1,4	0,5,2,2,2,2	1.0	45.75277328491211	0.9885519212212938
7112.0	21476.0	18.0	4.0	3.0	4,4	0,5	1.0	45.75277328491211	0.9593965317306974
6955.0	21477.0	34.0	4.0	4.0	3,4,4	0,4,11	1.0	45.75277328491211	0.9246907100230635
7306.0	21478.0	10.0	4.0	3.0	4,4	0,3	1.0	45.75277328491211	0.9772349009503108
7611.0	21508.0	3.0	1.0	2.0	3	0	0.0	45.75277328491211	0.9931153411095791
7602.0	21509.0	3.0	4.0	2.0	3	0	1.0	45.75277328491211	0.9931153411095791
7600.0	21511.0	3.0	4.0	2.0	3	0	1.0	45.75277328491211	0.9931153411095791
7599.0	21513.0	2.0	4.0	3.0	3,1	0,1	1.0	45.75277328491211	0.9954049447235537
7606.0	21515.0	3.0	4.0	2.0	3	0	1.0	45.75277328491211	0.9931153411095791
7603.0	21517.0	3.0	1.0	2.0	3	0	0.0	45.75277328491211	0.9931153411095791
7608.0	21521.0	3.0	4.0	2.0	3	0	1.0	45.75277328491211	0.9931153411095791
7601.0	21523.0	3.0	4.0	2.0	3	0	1.0	45.75277328491211	0.9931153411095791
7607.0	21525.0	3.0	4.0	2.0	3	0	1.0	45.75277328491211	0.9931153411095791
9.0	21548.0	3.0	4.0	2.0	4	0	1.0	45.75277328491211	0.9931153411095791
20.0	21549.0	3.0	4.0	2.0	4	0	1.0	45.75277328491211	0.9931153411095791
18.0	21551.0	3.0	4.0	2.0	4	0	1.0	45.75277328491211	0.9931153411095791
13.0	21553.0	3.0	4.0	2.0	4	0	1.0	45.75277328491211	0.9931153411095791
7100.0	21591.0	19.0	4.0	3.0	4,4	0,5	1.0	45.75277328491211	0.957189753697366
7314.0	21593.0	11.0	4.0	3.0	4,4	0,3	1.0	45.75277328491211	0.9749870915810904
7450.0	21595.0	6.0	4.0	2.0	4	0	1.0	45.75277328491211	0.9862780807471956
7264.0	21597.0	12.0	4.0	3.0	4,4	0,4	1.0	45.75277328491211	0.9727444525623716
7211.0	21599.0	15.0	4.0	3.0	1,4	0,4	1.0	45.75277328491211	0.9660474388189305
7297.0	21601.0	11.0	4.0	3.0	1,4	0,3	1.0	45.75277328491211	0.9749870915810904
7443.0	21603.0	6.0	4.0	2.0	1	0	1.0	45.75277328491211	0.9862780807471956
7462.0	21605.0	3.0	4.0	2.0	4	0	1.0	45.75277328491211	0.9931153411095791
3496.0	21607.0	3.0	4.0	2.0	4	0	1.0	45.75277328491211	0.9931153411095791
7465.0	21611.0	3.0	4.0	2.0	4	0	1.0	45.75277328491211	0.9931153411095791
7472.0	21613.0	3.0	4.0	2.0	4	0	1.0	45.75277328491211	0.9931153411095791
6977.0	21615.0	35.0	1.0	4.0	4,4,4	0,3,11	0.0	45.75277328491211	0.9225637613850239
7262.0	21617.0	3.0	1.0	6.0	2,1,2,1,2	0,4,2,3,4	0.0	45.75277328491211	0.9931153411095791
7459.0	21619.0	3.0	4.0	2.0	4	0	1.0	45.75277328491211	0.9931153411095791
3495.0	21621.0	3.0	4.0	2.0	4	0	1.0	45.75277328491211	0.9931153411095791
7007.0	21623.0	35.0	4.0	3.0	4,4	0,12	1.0	45.75277328491211	0.9225637613850239
7061.0	21627.0	17.0	1.0	5.0	1,1,4,4	0,3,2,6	0.0	45.75277328491211	0.9616083974378882
7020.0	21629.0	35.0	4.0	3.0	4,4	0,11	1.0	45.75277328491211	0.9225637613850239
7161.0	21631.0	2.0	4.0	4.0	1,4,1	0,4,15	1.0	45.75277328491211	0.9954049447235537
7203.0	21633.0	15.0	4.0	3.0	4,4	0,4	1.0	45.75277328491211	0.9660474388189305
7202.0	21635.0	15.0	4.0	3.0	4,4	0,4	1.0	45.75277328491211	0.9660474388189305
7071.0	21636.0	17.0	4.0	5.0	3,1,4,4	0,4,2,5	1.0	45.75277328491211	0.9616083974378882
7101.0	21637.0	2.0	4.0	6.0	1,4,1,4,1	0,3,10,2,7	1.0	45.75277328491211	0.9954049447235537
7175.0	21638.0	16.0	4.0	3.0	4,4	0,5	1.0	45.75277328491211	0.9638253625484484
7012.0	21639.0	35.0	4.0	3.0	4,4	0,12	1.0	45.75277328491211	0.9225637613850239
7469.0	21640.0	3.0	4.0	2.0	4	0	1.0	45.75277328491211	0.9931153411095791
7233.0	21641.0	11.0	4.0	4.0	4,2,4	0,3,4	1.0	45.75277328491211	0.9749870915810904
113.0	21643.0	3.0	4.0	2.0	4	0	1.0	45.75277328491211	0.9931153411095791
7470.0	21644.0	3.0	4.0	2.0	4	0	1.0	45.75277328491211	0.9931153411095791
7461.0	21645.0	3.0	4.0	2.0	4	0	1.0	45.75277328491211	0.9931153411095791
7466.0	21646.0	3.0	4.0	2.0	4	0	1.0	45.75277328491211	0.9931153411095791
6983.0	21651.0	2.0	1.0	5.0	1,4,4,1	0,3,11,34	0.0	45.75277328491211	0.9954049447235537
7267.0	21652.0	13.0	4.0	3.0	4,4	0,4	1.0	45.75277328491211	0.9705069720014537
7163.0	21654.0	17.0	4.0	3.0	1,4	0,5	1.0	45.75277328491211	0.9616083974378882
3505.0	21656.0	3.0	4.0	2.0	4	0	1.0	45.75277328491211	0.9931153411095791
7427.0	21658.0	2.0	1.0	3.0	1,1	0,6	0.0	45.75277328491211	0.9954049447235537
7399.0	21660.0	2.0	4.0	3.0	1,1	0,7	1.0	45.75277328491211	0.9954049447235537
7008.0	21662.0	36.0	4.0	3.0	4,4	0,12	1.0	45.75277328491211	0.920441705096891
7348.0	21664.0	9.0	4.0	3.0	4,4	0,3	1.0	45.75277328491211	0.9794878925901521
123.0	21666.0	3.0	4.0	2.0	4	0	1.0	45.75277328491211	0.9931153411095791
6981.0	21672.0	36.0	4.0	4.0	4,4,4	0,3,11	1.0	45.75277328491211	0.920441705096891
7463.0	21676.0	4.0	4.0	2.0	4	0	1.0	45.75277328491211	0.9908310039801009
121.0	21678.0	3.0	4.0	2.0	4	0	1.0	45.75277328491211	0.9931153411095791
7017.0	21680.0	36.0	4.0	3.0	4,4	0,11	1.0	45.75277328491211	0.920441705096891
7271.0	21684.0	13.0	4.0	3.0	1,4	0,4	1.0	45.75277328491211	0.9705069720014537
7069.0	21686.0	13.0	1.0	7.0	4,1,1,1,4,4	0,5,2,2,2,5	0.0	45.75277328491211	0.9705069720014537
7451.0	21688.0	2.0	4.0	3.0	1,1	0,5	1.0	45.75277328491211	0.9954049447235537
7460.0	21690.0	4.0	4.0	2.0	4	0	1.0	45.75277328491211	0.9908310039801009
7248.0	21692.0	7.0	4.0	5.0	4,1,4,3	0,5,2,4	1.0	45.75277328491211	0.9840094704996447
7471.0	21694.0	4.0	4.0	2.0	4	0	1.0	45.75277328491211	0.9908310039801009
7468.0	21696.0	4.0	4.0	2.0	4	0	1.0	45.75277328491211	0.9908310039801009
112.0	21698.0	4.0	4.0	2.0	1	0	1.0	45.75277328491211	0.9908310039801009
7276.0	21700.0	13.0	4.0	3.0	4,4	0,4	1.0	45.75277328491211	0.9705069720014537
7288.0	21701.0	12.0	4.0	3.0	4,4	0,4	1.0	45.75277328491211	0.9727444525623716
7441.0	21702.0	2.0	4.0	3.0	1,1	0,5	1.0	45.75277328491211	0.9954049447235537
7154.0	21703.0	18.0	4.0	3.0	4,4	0,5	1.0	45.75277328491211	0.9593965317306974
7448.0	21704.0	2.0	4.0	3.0	4,1	0,5	1.0	45.75277328491211	0.9954049447235537
7323.0	21705.0	2.0	1.0	5.0	1,1,1,1	0,5,4,2	0.0	45.75277328491211	0.9954049447235537
3503.0	21707.0	3.0	4.0	2.0	4	0	1.0	45.75277328491211	0.9931153411095791
3499.0	21708.0	3.0	4.0	2.0	4	0	1.0	45.75277328491211	0.9931153411095791
7303.0	21709.0	2.0	4.0	6.0	1,1,1,4,1	0,3,2,2,6	1.0	45.75277328491211	0.9954049447235537
7336.0	21710.0	10.0	4.0	3.0	4,4	0,3	1.0	45.75277328491211	0.9772349009503108
7266.0	21711.0	13.0	4.0	3.0	4,4	0,4	1.0	45.75277328491211	0.9705069720014537
7384.0	21712.0	7.0	4.0	3.0	4,4	0,3	1.0	45.75277328491211	0.9840094704996447
7453.0	21713.0	2.0	1.0	3.0	1,1	0,5	0.0	45.75277328491211	0.9954049447235537
7283.0	21715.0	12.0	4.0	3.0	1,4	0,4	1.0	45.75277328491211	0.9727444525623716
7018.0	21716.0	36.0	4.0	3.0	4,4	0,11	1.0	45.75277328491211	0.920441705096891
6936.0	21717.0	3.0	4.0	2.0	4	0	1.0	45.75277328491211	0.9931153411095791
3504.0	21718.0	3.0	4.0	2.0	4	0	1.0	45.75277328491211	0.9931153411095791
7634.0	21722.0	3.0	4.0	2.0	4	0	1.0	45.75277328491211	0.9931153411095791
7630.0	21724.0	3.0	4.0	2.0	4	0	1.0	45.75277328491211	0.9931153411095791
7628.0	21726.0	3.0	4.0	2.0	4	0	1.0	45.75277328491211	0.9931153411095791
7620.0	21728.0	3.0	4.0	2.0	4	0	1.0	39.46455383300781	0.9920227368451446
7635.0	21730.0	3.0	4.0	2.0	4	0	1.0	39.46455383300781	0.9920227368451446
7610.0	21732.0	4.0	1.0	2.0	3	0	0.0	39.46455383300781	0.9893778157745123
7633.0	21734.0	3.0	4.0	2.0	4	0	1.0	39.46455383300781	0.9920227368451446
7614.0	21738.0	4.0	4.0	2.0	3	0	1.0	39.46455383300781	0.9893778157745123
7623.0	21740.0	3.0	4.0	2.0	4	0	1.0	39.46455383300781	0.9920227368451446
4.0	21757.0	4.0	4.0	2.0	1	0	1.0	39.46455383300781	0.9893778157745123
21.0	21758.0	4.0	4.0	2.0	1	0	1.0	39.46455383300781	0.9893778157745123
39.0	21760.0	3.0	4.0	2.0	1	0	1.0	39.46455383300781	0.9920227368451446
11.0	21762.0	4.0	4.0	2.0	1	0	1.0	39.46455383300781	0.9893778157745123
19.0	21764.0	4.0	4.0	2.0	4	0	1.0	39.46455383300781	0.9893778157745123
29.0	21766.0	3.0	1.0	2.0	1	0	0.0	39.46455383300781	0.9920227368451446
14.0	21770.0	4.0	1.0	2.0	1	0	0.0	39.46455383300781	0.9893778157745123
17.0	21772.0	4.0	1.0	2.0	1	0	0.0	39.46455383300781	0.9893778157745123
23.0	21774.0	4.0	1.0	2.0	1	0	0.0	39.46455383300781	0.9893778157745123
10.0	21775.0	4.0	4.0	2.0	1	0	1.0	39.46455383300781	0.9893778157745123
6.0	21781.0	4.0	4.0	2.0	4	0	1.0	39.46455383300781	0.9893778157745123
30.0	21783.0	3.0	4.0	2.0	1	0	1.0	39.46455383300781	0.9920227368451446
42.0	21785.0	3.0	4.0	2.0	1	0	1.0	39.46455383300781	0.9920227368451446
15.0	21791.0	4.0	4.0	2.0	4	0	1.0	39.46455383300781	0.9893778157745123
7651.0	21817.0	3.0	4.0	2.0	1	0	1.0	39.46455383300781	0.9920227368451446
7629.0	21818.0	4.0	4.0	2.0	1	0	1.0	39.46455383300781	0.9893778157745123
7625.0	21820.0	4.0	1.0	2.0	1	0	0.0	39.46455383300781	0.9893778157745123
7639.0	21822.0	3.0	4.0	2.0	4	0	1.0	39.46455383300781	0.9920227368451446
7645.0	21824.0	3.0	4.0	2.0	4	0	1.0	39.46455383300781	0.9920227368451446
7615.0	21826.0	5.0	1.0	2.0	3	0	0.0	39.46455383300781	0.9867399465659091
7622.0	21828.0	4.0	1.0	2.0	1	0	0.0	39.46455383300781	0.9893778157745123
7611.0	21830.0	2.0	1.0	3.0	3,1	0,3	0.0	39.46455383300781	0.9946747286296723
7631.0	21832.0	4.0	4.0	2.0	4	0	1.0	39.46455383300781	0.9893778157745123
7605.0	21836.0	5.0	4.0	2.0	3	0	1.0	39.46455383300781	0.9867399465659091
7640.0	21838.0	3.0	4.0	2.0	1	0	1.0	39.46455383300781	0.9920227368451446
7604.0	21842.0	5.0	4.0	2.0	3	0	1.0	39.46455383300781	0.9867399465659091
7609.0	21844.0	5.0	4.0	2.0	3	0	1.0	39.46455383300781	0.9867399465659091
7619.0	21846.0	4.0	4.0	2.0	4	0	1.0	39.46455383300781	0.9893778157745123
7617.0	21848.0	5.0	4.0	2.0	3	0	1.0	39.46455383300781	0.9867399465659091
7637.0	21850.0	4.0	4.0	2.0	4	0	1.0	39.46455383300781	0.9893778157745123
7598.0	21852.0	4.0	4.0	3.0	3,4	0,1	1.0	39.46455383300781	0.9893778157745123
7643.0	21854.0	3.0	1.0	2.0	4	0	0.0	39.46455383300781	0.9920227368451446
7616.0	21856.0	5.0	4.0	2.0	3	0	1.0	39.46455383300781	0.9867399465659091
7613.0	21858.0	5.0	4.0	2.0	3	0	1.0	39.46455383300781	0.9867399465659091
7612.0	21860.0	5.0	4.0	2.0	3	0	1.0	39.46455383300781	0.9867399465659091
7657.0	21864.0	3.0	4.0	2.0	4	0	1.0	39.46455383300781	0.9920227368451446
7603.0	21866.0	2.0	1.0	3.0	3,1	0,3	0.0	39.46455383300781	0.9946747286296723
7337.0	21876.0	11.0	1.0	3.0	1,4	0,3	0.0	39.46455383300781	0.9710597710286163
3514.0	21878.0	3.0	4.0	2.0	4	0	1.0	39.46455383300781	0.9920227368451446
3510.0	21880.0	3.0	4.0	2.0	4	0	1.0	39.46455383300781	0.9920227368451446
7369.0	21882.0	9.0	4.0	3.0	1,4	0,3	1.0	39.46455383300781	0.9762586130708382
7322.0	21884.0	11.0	4.0	3.0	4,4	0,3	1.0	39.46455383300781	0.9710597710286163
7270.0	21886.0	14.0	4.0	3.0	4,4	0,4	1.0	39.46455383300781	0.9633133716960274
7262.0	21888.0	2.0	4.0	7.0	2,1,2,1,2,1	0,4,2,3,4,3	1.0	39.46455383300781	0.9946747286296723
7061.0	21890.0	2.0	4.0	6.0	1,1,4,4,1	0,3,2,6,17	1.0	39.46455383300781	0.9946747286296723
3513.0	21892.0	3.0	4.0	2.0	4	0	1.0	39.46455383300781	0.9920227368451446
7024.0	21894.0	37.0	4.0	3.0	4,4	0,11	1.0	39.46455383300781	0.9059412942954581
7300.0	21896.0	12.0	4.0	3.0	4,4	0,4	1.0	39.46455383300781	0.9684707412071779
116.0	21900.0	4.0	4.0	2.0	4	0	1.0	39.46455383300781	0.9893778157745123
124.0	21904.0	3.0	4.0	2.0	1	0	1.0	39.46455383300781	0.9920227368451446
6977.0	21906.0	2.0	4.0	5.0	4,4,4,1	0,3,11,35	1.0	39.464542388916016	0.9946747270895472
119.0	21908.0	4.0	4.0	2.0	4	0	1.0	39.46455383300781	0.9893778157745123
7182.0	21910.0	17.0	4.0	3.0	4,4	0,5	1.0	39.46455383300781	0.9556287674294172
7022.0	21914.0	37.0	4.0	3.0	4,4	0,11	1.0	39.46455383300781	0.9059412942954581
132.0	21918.0	3.0	4.0	2.0	4	0	1.0	39.46455383300781	0.9920227368451446
6949.0	21920.0	37.0	4.0	4.0	4,4,4	0,3,12	1.0	39.46455383300781	0.9059412942954581
3498.0	21922.0	4.0	4.0	2.0	4	0	1.0	39.46455383300781	0.9893778157745123
7255.0	21924.0	14.0	4.0	3.0	1,4	0,5	1.0	39.46455383300781	0.9633133716960274
122.0	21925.0	4.0	4.0	2.0	4	0	1.0	39.46455383300781	0.9893778157745123
117.0	21926.0	4.0	1.0	2.0	4	0	0.0	39.46455383300781	0.9893778157745123
7027.0	21927.0	37.0	2.0	3.0	1,4	0,11	1.0	39.46455383300781	0.9059412942954581
7244.0	21929.0	14.0	4.0	3.0	4,4	0,5	1.0	39.46455383300781	0.9633133716960274
7464.0	21930.0	5.0	4.0	2.0	4	0	1.0	39.46455383300781	0.9867399465659091
7362.0	21931.0	9.0	4.0	3.0	4,4	0,3	1.0	39.46455383300781	0.9762586130708382
7282.0	21932.0	13.0	4.0	3.0	4,4	0,4	1.0	39.46455383300781	0.9658886142310806
7458.0	21933.0	5.0	4.0	2.0	4	0	1.0	39.46455383300781	0.9867399465659091
7467.0	21934.0	5.0	4.0	2.0	1	0	1.0	39.46455383300781	0.9867399465659091
120.0	21935.0	4.0	4.0	2.0	4	0	1.0	39.46455383300781	0.9893778157745123
127.0	21936.0	3.0	4.0	2.0	4	0	1.0	39.46455383300781	0.9920227368451446
3500.0	21937.0	4.0	4.0	2.0	4	0	1.0	39.46455383300781	0.9893778157745123
115.0	21938.0	4.0	4.0	2.0	4	0	1.0	39.46455383300781	0.9893778157745123
7361.0	21939.0	9.0	4.0	3.0	4,4	0,3	1.0	39.46455383300781	0.9762586130708382
26.0	21942.0	4.0	4.0	2.0	4	0	1.0	39.46455383300781	0.9893778157745123
12.0	21944.0	5.0	4.0	2.0	1	0	1.0	39.46455383300781	0.9867399465659091
16.0	21946.0	5.0	4.0	2.0	1	0	1.0	39.46455383300781	0.9867399465659091
46.0	21948.0	3.0	1.0	2.0	1	0	0.0	39.46455383300781	0.9920227368451446
63.0	21950.0	3.0	1.0	2.0	1	0	0.0	39.46455383300781	0.9920227368451446
37.0	21953.0	4.0	4.0	2.0	4	0	1.0	39.46455383300781	0.9893778157745123
34.0	21957.0	4.0	4.0	2.0	4	0	1.0	39.46455383300781	0.9893778157745123
38.0	21959.0	4.0	4.0	2.0	4	0	1.0	39.46455383300781	0.9893778157745123
22.0	21961.0	5.0	1.0	2.0	1	0	0.0	39.46455383300781	0.9867399465659091
7.0	21963.0	4.0	4.0	3.0	3,4	0,1	1.0	39.46455383300781	0.9893778157745123
52.0	21967.0	3.0	4.0	2.0	1	0	1.0	39.46455383300781	0.9920227368451446
57.0	21969.0	3.0	1.0	2.0	1	0	0.0	39.46455383300781	0.9920227368451446
24.0	21970.0	4.0	4.0	2.0	3	0	1.0	39.46455383300781	0.9893778157745123
60.0	21971.0	3.0	4.0	2.0	4	0	1.0	39.46455383300781	0.9920227368451446
5.0	21972.0	5.0	1.0	2.0	1	0	0.0	39.46455383300781	0.9867399465659091
40.0	21973.0	4.0	4.0	2.0	1	0	1.0	39.46455383300781	0.9893778157745123
41.0	21974.0	4.0	1.0	2.0	1	0	0.0	39.46455383300781	0.9893778157745123
28.0	21975.0	4.0	4.0	2.0	4	0	1.0	39.46455383300781	0.9893778157745123
7673.0	21989.0	3.0	1.0	2.0	1	0	0.0	39.46455383300781	0.9920227368451446
7627.0	21990.0	5.0	4.0	2.0	4	0	1.0	39.46455383300781	0.9867399465659091
7661.0	21992.0	3.0	4.0	2.0	4	0	1.0	39.46455383300781	0.9920227368451446
7624.0	21994.0	5.0	4.0	2.0	4	0	1.0	39.46455383300781	0.9867399465659091
7663.0	21996.0	3.0	4.0	2.0	4	0	1.0	39.46455383300781	0.9920227368451446
7632.0	21998.0	5.0	4.0	2.0	4	0	1.0	39.46455383300781	0.9867399465659091
7667.0	22000.0	3.0	4.0	2.0	1	0	1.0	39.46455383300781	0.9920227368451446
7655.0	22002.0	4.0	4.0	2.0	4	0	1.0	39.46455383300781	0.9893778157745123
7668.0	22004.0	3.0	4.0	2.0	4	0	1.0	39.46455383300781	0.9920227368451446
7642.0	22006.0	4.0	4.0	2.0	4	0	1.0	39.46455383300781	0.9893778157745123
7644.0	22008.0	4.0	4.0	2.0	4	0	1.0	39.46455383300781	0.9893778157745123
7626.0	22010.0	5.0	4.0	2.0	4	0	1.0	39.46455383300781	0.9867399465659091
7610.0	22012.0	2.0	4.0	3.0	3,1	0,4	1.0	39.46455383300781	0.9946747286296723
7636.0	22014.0	5.0	1.0	2.0	1	0	0.0	39.46455383300781	0.9867399465659091
7656.0	22018.0	4.0	4.0	2.0	4	0	1.0	39.46455383300781	0.9893778157745123
7670.0	22020.0	3.0	4.0	2.0	4	0	1.0	39.46455383300781	0.9920227368451446
7621.0	22022.0	5.0	4.0	2.0	1	0	1.0	39.46455383300781	0.9867399465659091
7618.0	22024.0	5.0	4.0	2.0	4	0	1.0	39.46455383300781	0.9867399465659091
7646.0	22026.0	4.0	4.0	2.0	4	0	1.0	39.46455383300781	0.9893778157745123
7675.0	22028.0	3.0	4.0	2.0	4	0	1.0	39.46455383300781	0.9920227368451446
7660.0	22032.0	3.0	4.0	2.0	4	0	1.0	39.46455383300781	0.9920227368451446
7650.0	22038.0	4.0	4.0	2.0	4	0	1.0	39.46455383300781	0.9893778157745123
7677.0	22039.0	3.0	4.0	2.0	1	0	1.0	39.46455383300781	0.9920227368451446
114.0	22054.0	5.0	4.0	2.0	1	0	1.0	39.46455383300781	0.9867399465659091
3502.0	22056.0	5.0	4.0	2.0	4	0	1.0	39.46455383300781	0.9867399465659091
143.0	22057.0	3.0	4.0	2.0	4	0	1.0	39.46455383300781	0.9920227368451446
138.0	22059.0	3.0	1.0	2.0	1	0	0.0	39.46455383300781	0.9920227368451446
7206.0	22060.0	17.0	4.0	3.0	4,4	0,5	1.0	39.46455383300781	0.9556287674294172
131.0	22062.0	4.0	4.0	2.0	4	0	1.0	39.46455383300781	0.9893778157745123
7238.0	22063.0	15.0	4.0	3.0	4,4	0,5	1.0	39.46455383300781	0.9607449952467905
7453.0	22065.0	2.0	4.0	4.0	1,1,1	0,5,2	1.0	39.464542388916016	0.9946747270895472
7195.0	22066.0	18.0	1.0	3.0	1,4	0,5	0.0	39.46455383300781	0.9530808795949964
7290.0	22068.0	14.0	4.0	3.0	4,4	0,4	1.0	39.46455383300781	0.9633133716960274
6946.0	22069.0	38.0	4.0	5.0	3,3,4,4	0,1,3,11	1.0	39.46455383300781	0.9035258827035241
7304.0	22072.0	13.0	4.0	3.0	3,4	0,4	1.0	39.46455383300781	0.9658886142310806
3509.0	22074.0	4.0	4.0	2.0	4	0	1.0	39.46455383300781	0.9893778157745123
129.0	22075.0	4.0	4.0	2.0	4	0	1.0	39.46455383300781	0.9893778157745123
3520.0	22077.0	3.0	4.0	2.0	4	0	1.0	39.46455383300781	0.9920227368451446
3497.0	22078.0	5.0	4.0	2.0	4	0	1.0	39.46455383300781	0.9867399465659091
7025.0	22080.0	4.0	1.0	9.0	1,1,4,1,1,1,1,3	0,11,7,17,2,2,4,2	0.0	39.46455383300781	0.9893778157745123
3523.0	22084.0	3.0	4.0	2.0	4	0	1.0	39.46455383300781	0.9920227368451446
7323.0	22086.0	2.0	4.0	6.0	1,1,1,1,1	0,5,4,2,2	1.0	39.46455383300781	0.9946747286296723
3518.0	22087.0	3.0	4.0	2.0	4	0	1.0	39.46455383300781	0.9920227368451446
7069.0	22089.0	2.0	4.0	8.0	4,1,1,1,4,4,1	0,5,2,2,2,5,13	1.0	39.46455383300781	0.9946747286296723
6964.0	22090.0	38.0	4.0	4.0	4,3,4	0,3,12	1.0	39.46455383300781	0.9035258827035241
7363.0	22092.0	10.0	4.0	3.0	4,4	0,3	1.0	39.46455383300781	0.9736557221488931
3501.0	22093.0	5.0	4.0	2.0	4	0	1.0	39.46455383300781	0.9867399465659091
128.0	22095.0	4.0	1.0	2.0	1	0	0.0	39.46455383300781	0.9893778157745123
7396.0	22096.0	9.0	4.0	3.0	4,4	0,3	1.0	39.46455383300781	0.9762586130708382
7268.0	22098.0	15.0	4.0	3.0	4,4	0,4	1.0	39.46455383300781	0.9607449952467905
7210.0	22099.0	17.0	4.0	3.0	3,4	0,5	1.0	39.46455383300781	0.9556287674294172
6987.0	22101.0	38.0	4.0	4.0	4,4,4	0,3,11	1.0	39.46455383300781	0.9035258827035241
6957.0	22102.0	38.0	4.0	5.0	1,3,4,4	0,1,3,11	1.0	39.46455383300781	0.9035258827035241
7191.0	22104.0	18.0	4.0	3.0	1,4	0,5	1.0	39.46455383300781	0.9530808795949964
6983.0	22105.0	2.0	4.0	6.0	1,4,4,1,1	0,3,11,34,2	1.0	39.46455383300781	0.9946747286296723
136.0	22107.0	3.0	4.0	2.0	4	0	1.0	39.46455383300781	0.9920227368451446
3516.0	22108.0	3.0	4.0	2.0	4	0	1.0	39.46455383300781	0.9920227368451446
6995.0	22110.0	38.0	4.0	4.0	4,4,4	0,3,11	1.0	39.46455383300781	0.9035258827035241
7263.0	22111.0	14.0	4.0	3.0	4,4	0,5	1.0	39.46455383300781	0.9633133716960274
7427.0	22113.0	2.0	4.0	4.0	1,1,1	0,6,2	1.0	39.464542388916016	0.9946747270895472
7272.0	22114.0	15.0	4.0	3.0	4,4	0,4	1.0	39.46455383300781	0.9607449952467905
3524.0	22116.0	3.0	4.0	2.0	4	0	1.0	39.46455383300781	0.9920227368451446
3512.0	22117.0	4.0	4.0	2.0	4	0	1.0	39.46455383300781	0.9893778157745123
7237.0	22119.0	15.0	4.0	3.0	4,4	0,5	1.0	39.46455383300781	0.9607449952467905
118.0	22120.0	5.0	1.0	2.0	1	0	0.0	39.46455383300781	0.9867399465659091
137.0	22121.0	3.0	4.0	2.0	1	0	1.0	39.46455383300781	0.9920227368451446
126.0	22122.0	4.0	4.0	2.0	4	0	1.0	39.46455383300781	0.9893778157745123
17.0	22129.0	2.0	4.0	3.0	1,1	0,4	1.0	39.46455383300781	0.9946747286296723
70.0	22130.0	3.0	4.0	2.0	4	0	1.0	39.46455383300781	0.9920227368451446
25.0	22131.0	5.0	1.0	2.0	3	0	0.0	39.46455383300781	0.9867399465659091
59.0	22132.0	4.0	1.0	2.0	1	0	0.0	39.46455383300781	0.9893778157745123
45.0	22133.0	4.0	1.0	2.0	4	0	0.0	39.46455383300781	0.9893778157745123
29.0	22134.0	2.0	4.0	3.0	1,1	0,3	1.0	39.46455383300781	0.9946747286296723
54.0	22135.0	4.0	4.0	2.0	1	0	1.0	39.46455383300781	0.9893778157745123
35.0	22136.0	5.0	4.0	2.0	1	0	1.0	39.46455383300781	0.9867399465659091
43.0	22137.0	5.0	1.0	2.0	1	0	0.0	39.46455383300781	0.9867399465659091
56.0	22138.0	4.0	1.0	2.0	1	0	0.0	39.46455383300781	0.9893778157745123
66.0	22139.0	3.0	4.0	2.0	3	0	1.0	39.46455383300781	0.9920227368451446
74.0	22140.0	3.0	1.0	2.0	3	0	0.0	39.46455383300781	0.9920227368451446
31.0	22141.0	5.0	1.0	2.0	1	0	0.0	39.46455383300781	0.9867399465659091
14.0	22142.0	2.0	4.0	3.0	1,1	0,4	1.0	39.46455383300781	0.9946747286296723
79.0	22143.0	3.0	4.0	2.0	1	0	1.0	39.46455383300781	0.9920227368451446
33.0	22144.0	5.0	4.0	2.0	4	0	1.0	39.46455383300781	0.9867399465659091
23.0	22145.0	2.0	4.0	3.0	1,1	0,4	1.0	39.46455383300781	0.9946747286296723
76.0	22146.0	3.0	4.0	2.0	4	0	1.0	39.46455383300781	0.9920227368451446
78.0	22147.0	3.0	1.0	2.0	1	0	0.0	39.46455383300781	0.9920227368451446
27.0	22148.0	5.0	1.0	2.0	1	0	0.0	39.46455383300781	0.9867399465659091
32.0	22149.0	5.0	4.0	2.0	4	0	1.0	39.46455383300781	0.9867399465659091
65.0	22150.0	3.0	4.0	2.0	4	0	1.0	39.46455383300781	0.9920227368451446
7622.0	22164.0	2.0	1.0	3.0	1,1	0,4	0.0	39.46455383300781	0.9946747286296723
7641.0	22165.0	5.0	4.0	2.0	4	0	1.0	39.46455383300781	0.9867399465659091
7654.0	22167.0	5.0	1.0	2.0	1	0	0.0	39.46455383300781	0.9867399465659091
7643.0	22169.0	2.0	4.0	3.0	4,1	0,3	1.0	39.46455383300781	0.9946747286296723
7679.0	22171.0	3.0	1.0	2.0	1	0	0.0	39.46455383300781	0.9920227368451446
7625.0	22173.0	2.0	4.0	3.0	1,1	0,4	1.0	39.46455383300781	0.9946747286296723
7653.0	22177.0	5.0	4.0	2.0	4	0	1.0	39.46455383300781	0.9867399465659091
7648.0	22179.0	5.0	1.0	2.0	1	0	0.0	39.46455383300781	0.9867399465659091
7693.0	22181.0	3.0	4.0	2.0	4	0	1.0	39.46455383300781	0.9920227368451446
7647.0	22183.0	5.0	1.0	2.0	1	0	0.0	39.46455383300781	0.9867399465659091
7690.0	22185.0	3.0	4.0	2.0	1	0	1.0	39.46455383300781	0.9920227368451446
7666.0	22187.0	4.0	1.0	2.0	4	0	0.0	39.46455383300781	0.9893778157745123
7603.0	22189.0	2.0	1.0	4.0	3,1,1	0,3,2	0.0	39.464542388916016	0.9946747270895472
7682.0	22191.0	3.0	4.0	2.0	4	0	1.0	39.46455383300781	0.9920227368451446
7615.0	22195.0	2.0	4.0	3.0	3,1	0,5	1.0	39.46455383300781	0.9946747286296723
7611.0	22197.0	2.0	1.0	4.0	3,1,1	0,3,2	0.0	39.464542388916016	0.9946747270895472
7681.0	22199.0	3.0	4.0	2.0	4	0	1.0	39.46455383300781	0.9920227368451446
7658.0	22205.0	4.0	4.0	2.0	4	0	1.0	39.46455383300781	0.9893778157745123
7652.0	22211.0	5.0	4.0	2.0	4	0	1.0	39.46455383300781	0.9867399465659091
7662.0	22213.0	4.0	4.0	2.0	4	0	1.0	39.46455383300781	0.9893778157745123
7638.0	22215.0	5.0	4.0	2.0	4	0	1.0	39.46455383300781	0.9867399465659091
7672.0	22217.0	4.0	1.0	2.0	1	0	0.0	39.46455383300781	0.9893778157745123
7665.0	22219.0	4.0	1.0	2.0	4	0	0.0	39.46455383300781	0.9893778157745123
7694.0	22221.0	3.0	4.0	2.0	4	0	1.0	39.46455383300781	0.9920227368451446
7676.0	22222.0	4.0	4.0	2.0	1	0	1.0	39.46455383300781	0.9893778157745123
7649.0	22223.0	5.0	1.0	2.0	1	0	0.0	39.46455383300781	0.9867399465659091
3522.0	22242.0	4.0	4.0	2.0	4	0	1.0	39.46455383300781	0.9893778157745123
7240.0	22243.0	16.0	4.0	3.0	4,4	0,5	1.0	39.46455383300781	0.9581834665770808
133.0	22245.0	5.0	4.0	2.0	4	0	1.0	39.46455383300781	0.9867399465659091
7034.0	22247.0	39.0	4.0	3.0	4,4	0,11	1.0	39.46455383300781	0.9011169110577489
7312.0	22249.0	14.0	4.0	3.0	4,4	0,4	1.0	39.46455383300781	0.9633133716960274
3507.0	22251.0	5.0	4.0	2.0	4	0	1.0	39.46455383300781	0.9867399465659091
7258.0	22253.0	15.0	4.0	3.0	4,4	0,5	1.0	39.46455383300781	0.9607449952467905
7274.0	22255.0	15.0	4.0	3.0	4,4	0,5	1.0	39.46455383300781	0.9607449952467905
3511.0	22261.0	5.0	4.0	2.0	4	0	1.0	39.46455383300781	0.9867399465659091
135.0	22265.0	4.0	1.0	2.0	4	0	0.0	39.46455383300781	0.9893778157745123
7381.0	22267.0	10.0	4.0	3.0	1,4	0,3	1.0	39.46455383300781	0.9736557221488931
3508.0	22271.0	5.0	4.0	2.0	4	0	1.0	39.46455383300781	0.9867399465659091
7015.0	22273.0	39.0	1.0	3.0	1,4	0,12	0.0	39.46455383300781	0.9011169110577489
3532.0	22275.0	3.0	4.0	2.0	4	0	1.0	39.46455383300781	0.9920227368451446
3535.0	22277.0	3.0	4.0	2.0	4	0	1.0	39.46455383300781	0.9920227368451446
7337.0	22279.0	2.0	4.0	4.0	1,4,1	0,3,11	1.0	39.46455383300781	0.9946747286296723
7277.0	22283.0	15.0	4.0	3.0	1,4	0,4	1.0	39.46455383300781	0.9607449952467905
3506.0	22285.0	5.0	4.0	2.0	4	0	1.0	39.46455383300781	0.9867399465659091
7380.0	22287.0	10.0	4.0	3.0	4,4	0,3	1.0	39.46455383300781	0.9736557221488931
130.0	22289.0	5.0	4.0	2.0	1	0	1.0	39.46455383300781	0.9867399465659091
142.0	22290.0	4.0	4.0	2.0	4	0	1.0	39.46455383300781	0.9893778157745123
117.0	22291.0	2.0	1.0	3.0	4,1	0,4	0.0	39.46455383300781	0.9946747286296723
7250.0	22292.0	16.0	4.0	3.0	4,4	0,5	1.0	39.46455383300781	0.9581834665770808
3528.0	22293.0	3.0	1.0	2.0	4	0	0.0	39.46455383300781	0.9920227368451446
7366.0	22294.0	11.0	4.0	3.0	4,4	0,3	1.0	39.46455383300781	0.9710597710286163
3515.0	22295.0	5.0	4.0	2.0	4	0	1.0	39.46455383300781	0.9867399465659091
125.0	22296.0	5.0	4.0	2.0	4	0	1.0	39.46455383300781	0.9867399465659091
44.0	22302.0	5.0	1.0	2.0	4	0	0.0	39.46455383300781	0.9867399465659091
103.0	22303.0	3.0	1.0	2.0	4	0	0.0	39.46455383300781	0.9920227368451446
49.0	22304.0	5.0	1.0	2.0	1	0	0.0	39.46455383300781	0.9867399465659091
72.0	22305.0	4.0	4.0	2.0	4	0	1.0	39.46455383300781	0.9893778157745123
57.0	22306.0	2.0	4.0	3.0	1,1	0,3	1.0	39.46455383300781	0.9946747286296723
61.0	22307.0	5.0	1.0	2.0	1	0	0.0	39.46455383300781	0.9867399465659091
41.0	22308.0	2.0	1.0	3.0	1,1	0,4	0.0	39.46455383300781	0.9946747286296723
22.0	22309.0	2.0	1.0	3.0	1,1	0,5	0.0	39.46455383300781	0.9946747286296723
93.0	22310.0	3.0	4.0	2.0	1	0	1.0	39.46455383300781	0.9920227368451446
46.0	22311.0	2.0	4.0	3.0	1,1	0,3	1.0	39.46455383300781	0.9946747286296723
63.0	22312.0	2.0	4.0	3.0	1,1	0,3	1.0	39.46455383300781	0.9946747286296723
5.0	22313.0	2.0	4.0	3.0	1,1	0,5	1.0	39.46455383300781	0.9946747286296723
55.0	22314.0	5.0	1.0	2.0	1	0	0.0	39.46455383300781	0.9867399465659091
91.0	22315.0	3.0	4.0	2.0	1	0	1.0	39.46455383300781	0.9920227368451446
71.0	22316.0	4.0	1.0	2.0	3	0	0.0	39.46455383300781	0.9893778157745123
101.0	22317.0	3.0	1.0	2.0	1	0	0.0	39.46455383300781	0.9920227368451446
51.0	22318.0	5.0	1.0	2.0	4	0	0.0	39.46455383300781	0.9867399465659091
53.0	22319.0	5.0	1.0	2.0	4	0	0.0	39.46455383300781	0.9867399465659091
68.0	22320.0	4.0	4.0	2.0	4	0	1.0	39.46455383300781	0.9893778157745123
47.0	22321.0	5.0	1.0	2.0	1	0	0.0	39.46455383300781	0.9867399465659091
62.0	22322.0	5.0	4.0	2.0	4	0	1.0	39.46455383300781	0.9867399465659091
82.0	22323.0	4.0	4.0	2.0	4	0	1.0	39.46455383300781	0.9893778157745123
50.0	22324.0	5.0	4.0	2.0	1	0	1.0	39.46455383300781	0.9867399465659091
58.0	22325.0	5.0	1.0	2.0	4	0	0.0	39.46455383300781	0.9867399465659091
77.0	22326.0	4.0	4.0	2.0	4	0	1.0	39.46455383300781	0.9893778157745123
7678.0	22345.0	4.0	4.0	2.0	4	0	1.0	39.46455383300781	0.9893778157745123
7691.0	22346.0	4.0	1.0	2.0	4	0	0.0	39.46455383300781	0.9893778157745123
7599.0	22348.0	5.0	4.0	4.0	3,1,4	0,1,2	1.0	39.46455383300781	0.9867399465659091
7688.0	22350.0	4.0	4.0	2.0	1	0	1.0	39.46455383300781	0.9893778157745123
7708.0	22352.0	3.0	4.0	2.0	4	0	1.0	39.46455383300781	0.9920227368451446
7687.0	22354.0	4.0	4.0	2.0	4	0	1.0	39.46455383300781	0.9893778157745123
7695.0	22356.0	4.0	4.0	2.0	4	0	1.0	39.46455383300781	0.9893778157745123
7684.0	22358.0	4.0	4.0	2.0	4	0	1.0	39.46455383300781	0.9893778157745123
7664.0	22360.0	5.0	4.0	2.0	4	0	1.0	39.46455383300781	0.9867399465659091
7683.0	22362.0	4.0	4.0	2.0	4	0	1.0	39.46455383300781	0.9893778157745123
7692.0	22364.0	4.0	4.0	2.0	4	0	1.0	39.46455383300781	0.9893778157745123
7669.0	22366.0	5.0	4.0	2.0	1	0	1.0	39.46455383300781	0.9867399465659091
7636.0	22368.0	2.0	4.0	3.0	1,1	0,5	1.0	39.46455383300781	0.9946747286296723
7659.0	22370.0	5.0	4.0	2.0	1	0	1.0	39.46455383300781	0.9867399465659091
7686.0	22372.0	4.0	4.0	2.0	4	0	1.0	39.46455383300781	0.9893778157745123
7689.0	22374.0	4.0	4.0	2.0	1	0	1.0	39.46455383300781	0.9893778157745123
7711.0	22378.0	3.0	4.0	2.0	1	0	1.0	39.46455383300781	0.9920227368451446
7685.0	22380.0	4.0	1.0	2.0	1	0	0.0	39.46455383300781	0.9893778157745123
7671.0	22382.0	5.0	4.0	2.0	4	0	1.0	39.46455383300781	0.9867399465659091
7673.0	22384.0	2.0	1.0	3.0	1,1	0,3	0.0	39.46455383300781	0.9946747286296723
7674.0	22386.0	5.0	4.0	2.0	4	0	1.0	39.46455383300781	0.9867399465659091
7706.0	22388.0	3.0	1.0	2.0	1	0	0.0	39.46455383300781	0.9920227368451446
7713.0	22391.0	3.0	4.0	2.0	1	0	1.0	39.46455383300781	0.9920227368451446
7698.0	22393.0	3.0	1.0	2.0	4	0	0.0	39.46455383300781	0.9920227368451446
7705.0	22395.0	3.0	4.0	2.0	4	0	1.0	39.46455383300781	0.9920227368451446
107.0	22404.0	3.0	1.0	2.0	1	0	0.0	39.46455383300781	0.9920227368451446
78.0	22405.0	2.0	1.0	3.0	1,1	0,3	0.0	39.46455383300781	0.9946747286296723
59.0	22406.0	2.0	1.0	3.0	1,1	0,4	0.0	39.46455383300781	0.9946747286296723
69.0	22407.0	5.0	4.0	2.0	4	0	1.0	39.46455383300781	0.9867399465659091
85.0	22408.0	4.0	1.0	2.0	1	0	0.0	39.46455383300781	0.9893778157745123
56.0	22409.0	2.0	1.0	3.0	1,1	0,4	0.0	39.46455383300781	0.9946747286296723
25.0	22410.0	2.0	4.0	3.0	3,1	0,5	1.0	39.46455383300781	0.9946747286296723
43.0	22411.0	2.0	1.0	3.0	1,1	0,5	0.0	39.46455383300781	0.9946747286296723
67.0	22412.0	5.0	1.0	2.0	1	0	0.0	39.46455383300781	0.9867399465659091
109.0	22413.0	3.0	1.0	2.0	1	0	0.0	39.46455383300781	0.9920227368451446
80.0	22414.0	5.0	4.0	2.0	4	0	1.0	39.46455383300781	0.9867399465659091
27.0	22415.0	2.0	1.0	3.0	1,1	0,5	0.0	39.46455383300781	0.9946747286296723
100.0	22416.0	4.0	4.0	2.0	4	0	1.0	39.46455383300781	0.9893778157745123
98.0	22417.0	4.0	4.0	2.0	4	0	1.0	39.46455383300781	0.9893778157745123
45.0	22418.0	2.0	4.0	3.0	4,1	0,4	1.0	39.46455383300781	0.9946747286296723
111.0	22419.0	3.0	4.0	2.0	4	0	1.0	39.46455383300781	0.9920227368451446
75.0	22420.0	5.0	1.0	2.0	1	0	0.0	39.46455383300781	0.9867399465659091
110.0	22421.0	3.0	4.0	2.0	4	0	1.0	39.46455383300781	0.9920227368451446
81.0	22422.0	5.0	1.0	2.0	1	0	0.0	39.46455383300781	0.9867399465659091
106.0	22423.0	3.0	4.0	2.0	4	0	1.0	39.46455383300781	0.9920227368451446
87.0	22424.0	4.0	1.0	2.0	1	0	0.0	39.46455383300781	0.9893778157745123
64.0	22425.0	5.0	4.0	2.0	4	0	1.0	39.46455383300781	0.9867399465659091
83.0	22426.0	5.0	4.0	2.0	4	0	1.0	39.46455383300781	0.9867399465659091
74.0	22427.0	2.0	1.0	3.0	3,1	0,3	0.0	39.46455383300781	0.9946747286296723
90.0	22428.0	4.0	1.0	2.0	1	0	0.0	39.46455383300781	0.9893778157745123
73.0	22429.0	5.0	4.0	2.0	4	0	1.0	39.46455383300781	0.9867399465659091
31.0	22430.0	2.0	4.0	3.0	1,1	0,5	1.0	39.46455383300781	0.9946747286296723
3519.0	22447.0	5.0	4.0	2.0	4	0	1.0	39.46455383300781	0.9867399465659091
118.0	22449.0	2.0	4.0	3.0	1,1	0,5	1.0	39.46455383300781	0.9946747286296723
146.0	22450.0	4.0	4.0	2.0	4	0	1.0	39.46455383300781	0.9893778157745123
7245.0	22452.0	6.0	1.0	6.0	1,1,4,1,4	0,5,2,7,2	0.0	39.464542388916016	0.9841091058464339
3539.0	22453.0	3.0	4.0	2.0	4	0	1.0	39.46455383300781	0.9920227368451446
7195.0	22455.0	2.0	4.0	4.0	1,4,1	0,5,18	1.0	39.464542388916016	0.9946747270895472
128.0	22456.0	2.0	4.0	3.0	1,1	0,4	1.0	39.46455383300781	0.9946747286296723
159.0	22458.0	3.0	4.0	2.0	1	0	1.0	39.46455383300781	0.9920227368451446
7135.0	22459.0	17.0	4.0	5.0	1,1,4,4	0,3,2,6	1.0	39.464542388916016	0.9556287548522426
139.0	22461.0	5.0	1.0	2.0	1	0	0.0	39.46455383300781	0.9867399465659091
149.0	22462.0	4.0	1.0	2.0	1	0	0.0	39.46455383300781	0.9893778157745123
6953.0	22464.0	40.0	4.0	5.0	3,3,4,4	0,1,3,11	1.0	39.46455383300781	0.8987143621880129
3526.0	22465.0	4.0	4.0	2.0	4	0	1.0	39.46455383300781	0.9893778157745123
6864.0	22466.0	1889.0	1.0	3.0	2,2	0,1	0.0	39.46455383300781	0.006453330957957324
148.0	22467.0	4.0	4.0	2.0	1	0	1.0	39.46455383300781	0.9893778157745123
3534.0	22468.0	4.0	4.0	2.0	4	0	1.0	39.46455383300781	0.9893778157745123
7256.0	22470.0	17.0	4.0	3.0	4,4	0,5	1.0	39.46455383300781	0.9556287674294172
3544.0	22471.0	3.0	4.0	2.0	4	0	1.0	39.46455383300781	0.9920227368451446
6982.0	22473.0	40.0	4.0	4.0	4,4,4	0,3,11	1.0	39.46455383300781	0.8987143621880129
7161.0	22474.0	5.0	4.0	5.0	1,4,1,4	0,4,15,2	1.0	39.464542388916016	0.986739942746311
3543.0	22477.0	3.0	4.0	2.0	4	0	1.0	39.46455383300781	0.9920227368451446
7009.0	22479.0	40.0	4.0	3.0	1,4	0,12	1.0	39.46455383300781	0.8987143621880129
7393.0	22482.0	11.0	4.0	3.0	1,4	0,3	1.0	39.46455383300781	0.9710597710286163
3525.0	22483.0	5.0	4.0	2.0	4	0	1.0	39.46455383300781	0.9867399465659091
150.0	22485.0	4.0	4.0	2.0	4	0	1.0	39.46455383300781	0.9893778157745123
7003.0	22486.0	40.0	4.0	3.0	4,4	0,12	1.0	39.46455383300781	0.8987143621880129
7073.0	22488.0	21.0	4.0	5.0	1,1,4,4	0,4,2,6	1.0	39.464542388916016	0.9454778872391282
153.0	22491.0	4.0	4.0	2.0	4	0	1.0	39.46455383300781	0.9893778157745123
145.0	22492.0	4.0	4.0	2.0	1	0	1.0	39.46455383300781	0.9893778157745123
7025.0	22494.0	2.0	1.0	10.0	1,1,4,1,1,1,1,3,1	0,11,7,17,2,2,4,2,4	0.0	39.46455383300781	0.9946747286296723
7269.0	22495.0	16.0	4.0	3.0	1,4	0,5	1.0	39.46455383300781	0.9581834665770808
7081.0	22497.0	17.0	4.0	5.0	1,1,4,4	0,5,2,6	1.0	39.464542388916016	0.9556287548522426
3521.0	22498.0	5.0	4.0	2.0	1	0	1.0	39.46455383300781	0.9867399465659091
154.0	22501.0	3.0	1.0	2.0	1	0	0.0	39.46455383300781	0.9920227368451446
7243.0	22503.0	17.0	4.0	3.0	1,4	0,5	1.0	39.46455383300781	0.9556287674294172
141.0	22506.0	5.0	4.0	2.0	1	0	1.0	39.46455383300781	0.9867399465659091
7085.0	22507.0	17.0	4.0	5.0	1,1,4,4	0,5,2,6	1.0	39.464542388916016	0.9556287548522426
147.0	22509.0	4.0	1.0	2.0	1	0	0.0	39.46455383300781	0.9893778157745123
140.0	22512.0	5.0	4.0	2.0	4	0	1.0	39.46455383300781	0.9867399465659091
7105.0	22513.0	17.0	4.0	5.0	1,1,4,4	0,5,2,5	1.0	39.464542388916016	0.9556287548522426
134.0	22515.0	5.0	4.0	2.0	4	0	1.0	39.46455383300781	0.9867399465659091
162.0	22516.0	3.0	4.0	2.0	4	0	1.0	39.46455383300781	0.9920227368451446
151.0	22517.0	4.0	1.0	2.0	1	0	0.0	39.46455383300781	0.9893778157745123
3529.0	22518.0	4.0	4.0	2.0	4	0	1.0	39.46455383300781	0.9893778157745123
138.0	22519.0	2.0	4.0	3.0	1,1	0,3	1.0	39.46455383300781	0.9946747286296723
3533.0	22520.0	4.0	4.0	2.0	4	0	1.0	39.46455383300781	0.9893778157745123
3537.0	22521.0	3.0	1.0	2.0	4	0	0.0	39.46455383300781	0.9920227368451446
3517.0	22522.0	5.0	4.0	2.0	4	0	1.0	39.46455383300781	0.9867399465659091
152.0	22533.0	5.0	4.0	2.0	1	0	1.0	39.46455383300781	0.9867399465659091
7015.0	22534.0	2.0	4.0	4.0	1,4,1	0,12,39	1.0	39.464542388916016	0.9946747270895472
3528.0	22536.0	2.0	4.0	3.0	4,1	0,3	1.0	39.46455383300781	0.9946747286296723
160.0	22537.0	4.0	4.0	2.0	4	0	1.0	39.46455383300781	0.9893778157745123
6993.0	22539.0	23.0	1.0	7.0	1,3,1,1,4,4	0,2,12,7,3,8	0.0	39.46455383300781	0.9404429762045564
157.0	22542.0	4.0	1.0	2.0	1	0	0.0	39.46455383300781	0.9893778157745123
135.0	22543.0	2.0	4.0	3.0	4,1	0,4	1.0	39.46455383300781	0.9946747286296723
3541.0	22545.0	4.0	3.0	2.0	4	0	1.0	39.46455383300781	0.9893778157745123
7101.0	22546.0	6.0	4.0	7.0	1,4,1,4,1,4	0,3,10,2,7,2	1.0	39.464542388916016	0.9841091058464339
7223.0	22548.0	18.0	4.0	3.0	1,4	0,6	1.0	39.46455383300781	0.9530808795949964
7309.0	22549.0	15.0	4.0	3.0	1,4	0,5	1.0	39.46455383300781	0.9607449952467905
7099.0	22551.0	18.0	4.0	5.0	1,1,4,4	0,4,2,6	1.0	39.464542388916016	0.9530808663134939
7000.0	22552.0	41.0	4.0	3.0	4,4	0,12	1.0	39.46455383300781	0.896318218969975
3549.0	22554.0	3.0	4.0	2.0	4	0	1.0	39.46455383300781	0.9920227368451446
117.0	22555.0	2.0	1.0	4.0	4,1,1	0,4,2	0.0	39.464542388916016	0.9946747270895472
7232.0	22557.0	18.0	4.0	3.0	4,4	0,6	1.0	39.46455383300781	0.9530808795949964
3547.0	22558.0	3.0	4.0	2.0	4	0	1.0	39.46455383300781	0.9920227368451446
7234.0	22560.0	18.0	4.0	3.0	4,4	0,6	1.0	39.46455383300781	0.9530808795949964
3527.0	22561.0	5.0	4.0	2.0	4	0	1.0	39.46455383300781	0.9867399465659091
6966.0	22563.0	41.0	4.0	5.0	3,3,4,4	0,1,3,11	1.0	39.46455383300781	0.896318218969975
6991.0	22564.0	41.0	4.0	4.0	1,4,4	0,2,12	1.0	39.46455383300781	0.896318218969975
3538.0	22566.0	4.0	4.0	2.0	4	0	1.0	39.46455383300781	0.9893778157745123
7441.0	22567.0	5.0	4.0	4.0	1,1,4	0,5,2	1.0	39.46455383300781	0.9867399465659091
6975.0	22569.0	41.0	1.0	4.0	4,4,4	0,3,12	0.0	39.46455383300781	0.896318218969975
3550.0	22570.0	3.0	4.0	2.0	4	0	1.0	39.46455383300781	0.9920227368451446
6980.0	22572.0	41.0	4.0	3.0	4,4	0,14	1.0	39.46455383300781	0.896318218969975
3531.0	22573.0	5.0	4.0	2.0	4	0	1.0	39.46455383300781	0.9867399465659091
3553.0	22575.0	3.0	4.0	2.0	4	0	1.0	39.46455383300781	0.9920227368451446
7251.0	22576.0	18.0	4.0	3.0	1,4	0,5	1.0	39.46455383300781	0.9530808795949964
3551.0	22578.0	3.0	1.0	2.0	4	0	0.0	39.46455383300781	0.9920227368451446
163.0	22579.0	4.0	1.0	2.0	1	0	0.0	39.46455383300781	0.9893778157745123
7119.0	22581.0	18.0	4.0	5.0	1,1,4,4	0,3,2,6	1.0	39.464542388916016	0.9530808663134939
7006.0	22582.0	41.0	4.0	3.0	4,4	0,12	1.0	39.46455383300781	0.896318218969975
7028.0	22584.0	18.0	4.0	8.0	1,1,4,3,1,4,4	0,7,4,7,8,2,6	1.0	39.46455383300781	0.9530808795949964
3530.0	22585.0	5.0	4.0	2.0	4	0	1.0	39.46455383300781	0.9867399465659091
6996.0	22587.0	41.0	4.0	3.0	4,4	0,12	1.0	39.46455383300781	0.896318218969975
144.0	22588.0	5.0	4.0	2.0	1	0	1.0	39.46455383300781	0.9867399465659091
155.0	22590.0	4.0	4.0	2.0	4	0	1.0	39.46455383300781	0.9893778157745123
6994.0	22591.0	41.0	4.0	4.0	1,3,4	0,2,12	1.0	39.46455383300781	0.896318218969975
49.0	22600.0	2.0	4.0	3.0	1,1	0,5	1.0	39.46455383300781	0.9946747286296723
51.0	22601.0	2.0	4.0	3.0	4,1	0,5	1.0	39.46455383300781	0.9946747286296723
44.0	22602.0	2.0	4.0	3.0	4,1	0,5	1.0	39.46455383300781	0.9946747286296723
101.0	22603.0	2.0	1.0	3.0	1,1	0,3	0.0	39.46455383300781	0.9946747286296723
71.0	22604.0	2.0	1.0	3.0	3,1	0,4	0.0	39.46455383300781	0.9946747286296723
47.0	22605.0	2.0	4.0	3.0	1,1	0,5	1.0	39.46455383300781	0.9946747286296723
41.0	22606.0	2.0	4.0	4.0	1,1,1	0,4,2	1.0	39.464542388916016	0.9946747270895472
86.0	22607.0	5.0	4.0	2.0	4	0	1.0	39.46455383300781	0.9867399465659091
99.0	22608.0	5.0	1.0	2.0	4	0	0.0	39.46455383300781	0.9867399465659091
61.0	22609.0	2.0	1.0	3.0	1,1	0,5	0.0	39.46455383300781	0.9946747286296723
22.0	22610.0	2.0	4.0	4.0	1,1,1	0,5,2	1.0	39.464542388916016	0.9946747270895472
104.0	22611.0	4.0	1.0	2.0	1	0	0.0	39.46455383300781	0.9893778157745123
88.0	22612.0	5.0	4.0	2.0	4	0	1.0	39.46455383300781	0.9867399465659091
84.0	22613.0	5.0	1.0	2.0	1	0	0.0	39.46455383300781	0.9867399465659091
53.0	22614.0	2.0	1.0	3.0	4,1	0,5	0.0	39.46455383300781	0.9946747286296723
92.0	22615.0	5.0	1.0	2.0	4	0	0.0	39.46455383300781	0.9867399465659091
55.0	22616.0	2.0	1.0	3.0	1,1	0,5	0.0	39.46455383300781	0.9946747286296723
102.0	22617.0	5.0	4.0	2.0	4	0	1.0	39.46455383300781	0.9867399465659091
103.0	22618.0	2.0	4.0	3.0	4,1	0,3	1.0	39.46455383300781	0.9946747286296723
2.0	22619.0	4.0	1.0	2.0	4	0	0.0	39.46455383300781	0.9893778157745123
58.0	22620.0	2.0	4.0	3.0	4,1	0,5	1.0	39.46455383300781	0.9946747286296723
7703.0	22633.0	4.0	4.0	2.0	1	0	1.0	39.46455383300781	0.9893778157745123
7696.0	22634.0	5.0	1.0	2.0	4	0	0.0	39.46455383300781	0.9867399465659091
7647.0	22636.0	2.0	1.0	3.0	1,1	0,5	0.0	39.46455383300781	0.9946747286296723
7672.0	22638.0	2.0	4.0	3.0	1,1	0,4	1.0	39.46455383300781	0.9946747286296723
7680.0	22640.0	5.0	1.0	2.0	4	0	0.0	39.46455383300781	0.9867399465659091
7649.0	22642.0	2.0	1.0	3.0	1,1	0,5	0.0	39.46455383300781	0.9946747286296723
7697.0	22644.0	5.0	4.0	2.0	4	0	1.0	39.46455383300781	0.9867399465659091
7731.0	22646.0	3.0	4.0	2.0	1	0	1.0	39.46455383300781	0.9920227368451446
7723.0	22648.0	3.0	4.0	2.0	4	0	1.0	39.46455383300781	0.9920227368451446
7730.0	22656.0	3.0	4.0	2.0	4	0	1.0	39.46455383300781	0.9920227368451446
7707.0	22658.0	4.0	4.0	2.0	4	0	1.0	39.46455383300781	0.9893778157745123
7718.0	22660.0	3.0	4.0	2.0	4	0	1.0	39.46455383300781	0.9920227368451446
7603.0	22664.0	2.0	1.0	5.0	3,1,1,1	0,3,2,2	0.0	39.46455383300781	0.9946747286296723
7679.0	22666.0	2.0	4.0	3.0	1,1	0,3	1.0	39.46455383300781	0.9946747286296723
7665.0	22668.0	2.0	4.0	3.0	4,1	0,4	1.0	39.46455383300781	0.9946747286296723
7717.0	22670.0	4.0	1.0	2.0	1	0	0.0	39.46455383300781	0.9893778157745123
7712.0	22672.0	4.0	4.0	2.0	1	0	1.0	39.46455383300781	0.9893778157745123
7622.0	22674.0	2.0	4.0	4.0	1,1,1	0,4,2	1.0	39.464542388916016	0.9946747270895472
7721.0	22678.0	3.0	1.0	2.0	4	0	0.0	39.46455383300781	0.9920227368451446
7666.0	22680.0	2.0	4.0	3.0	4,1	0,4	1.0	39.46455383300781	0.9946747286296723
7733.0	22682.0	3.0	4.0	2.0	1	0	1.0	39.46455383300781	0.9920227368451446
7654.0	22684.0	2.0	4.0	3.0	1,1	0,5	1.0	39.46455383300781	0.9946747286296723
7715.0	22686.0	4.0	4.0	2.0	1	0	1.0	39.46455383300781	0.9893778157745123
7720.0	22688.0	3.0	4.0	2.0	4	0	1.0	39.46455383300781	0.9920227368451446
7611.0	22689.0	2.0	4.0	5.0	3,1,1,1	0,3,2,2	1.0	39.46455383300781	0.9946747286296723
7648.0	22690.0	2.0	4.0	3.0	1,1	0,5	1.0	39.46455383300781	0.9946747286296723
3545.0	22699.0	5.0	4.0	2.0	4	0	1.0	39.46455383300781	0.9867399465659091
174.0	22700.0	3.0	1.0	2.0	1	0	0.0	39.46455383300781	0.9920227368451446
181.0	22701.0	3.0	4.0	2.0	1	0	1.0	39.46455383300781	0.9920227368451446
151.0	22703.0	2.0	4.0	3.0	1,1	0,4	1.0	39.46455383300781	0.9946747286296723
3542.0	22704.0	5.0	4.0	2.0	4	0	1.0	39.46455383300781	0.9867399465659091
3496.0	22706.0	7.0	4.0	3.0	4,4	0,3	1.0	39.46455383300781	0.981485288578503
6971.0	22707.0	24.0	4.0	8.0	1,3,4,1,2,4,4	0,1,3,11,7,3,8	1.0	39.46455383300781	0.9379355765743806
169.0	22709.0	4.0	4.0	2.0	4	0	1.0	39.46455383300781	0.9893778157745123
3556.0	22710.0	3.0	4.0	2.0	4	0	1.0	39.46455383300781	0.9920227368451446
139.0	22712.0	2.0	4.0	3.0	1,1	0,5	1.0	39.46455383300781	0.9946747286296723
3536.0	22713.0	5.0	4.0	2.0	4	0	1.0	39.46455383300781	0.9867399465659091
3537.0	22716.0	2.0	4.0	3.0	4,1	0,3	1.0	39.46455383300781	0.9946747286296723
7303.0	22718.0	6.0	4.0	7.0	1,1,1,4,1,4	0,3,2,2,6,2	1.0	39.46455383300781	0.9841091104177311
7011.0	22719.0	42.0	4.0	3.0	4,4	0,12	1.0	39.46455383300781	0.8939284643249509
3559.0	22721.0	3.0	4.0	2.0	4	0	1.0	39.46455383300781	0.9920227368451446
7330.0	22722.0	14.0	4.0	3.0	4,4	0,5	1.0	39.46455383300781	0.9633133716960274
171.0	22724.0	4.0	4.0	2.0	4	0	1.0	39.46455383300781	0.9893778157745123
7262.0	22727.0	5.0	4.0	8.0	2,1,2,1,2,1,4	0,4,2,3,4,3,2	1.0	39.46455383300781	0.9867399465659091
7005.0	22728.0	42.0	1.0	3.0	1,4	0,12	0.0	39.46455383300781	0.8939284643249509
168.0	22730.0	4.0	1.0	2.0	1	0	0.0	39.46455383300781	0.9893778157745123
158.0	22733.0	5.0	4.0	2.0	1	0	1.0	39.46455383300781	0.9867399465659091
147.0	22734.0	2.0	4.0	3.0	1,1	0,4	1.0	39.46455383300781	0.9946747286296723
7010.0	22736.0	42.0	4.0	3.0	4,4	0,12	1.0	39.46455383300781	0.8939284643249509
7451.0	22737.0	6.0	4.0	4.0	1,1,4	0,5,2	1.0	39.46455383300781	0.9841091104177311
161.0	22739.0	5.0	4.0	2.0	1	0	1.0	39.46455383300781	0.9867399465659091
7245.0	22740.0	2.0	1.0	7.0	1,1,4,1,4,1	0,5,2,7,2,6	0.0	39.46455383300781	0.9946747286296723
7260.0	22742.0	18.0	4.0	3.0	4,4	0,5	1.0	39.46455383300781	0.9530808795949964
7448.0	22743.0	6.0	4.0	4.0	4,1,4	0,5,2	1.0	39.46455383300781	0.9841091104177311
7025.0	22745.0	2.0	4.0	11.0	1,1,4,1,1,1,1,3,1,1	0,11,7,17,2,2,4,2,4,2	1.0	39.46455383300781	0.9946747286296723
7049.0	22748.0	25.0	4.0	5.0	1,1,4,4	0,7,3,7	1.0	39.464542388916016	0.9354348440429495
7311.0	22749.0	16.0	4.0	3.0	4,4	0,5	1.0	39.46455383300781	0.9581834665770808
3540.0	22751.0	5.0	4.0	2.0	4	0	1.0	39.46455383300781	0.9867399465659091
149.0	22752.0	2.0	4.0	3.0	1,1	0,4	1.0	39.46455383300781	0.9946747286296723
175.0	22754.0	3.0	4.0	2.0	4	0	1.0	39.46455383300781	0.9920227368451446
167.0	22755.0	4.0	4.0	2.0	4	0	1.0	39.46455383300781	0.9893778157745123
3548.0	22757.0	4.0	1.0	2.0	4	0	0.0	39.46455383300781	0.9893778157745123
3560.0	22758.0	3.0	4.0	2.0	4	0	1.0	39.46455383300781	0.9920227368451446
166.0	22760.0	4.0	4.0	2.0	4	0	1.0	39.46455383300781	0.9893778157745123
7399.0	22761.0	6.0	4.0	4.0	1,1,4	0,7,2	1.0	39.46455383300781	0.9841091104177311
156.0	22763.0	5.0	4.0	2.0	4	0	1.0	39.46455383300781	0.9867399465659091
173.0	22764.0	3.0	4.0	2.0	1	0	1.0	39.46455383300781	0.9920227368451446
3552.0	22766.0	4.0	4.0	2.0	4	0	1.0	39.46455383300781	0.9893778157745123
154.0	22767.0	2.0	4.0	3.0	1,1	0,3	1.0	39.46455383300781	0.9946747286296723
7736.0	22774.0	4.0	4.0	2.0	1	0	1.0	39.46455383300781	0.9893778157745123
7727.0	22776.0	4.0	4.0	2.0	4	0	1.0	39.46455383300781	0.9893778157745123
7744.0	22778.0	3.0	4.0	2.0	4	0	1.0	39.46455383300781	0.9920227368451446
7699.0	22780.0	5.0	4.0	2.0	4	0	1.0	39.46455383300781	0.9867399465659091
7701.0	22782.0	5.0	4.0	2.0	4	0	1.0	39.46455383300781	0.9867399465659091
7732.0	22784.0	4.0	4.0	2.0	1	0	1.0	39.46455383300781	0.9893778157745123
7700.0	22786.0	5.0	4.0	2.0	1	0	1.0	39.46455383300781	0.9867399465659091
7747.0	22788.0	3.0	1.0	2.0	1	0	0.0	39.46455383300781	0.9920227368451446
7702.0	22790.0	5.0	4.0	2.0	1	0	1.0	39.46455383300781	0.9867399465659091
7753.0	22792.0	3.0	4.0	2.0	4	0	1.0	39.46455383300781	0.9920227368451446
7743.0	22794.0	3.0	1.0	2.0	1	0	0.0	39.46455383300781	0.9920227368451446
7734.0	22796.0	4.0	4.0	2.0	4	0	1.0	39.46455383300781	0.9893778157745123
7706.0	22798.0	2.0	1.0	3.0	1,1	0,3	0.0	39.46455383300781	0.9946747286296723
7749.0	22800.0	3.0	4.0	2.0	4	0	1.0	39.46455383300781	0.9920227368451446
7716.0	22802.0	5.0	1.0	2.0	1	0	0.0	39.46455383300781	0.9867399465659091
7719.0	22804.0	4.0	1.0	2.0	1	0	0.0	39.46455383300781	0.9893778157745123
7740.0	22806.0	3.0	1.0	2.0	1	0	0.0	39.46455383300781	0.9920227368451446
7685.0	22808.0	2.0	1.0	3.0	1,1	0,4	0.0	39.46455383300781	0.9946747286296723
7714.0	22810.0	5.0	4.0	2.0	4	0	1.0	39.46455383300781	0.9867399465659091
7709.0	22812.0	5.0	4.0	2.0	4	0	1.0	39.46455383300781	0.9867399465659091
7691.0	22814.0	2.0	4.0	3.0	4,1	0,4	1.0	39.46455383300781	0.9946747286296723
7751.0	22816.0	3.0	4.0	2.0	1	0	1.0	39.46455383300781	0.9920227368451446
7673.0	22818.0	2.0	4.0	4.0	1,1,1	0,3,2	1.0	39.464542388916016	0.9946747270895472
7738.0	22820.0	3.0	4.0	2.0	4	0	1.0	39.46455383300781	0.9920227368451446
7748.0	22821.0	3.0	1.0	2.0	1	0	0.0	39.46455383300781	0.9920227368451446
7704.0	22823.0	5.0	4.0	2.0	4	0	1.0	39.46455383300781	0.9867399465659091
7750.0	22824.0	3.0	1.0	2.0	1	0	0.0	39.46455383300781	0.9920227368451446
7698.0	22826.0	2.0	1.0	3.0	4,1	0,3	0.0	39.46455383300781	0.9946747286296723
7726.0	22828.0	4.0	1.0	2.0	1	0	0.0	39.46455383300781	0.9893778157745123
7710.0	22830.0	5.0	4.0	2.0	4	0	1.0	39.46455383300781	0.9867399465659091
87.0	22849.0	2.0	1.0	3.0	1,1	0,4	0.0	39.46455383300781	0.9946747286296723
43.0	22850.0	2.0	4.0	4.0	1,1,1	0,5,2	1.0	39.464542388916016	0.9946747270895472
0.0	22851.0	5.0	4.0	2.0	4	0	1.0	39.46455383300781	0.9867399465659091
56.0	22852.0	2.0	4.0	4.0	1,1,1	0,4,2	1.0	39.464542388916016	0.9946747270895472
74.0	22853.0	2.0	4.0	4.0	3,1,1	0,3,2	1.0	39.464542388916016	0.9946747270895472
3.0	22854.0	5.0	2.0	2.0	1	0	1.0	39.46455383300781	0.9867399465659091
67.0	22855.0	2.0	4.0	3.0	1,1	0,5	1.0	39.46455383300781	0.9946747286296723
107.0	22856.0	2.0	4.0	3.0	1,1	0,3	1.0	39.46455383300781	0.9946747286296723
27.0	22857.0	2.0	4.0	4.0	1,1,1	0,5,2	1.0	39.464542388916016	0.9946747270895472
1.0	22858.0	5.0	1.0	2.0	4	0	0.0	39.46455383300781	0.9867399465659091
59.0	22859.0	2.0	4.0	4.0	1,1,1	0,4,2	1.0	39.464542388916016	0.9946747270895472
105.0	22860.0	5.0	4.0	2.0	4	0	1.0	39.46455383300781	0.9867399465659091
183.0	22864.0	3.0	4.0	2.0	4	0	1.0	39.46455383300781	0.9920227368451446
3554.0	22865.0	5.0	4.0	2.0	4	0	1.0	39.46455383300781	0.9867399465659091
3568.0	22866.0	3.0	4.0	2.0	4	0	1.0	39.46455383300781	0.9920227368451446
7004.0	22868.0	43.0	4.0	3.0	4,4	0,12	1.0	39.46455383300781	0.8915450812197911
6975.0	22869.0	2.0	4.0	5.0	4,4,4,1	0,3,12,41	1.0	39.464542388916016	0.9946747270895472
7222.0	22871.0	20.0	4.0	3.0	4,4	0,6	1.0	39.46455383300781	0.9480054652732826
157.0	22872.0	2.0	4.0	3.0	1,1	0,4	1.0	39.46455383300781	0.9946747286296723
178.0	22874.0	4.0	1.0	2.0	1	0	0.0	39.46455383300781	0.9893778157745123
163.0	22875.0	2.0	4.0	3.0	1,1	0,4	1.0	39.46455383300781	0.9946747286296723
188.0	22878.0	3.0	1.0	2.0	1	0	0.0	39.46455383300781	0.9920227368451446
7329.0	22880.0	15.0	4.0	3.0	1,4	0,5	1.0	39.46455383300781	0.9607449952467905
3562.0	22881.0	4.0	4.0	2.0	4	0	1.0	39.46455383300781	0.9893778157745123
213.0	22882.0	1.0	1.0	2.0	1	0	0.0	39.46455383300781	0.997333810030359
214.0	22883.0	1.0	1.0	2.0	1	0	0.0	39.46455383300781	0.997333810030359
178.0	22884.0	1.0	1.0	3.0	1,1	0,4	0.0	39.46455383300781	0.997333810030359
188.0	22885.0	1.0	4.0	3.0	1,1	0,3	1.0	39.46455383300781	0.997333810030359
3557.0	22887.0	5.0	4.0	2.0	4	0	1.0	39.46455383300781	0.9867399465659091
7179.0	22888.0	18.0	4.0	5.0	1,1,4,4	0,3,2,6	1.0	39.464542388916016	0.9530808663134939
190.0	22889.0	4.0	1.0	2.0	1	0	0.0	39.46455383300781	0.9893778157745123
3558.0	22891.0	5.0	4.0	2.0	4	0	1.0	39.46455383300781	0.9867399465659091
3551.0	22892.0	3.0	4.0	3.0	4,1	0,3	1.0	39.46455383300781	0.9920227368451446
187.0	22893.0	4.0	4.0	2.0	4	0	1.0	39.46455383300781	0.9893778157745123
7013.0	22895.0	44.0	4.0	3.0	1,4	0,12	1.0	39.46455383300781	0.8891680526667602
7371.0	22897.0	15.0	4.0	3.0	4,4	0,4	1.0	39.46455383300781	0.9607449952467905
7218.0	22899.0	21.0	4.0	3.0	4,4	0,6	1.0	39.46455383300781	0.9454779026106062
3572.0	22900.0	4.0	4.0	2.0	4	0	1.0	39.46455383300781	0.9893778157745123
164.0	22901.0	6.0	4.0	2.0	4	0	1.0	39.46455383300781	0.9841091104177311
7323.0	22903.0	6.0	4.0	7.0	1,1,1,1,1,4	0,5,4,2,2,2	1.0	39.46455383300781	0.9841091104177311
7236.0	22904.0	21.0	4.0	3.0	4,4	0,6	1.0	39.46455383300781	0.9454779026106062
6993.0	22905.0	3.0	1.0	8.0	1,3,1,1,4,4,1	0,2,12,7,3,8,23	0.0	39.46455383300781	0.9920227368451446
117.0	22907.0	3.0	4.0	5.0	4,1,1,1	0,4,2,2	1.0	39.46455383300781	0.9920227368451446
7145.0	22908.0	18.0	4.0	6.0	1,1,1,4,4	0,3,2,2,6	1.0	39.46455383300781	0.9530808795949964
3564.0	22909.0	4.0	4.0	2.0	4	0	1.0	39.46455383300781	0.9893778157745123
165.0	22911.0	6.0	4.0	2.0	1	0	1.0	39.46455383300781	0.9841091104177311
180.0	22912.0	5.0	4.0	2.0	4	0	1.0	39.46455383300781	0.9867399465659091
7453.0	22913.0	6.0	4.0	5.0	1,1,1,4	0,5,2,2	1.0	39.464542388916016	0.9841091058464339
170.0	22915.0	6.0	4.0	2.0	4	0	1.0	39.46455383300781	0.9841091104177311
3561.0	22917.0	5.0	1.0	2.0	1	0	0.0	39.46455383300781	0.9867399465659091
7313.0	22919.0	18.0	1.0	3.0	4,4	0,5	0.0	39.46455383300781	0.9530808795949964
177.0	22920.0	5.0	4.0	2.0	1	0	1.0	39.46455383300781	0.9867399465659091
7181.0	22921.0	18.0	4.0	5.0	1,1,4,4	0,3,2,6	1.0	39.464542388916016	0.9530808663134939
186.0	22923.0	4.0	4.0	2.0	1	0	1.0	39.46455383300781	0.9893778157745123
3546.0	22924.0	6.0	4.0	2.0	4	0	1.0	39.46455383300781	0.9841091104177311
172.0	22925.0	6.0	1.0	2.0	1	0	0.0	39.46455383300781	0.9841091104177311
6864.0	22927.0	4.0	1.0	4.0	2,2,1	0,1,1889	0.0	39.464542388916016	0.989377812710665
7061.0	22928.0	7.0	1.0	7.0	1,1,4,4,1,4	0,3,2,6,17,2	0.0	39.46455383300781	0.981485288578503
7227.0	22929.0	21.0	4.0	3.0	4,4	0,6	1.0	39.46455383300781	0.9454779026106062
176.0	22931.0	5.0	4.0	2.0	4	0	1.0	39.46455383300781	0.9867399465659091
7466.0	22932.0	9.0	4.0	3.0	4,4	0,3	1.0	39.46455383300781	0.9762586130708382
7470.0	22933.0	9.0	4.0	3.0	4,4	0,3	1.0	39.46455383300781	0.9762586130708382
7226.0	22935.0	21.0	4.0	3.0	4,4	0,6	1.0	39.46455383300781	0.9454779026106062
3566.0	22936.0	4.0	4.0	2.0	4	0	1.0	39.46455383300781	0.9893778157745123
7359.0	22937.0	11.0	4.0	4.0	1,1,4	0,4,4	1.0	39.46455383300781	0.9710597710286163
3574.0	22939.0	3.0	4.0	2.0	4	0	1.0	39.46455383300781	0.9920227368451446
6977.0	22940.0	7.0	4.0	6.0	4,4,4,1,4	0,3,11,35,2	1.0	39.464542388916016	0.9814852832595423
7245.0	22941.0	2.0	1.0	8.0	1,1,4,1,4,1,1	0,5,2,7,2,6,2	0.0	39.46455383300781	0.9946747286296723
7219.0	22943.0	21.0	4.0	3.0	1,4	0,6	1.0	39.46455383300781	0.9454779026106062
196.0	22944.0	3.0	4.0	2.0	4	0	1.0	39.46455383300781	0.9920227368451446
7069.0	22947.0	6.0	4.0	9.0	4,1,1,1,4,4,1,4	0,5,2,2,2,5,13,2	1.0	39.46455383300781	0.9841091104177311
3570.0	22948.0	4.0	4.0	2.0	4	0	1.0	39.46455383300781	0.9893778157745123
3548.0	22949.0	2.0	4.0	3.0	4,1	0,4	1.0	39.46455383300781	0.9946747286296723
7005.0	22951.0	2.0	4.0	4.0	1,4,1	0,12,42	1.0	39.464542388916016	0.9946747270895472
123.0	22952.0	8.0	4.0	3.0	4,4	0,3	1.0	39.46455383300781	0.9788684623467448
3495.0	22953.0	9.0	4.0	3.0	4,4	0,3	1.0	39.46455383300781	0.9762586130708382
179.0	22955.0	5.0	4.0	2.0	4	0	1.0	39.46455383300781	0.9867399465659091
174.0	22956.0	2.0	4.0	3.0	1,1	0,3	1.0	39.46455383300781	0.9946747286296723
184.0	22957.0	4.0	4.0	2.0	4	0	1.0	39.46455383300781	0.9893778157745123
7427.0	22959.0	6.0	4.0	5.0	1,1,1,4	0,6,2,2	1.0	39.464542388916016	0.9841091058464339
3555.0	22960.0	5.0	4.0	2.0	1	0	1.0	39.46455383300781	0.9867399465659091
197.0	22961.0	3.0	4.0	2.0	4	0	1.0	39.46455383300781	0.9920227368451446
168.0	22963.0	2.0	4.0	3.0	1,1	0,4	1.0	39.46455383300781	0.9946747286296723
199.0	22964.0	3.0	4.0	2.0	4	0	1.0	39.46455383300781	0.9920227368451446
7373.0	22967.0	15.0	4.0	3.0	4,4	0,4	1.0	39.46455383300781	0.9607449952467905
7472.0	22968.0	9.0	4.0	3.0	4,4	0,3	1.0	39.46455383300781	0.9762586130708382
7083.0	22969.0	21.0	4.0	5.0	1,1,4,4	0,4,2,7	1.0	39.464542388916016	0.9454778872391282
194.0	22971.0	3.0	4.0	2.0	4	0	1.0	39.46455383300781	0.9920227368451446
7469.0	22972.0	9.0	4.0	3.0	4,4	0,3	1.0	39.46455383300781	0.9762586130708382
3563.0	22973.0	5.0	4.0	2.0	4	0	1.0	39.46455383300781	0.9867399465659091
3505.0	22974.0	8.0	4.0	3.0	4,4	0,3	1.0	39.46455383300781	0.9788684623467448
3582.0	22975.0	3.0	4.0	2.0	4	0	1.0	39.46455383300781	0.9920227368451446
7737.0	22990.0	6.0	4.0	2.0	4	0	1.0	39.46455383300781	0.9841091104177311
7752.0	22991.0	5.0	4.0	2.0	4	0	1.0	39.46455383300781	0.9867399465659091
7765.0	22992.0	4.0	4.0	2.0	4	0	1.0	39.46455383300781	0.9893778157745123
7649.0	22994.0	3.0	4.0	4.0	1,1,1	0,5,2	1.0	39.464542388916016	0.9920227345411162
7647.0	22995.0	3.0	4.0	4.0	1,1,1	0,5,2	1.0	39.464542388916016	0.9920227345411162
7754.0	22997.0	5.0	4.0	2.0	1	0	1.0	39.46455383300781	0.9867399465659091
7724.0	22998.0	6.0	4.0	2.0	1	0	1.0	39.46455383300781	0.9841091104177311
7603.0	23000.0	3.0	4.0	6.0	3,1,1,1,1	0,3,2,2,2	1.0	39.46455383300781	0.9920227368451446
7766.0	23001.0	4.0	4.0	2.0	4	0	1.0	39.46455383300781	0.9893778157745123
7735.0	23003.0	6.0	1.0	2.0	1	0	0.0	39.46455383300781	0.9841091104177311
7775.0	23004.0	4.0	1.0	2.0	1	0	0.0	39.46455383300781	0.9893778157745123
7696.0	23007.0	3.0	4.0	3.0	4,1	0,5	1.0	39.46455383300781	0.9920227368451446
7680.0	23011.0	3.0	1.0	3.0	4,1	0,5	0.0	39.46455383300781	0.9920227368451446
7717.0	23012.0	3.0	1.0	3.0	1,1	0,4	0.0	39.46455383300781	0.9920227368451446
7729.0	23014.0	6.0	4.0	2.0	4	0	1.0	39.46455383300781	0.9841091104177311
7725.0	23015.0	6.0	1.0	2.0	1	0	0.0	39.46455383300781	0.9841091104177311
7728.0	23016.0	6.0	4.0	2.0	4	0	1.0	39.46455383300781	0.9841091104177311
7764.0	23018.0	4.0	1.0	2.0	1	0	0.0	39.46455383300781	0.9893778157745123
7721.0	23019.0	3.0	4.0	3.0	4,1	0,3	1.0	39.46455383300781	0.9920227368451446
7769.0	23020.0	4.0	4.0	2.0	4	0	1.0	39.46455383300781	0.9893778157745123
7722.0	23022.0	6.0	4.0	2.0	4	0	1.0	39.46455383300781	0.9841091104177311
7763.0	23023.0	4.0	4.0	2.0	4	0	1.0	39.46455383300781	0.9893778157745123
7756.0	23024.0	5.0	4.0	2.0	1	0	1.0	39.46455383300781	0.9867399465659091
7726.0	23027.0	2.0	1.0	3.0	1,1	0,4	0.0	39.46455383300781	0.9946747286296723
7739.0	23028.0	5.0	1.0	2.0	1	0	0.0	39.46455383300781	0.9867399465659091
7797.0	23030.0	3.0	4.0	2.0	4	0	1.0	39.46455383300781	0.9920227368451446
7755.0	23031.0	5.0	4.0	2.0	4	0	1.0	39.46455383300781	0.9867399465659091
7719.0	23032.0	2.0	4.0	3.0	1,1	0,4	1.0	39.46455383300781	0.9946747286296723
7757.0	23034.0	5.0	4.0	2.0	4	0	1.0	39.46455383300781	0.9867399465659091
7743.0	23035.0	2.0	1.0	3.0	1,1	0,3	0.0	39.46455383300781	0.9946747286296723
7716.0	23036.0	2.0	1.0	3.0	1,1	0,5	0.0	39.46455383300781	0.9946747286296723
7779.0	23038.0	3.0	4.0	2.0	1	0	1.0	39.46455383300781	0.9920227368451446
7746.0	23039.0	5.0	4.0	2.0	4	0	1.0	39.46455383300781	0.9867399465659091
7745.0	23040.0	5.0	4.0	2.0	4	0	1.0	39.46455383300781	0.9867399465659091
7685.0	23042.0	2.0	1.0	4.0	1,1,1	0,4,2	0.0	39.464542388916016	0.9946747270895472
7750.0	23043.0	2.0	1.0	3.0	1,1	0,3	0.0	39.46455383300781	0.9946747286296723
7645.0	23044.0	7.0	4.0	3.0	4,4	0,3	1.0	39.46455383300781	0.981485288578503
7610.0	23046.0	6.0	4.0	4.0	3,1,4	0,4,2	1.0	39.46455383300781	0.9841091104177311
7767.0	23047.0	4.0	4.0	2.0	1	0	1.0	39.46455383300781	0.9893778157745123
7698.0	23048.0	2.0	4.0	4.0	4,1,1	0,3,2	1.0	39.464542388916016	0.9946747270895472
7740.0	23050.0	2.0	1.0	3.0	1,1	0,3	0.0	39.46455383300781	0.9946747286296723
7643.0	23051.0	5.0	4.0	4.0	4,1,4	0,3,2	1.0	39.46455383300781	0.9867399465659091
7787.0	23052.0	3.0	1.0	2.0	1	0	0.0	39.46455383300781	0.9920227368451446
7771.0	23054.0	4.0	4.0	2.0	4	0	1.0	39.46455383300781	0.9893778157745123
7747.0	23056.0	2.0	4.0	3.0	1,1	0,3	1.0	39.46455383300781	0.9946747286296723
7760.0	23058.0	4.0	4.0	2.0	4	0	1.0	39.46455383300781	0.9893778157745123
7741.0	23059.0	5.0	4.0	2.0	1	0	1.0	39.46455383300781	0.9867399465659091
7706.0	23060.0	2.0	4.0	4.0	1,1,1	0,3,2	1.0	39.464542388916016	0.9946747270895472
7742.0	23062.0	5.0	1.0	2.0	1	0	0.0	39.46455383300781	0.9867399465659091
7601.0	23063.0	9.0	4.0	3.0	3,4	0,3	1.0	39.46455383300781	0.9762586130708382
7795.0	23064.0	3.0	4.0	2.0	4	0	1.0	39.46455383300781	0.9920227368451446
7761.0	23066.0	4.0	4.0	2.0	4	0	1.0	39.46455383300781	0.9893778157745123
7789.0	23067.0	3.0	1.0	2.0	4	0	0.0	39.46455383300781	0.9920227368451446
7774.0	23068.0	4.0	4.0	2.0	1	0	1.0	39.46455383300781	0.9893778157745123
7606.0	23070.0	9.0	4.0	3.0	3,4	0,3	1.0	39.46455383300781	0.9762586130708382
7600.0	23071.0	9.0	4.0	3.0	3,4	0,3	1.0	39.46455383300781	0.9762586130708382
7748.0	23074.0	2.0	1.0	3.0	1,1	0,3	0.0	39.46455383300781	0.9946747286296723
7794.0	23075.0	3.0	4.0	2.0	4	0	1.0	39.46455383300781	0.9920227368451446
7639.0	23076.0	7.0	4.0	3.0	4,4	0,3	1.0	39.46455383300781	0.981485288578503
7772.0	23077.0	4.0	4.0	2.0	4	0	1.0	39.46455383300781	0.9893778157745123
104.0	23104.0	3.0	4.0	3.0	1,1	0,4	1.0	39.46455383300781	0.9920227368451446
14.0	23105.0	6.0	4.0	4.0	1,1,4	0,4,2	1.0	39.46455383300781	0.9841091104177311
29.0	23106.0	6.0	4.0	4.0	1,1,4	0,3,2	1.0	39.46455383300781	0.9841091104177311
71.0	23107.0	3.0	1.0	4.0	3,1,1	0,4,2	0.0	39.464542388916016	0.9920227345411162
53.0	23108.0	3.0	1.0	4.0	4,1,1	0,5,2	0.0	39.464542388916016	0.9920227345411162
99.0	23109.0	3.0	1.0	3.0	4,1	0,5	0.0	39.46455383300781	0.9920227368451446
84.0	23110.0	3.0	4.0	3.0	1,1	0,5	1.0	39.46455383300781	0.9920227368451446
55.0	23111.0	3.0	4.0	4.0	1,1,1	0,5,2	1.0	39.464542388916016	0.9920227345411162
61.0	23112.0	3.0	4.0	4.0	1,1,1	0,5,2	1.0	39.464542388916016	0.9920227345411162
2.0	23113.0	3.0	4.0	3.0	4,1	0,4	1.0	39.46455383300781	0.9920227368451446
92.0	23114.0	3.0	4.0	3.0	4,1	0,5	1.0	39.46455383300781	0.9920227368451446
101.0	23115.0	3.0	1.0	4.0	1,1,1	0,3,2	0.0	39.464542388916016	0.9920227345411162
23.0	23116.0	6.0	4.0	4.0	1,1,4	0,4,2	1.0	39.46455383300781	0.9841091104177311
18.0	23117.0	9.0	4.0	3.0	4,4	0,3	1.0	39.46455383300781	0.9762586130708382
1.0	23118.0	2.0	1.0	3.0	4,1	0,5	0.0	39.46455383300781	0.9946747286296723
60.0	23119.0	7.0	4.0	3.0	4,4	0,3	1.0	39.46455383300781	0.981485288578503
17.0	23120.0	6.0	4.0	4.0	1,1,4	0,4,2	1.0	39.46455383300781	0.9841091104177311
46.0	23121.0	5.0	4.0	4.0	1,1,4	0,3,2	1.0	39.46455383300781	0.9867399465659091
7810.0	23127.0	3.0	4.0	2.0	4	0	1.0	39.46455383300781	0.9920227368451446
7625.0	23128.0	6.0	4.0	4.0	1,1,4	0,4,2	1.0	39.46455383300781	0.9841091104177311
7777.0	23129.0	5.0	4.0	2.0	4	0	1.0	39.46455383300781	0.9867399465659091
7803.0	23130.0	3.0	4.0	2.0	4	0	1.0	39.46455383300781	0.9920227368451446
7791.0	23131.0	4.0	4.0	2.0	1	0	1.0	39.46455383300781	0.9893778157745123
7640.0	23132.0	8.0	1.0	3.0	1,4	0,3	0.0	39.46455383300781	0.9788684623467448
7793.0	23133.0	4.0	4.0	2.0	4	0	1.0	39.46455383300781	0.9893778157745123
7784.0	23134.0	4.0	4.0	2.0	1	0	1.0	39.46455383300781	0.9893778157745123
7608.0	23135.0	10.0	1.0	3.0	3,4	0,3	0.0	39.46455383300781	0.9736557221488931
7792.0	23136.0	4.0	4.0	2.0	4	0	1.0	39.46455383300781	0.9893778157745123
7816.0	23137.0	3.0	4.0	2.0	1	0	1.0	39.46455383300781	0.9920227368451446
7620.0	23138.0	9.0	4.0	3.0	4,4	0,3	1.0	39.46455383300781	0.9762586130708382
7790.0	23139.0	4.0	4.0	2.0	4	0	1.0	39.46455383300781	0.9893778157745123
7762.0	23140.0	5.0	4.0	2.0	4	0	1.0	39.46455383300781	0.9867399465659091
7805.0	23141.0	3.0	4.0	2.0	4	0	1.0	39.46455383300781	0.9920227368451446
7768.0	23142.0	5.0	4.0	2.0	4	0	1.0	39.46455383300781	0.9867399465659091
7773.0	23143.0	5.0	4.0	2.0	1	0	1.0	39.46455383300781	0.9867399465659091
7759.0	23144.0	5.0	4.0	2.0	4	0	1.0	39.46455383300781	0.9867399465659091
7615.0	23145.0	6.0	4.0	4.0	3,1,4	0,5,2	1.0	39.46455383300781	0.9841091104177311
7776.0	23146.0	5.0	4.0	2.0	1	0	1.0	39.46455383300781	0.9867399465659091
7623.0	23147.0	9.0	4.0	3.0	4,4	0,3	1.0	39.46455383300781	0.9762586130708382
7770.0	23148.0	5.0	4.0	2.0	4	0	1.0	39.46455383300781	0.9867399465659091
7781.0	23149.0	4.0	4.0	2.0	1	0	1.0	39.46455383300781	0.9893778157745123
7602.0	23150.0	10.0	4.0	3.0	3,4	0,3	1.0	39.46455383300781	0.9736557221488931
7778.0	23151.0	4.0	4.0	2.0	4	0	1.0	39.46455383300781	0.9893778157745123
7802.0	23152.0	3.0	4.0	2.0	4	0	1.0	39.46455383300781	0.9920227368451446
7670.0	23153.0	7.0	4.0	3.0	4,4	0,3	1.0	39.46455383300781	0.981485288578503
7635.0	23154.0	9.0	4.0	3.0	4,4	0,3	1.0	39.46455383300781	0.9762586130708382
7630.0	23155.0	9.0	4.0	3.0	4,4	0,3	1.0	39.46455383300781	0.9762586130708382
7758.0	23156.0	5.0	4.0	2.0	1	0	1.0	39.46455383300781	0.9867399465659091
7806.0	23157.0	3.0	1.0	2.0	1	0	0.0	39.46455383300781	0.9920227368451446
7811.0	23158.0	3.0	4.0	2.0	4	0	1.0	39.46455383300781	0.9920227368451446
182.0	23162.0	5.0	4.0	2.0	4	0	1.0	39.46455383300781	0.9867399465659091
6985.0	23164.0	45.0	4.0	3.0	4,4	0,14	1.0	39.46455383300781	0.886797361723415
127.0	23166.0	8.0	4.0	3.0	4,4	0,3	1.0	39.46455383300781	0.9788684623467448
203.0	23168.0	3.0	4.0	2.0	1	0	1.0	39.46455383300781	0.9920227368451446
3589.0	23172.0	3.0	4.0	2.0	4	0	1.0	39.46455383300781	0.9920227368451446
3565.0	23174.0	5.0	4.0	2.0	4	0	1.0	39.46455383300781	0.9867399465659091
7345.0	23176.0	12.0	1.0	4.0	1,1,4	0,5,4	0.0	39.46455383300781	0.9684707412071779
118.0	23178.0	5.0	4.0	4.0	1,1,4	0,5,2	1.0	39.46455383300781	0.9867399465659091
3581.0	23182.0	4.0	4.0	2.0	4	0	1.0	39.46455383300781	0.9893778157745123
3573.0	23184.0	4.0	4.0	2.0	4	0	1.0	39.46455383300781	0.9893778157745123
200.0	23186.0	4.0	4.0	2.0	4	0	1.0	39.46455383300781	0.9893778157745123
191.0	23188.0	4.0	4.0	2.0	4	0	1.0	39.46455383300781	0.9893778157745123
210.0	23190.0	3.0	4.0	2.0	4	0	1.0	39.46455383300781	0.9920227368451446
7462.0	23192.0	10.0	4.0	3.0	4,4	0,3	1.0	39.46455383300781	0.9736557221488931
6959.0	23194.0	45.0	4.0	4.0	3,4,4	0,1,14	1.0	39.46455383300781	0.886797361723415
7337.0	23196.0	6.0	4.0	5.0	1,4,1,4	0,3,11,2	1.0	39.46455383300781	0.9841091104177311
3577.0	23198.0	4.0	4.0	2.0	4	0	1.0	39.46455383300781	0.9893778157745123
143.0	23200.0	7.0	4.0	3.0	4,4	0,3	1.0	39.46455383300781	0.981485288578503
7149.0	23202.0	21.0	4.0	5.0	1,1,4,4	0,3,2,6	1.0	39.464542388916016	0.9454778872391282
3571.0	23204.0	5.0	4.0	2.0	4	0	1.0	39.46455383300781	0.9867399465659091
3567.0	23206.0	5.0	4.0	2.0	4	0	1.0	39.46455383300781	0.9867399465659091
185.0	23208.0	5.0	4.0	2.0	1	0	1.0	39.46455383300781	0.9867399465659091
6983.0	23210.0	7.0	1.0	7.0	1,4,4,1,1,4	0,3,11,34,2,2	0.0	39.46455383300781	0.981485288578503
209.0	23212.0	3.0	4.0	2.0	1	0	1.0	39.46455383300781	0.9920227368451446
6967.0	23213.0	12.0	4.0	10.0	3,3,1,1,4,1,4,1,4	0,3,12,7,3,10,3,6,4	1.0	39.46455383300781	0.9684707412071779
3578.0	23214.0	4.0	4.0	2.0	4	0	1.0	39.46455383300781	0.9893778157745123
3579.0	23215.0	4.0	4.0	2.0	4	0	1.0	39.46455383300781	0.9893778157745123
3569.0	23216.0	5.0	4.0	2.0	4	0	1.0	39.46455383300781	0.9867399465659091
205.0	23217.0	3.0	4.0	2.0	4	0	1.0	39.46455383300781	0.9920227368451446
6954.0	23219.0	45.0	4.0	4.0	4,4,4	0,3,12	1.0	39.46455383300781	0.886797361723415
189.0	23220.0	5.0	4.0	2.0	4	0	1.0	39.46455383300781	0.9867399465659091
7465.0	23221.0	10.0	4.0	3.0	4,4	0,3	1.0	39.46455383300781	0.9736557221488931
206.0	23222.0	3.0	4.0	2.0	1	0	1.0	39.46455383300781	0.9920227368451446
7461.0	23223.0	10.0	4.0	3.0	4,4	0,3	1.0	39.46455383300781	0.9736557221488931
5.0	23230.0	6.0	4.0	4.0	1,1,4	0,5,2	1.0	39.46455383300781	0.9841091104177311
42.0	23231.0	9.0	4.0	3.0	1,4	0,3	1.0	39.46455383300781	0.9762586130708382
13.0	23232.0	10.0	4.0	3.0	4,4	0,3	1.0	39.46455383300781	0.9736557221488931
57.0	23233.0	6.0	1.0	4.0	1,1,4	0,3,2	0.0	39.46455383300781	0.9841091104177311
63.0	23234.0	6.0	4.0	4.0	1,1,4	0,3,2	1.0	39.46455383300781	0.9841091104177311
20.0	23235.0	10.0	4.0	3.0	4,4	0,3	1.0	39.46455383300781	0.9736557221488931
6864.0	23237.0	2.0	1.0	5.0	2,2,1,1	0,1,1889,4	0.0	39.46455383300781	0.9946747286296723
128.0	23238.0	6.0	4.0	4.0	1,1,4	0,4,2	1.0	39.46455383300781	0.9841091104177311
192.0	23239.0	5.0	4.0	2.0	4	0	1.0	39.46455383300781	0.9867399465659091
198.0	23241.0	5.0	4.0	2.0	4	0	1.0	39.46455383300781	0.9867399465659091
6978.0	23242.0	46.0	4.0	3.0	4,4	0,14	1.0	39.46455383300781	0.884432991492484
193.0	23244.0	5.0	4.0	2.0	4	0	1.0	39.46455383300781	0.9867399465659091
3561.0	23245.0	2.0	3.0	3.0	1,1	0,5	1.0	39.46455383300781	0.9946747286296723
6973.0	23247.0	46.0	4.0	3.0	3,4	0,15	1.0	39.46455383300781	0.884432991492484
188.0	23248.0	2.0	4.0	4.0	1,1,4	0,3,1	1.0	39.46455383300781	0.9946747286296723
7339.0	23253.0	13.0	4.0	4.0	1,1,4	0,4,5	1.0	39.464542388916016	0.965888604509982
208.0	23254.0	4.0	1.0	2.0	4	0	0.0	39.46455383300781	0.9893778157745123
195.0	23256.0	5.0	4.0	2.0	4	0	1.0	39.46455383300781	0.9867399465659091
172.0	23259.0	2.0	1.0	3.0	1,1	0,6	0.0	39.46455383300781	0.9946747286296723
190.0	23262.0	2.0	4.0	3.0	1,1	0,4	1.0	39.46455383300781	0.9946747286296723
7061.0	23263.0	2.0	1.0	8.0	1,1,4,4,1,4,1	0,3,2,6,17,2,7	0.0	39.46455383300781	0.9946747286296723
7338.0	23265.0	17.0	4.0	3.0	4,4	0,5	1.0	39.46455383300781	0.9556287674294172
138.0	23266.0	6.0	1.0	4.0	1,1,4	0,3,2	0.0	39.46455383300781	0.9841091104177311
113.0	23268.0	11.0	4.0	3.0	4,4	0,3	1.0	39.46455383300781	0.9710597710286163
3588.0	23269.0	4.0	4.0	2.0	4	0	1.0	39.46455383300781	0.9893778157745123
7103.0	23271.0	25.0	4.0	4.0	1,4,4	0,3,7	1.0	39.46455383300781	0.9354348621479486
121.0	23272.0	10.0	4.0	3.0	4,4	0,3	1.0	39.46455383300781	0.9736557221488931
7207.0	23274.0	12.0	4.0	8.0	1,1,1,1,1,4,4	0,5,2,2,2,2,5	1.0	39.46455383300781	0.9684707412071779
7325.0	23275.0	18.0	4.0	3.0	1,4	0,5	1.0	39.46455383300781	0.9530808795949964
3499.0	23277.0	10.0	4.0	3.0	4,4	0,3	1.0	39.46455383300781	0.9736557221488931
3590.0	23278.0	4.0	4.0	2.0	4	0	1.0	39.46455383300781	0.9893778157745123
7245.0	23280.0	2.0	1.0	9.0	1,1,4,1,4,1,1,1	0,5,2,7,2,6,2,2	0.0	39.46455383300781	0.9946747286296723
3580.0	23281.0	5.0	4.0	2.0	4	0	1.0	39.46455383300781	0.9867399465659091
3583.0	23283.0	4.0	4.0	2.0	4	0	1.0	39.46455383300781	0.9893778157745123
7313.0	23284.0	2.0	4.0	4.0	4,4,1	0,5,18	1.0	39.464542388916016	0.9946747270895472
7351.0	23286.0	17.0	4.0	3.0	1,4	0,5	1.0	39.46455383300781	0.9556287674294172
3587.0	23287.0	4.0	4.0	2.0	4	0	1.0	39.46455383300781	0.9893778157745123
3510.0	23290.0	9.0	4.0	3.0	4,4	0,3	1.0	39.46455383300781	0.9762586130708382
3503.0	23292.0	10.0	4.0	3.0	4,4	0,3	1.0	39.46455383300781	0.9736557221488931
202.0	23293.0	4.0	4.0	2.0	4	0	1.0	39.46455383300781	0.9893778157745123
7333.0	23295.0	13.0	4.0	4.0	1,1,4	0,5,5	1.0	39.464542388916016	0.965888604509982
7459.0	23296.0	11.0	1.0	3.0	4,4	0,3	0.0	39.46455383300781	0.9710597710286163
211.0	23298.0	3.0	4.0	2.0	1	0	1.0	39.46455383300781	0.9920227368451446
6993.0	23299.0	2.0	1.0	9.0	1,3,1,1,4,4,1,1	0,2,12,7,3,8,23,3	0.0	39.46455383300781	0.9946747286296723
135.0	23301.0	5.0	4.0	4.0	4,1,4	0,4,2	1.0	39.46455383300781	0.9867399465659091
3592.0	23302.0	4.0	4.0	2.0	4	0	1.0	39.46455383300781	0.9893778157745123
7318.0	23304.0	18.0	4.0	3.0	4,4	0,5	1.0	39.46455383300781	0.9530808795949964
178.0	23306.0	2.0	4.0	4.0	1,1,1	0,4,1	1.0	39.46455383300781	0.9946747286296723
207.0	23307.0	4.0	4.0	2.0	1	0	1.0	39.46455383300781	0.9893778157745123
3576.0	23308.0	5.0	4.0	2.0	4	0	1.0	39.46455383300781	0.9867399465659091
3575.0	23309.0	5.0	4.0	2.0	4	0	1.0	39.46455383300781	0.9867399465659091
7764.0	23322.0	2.0	4.0	3.0	1,1	0,4	1.0	39.46455383300781	0.9946747286296723
7657.0	23323.0	9.0	4.0	3.0	4,4	0,3	1.0	39.46455383300781	0.9762586130708382
7679.0	23324.0	5.0	3.0	4.0	1,1,4	0,3,2	1.0	39.46455383300781	0.9867399465659091
7798.0	23325.0	4.0	4.0	2.0	1	0	1.0	39.46455383300781	0.9893778157745123
7726.0	23326.0	2.0	4.0	4.0	1,1,1	0,4,2	1.0	39.464542388916016	0.9946747270895472
7783.0	23327.0	5.0	4.0	2.0	4	0	1.0	39.46455383300781	0.9867399465659091
7725.0	23328.0	2.0	1.0	3.0	1,1	0,6	0.0	39.46455383300781	0.9946747286296723
7807.0	23329.0	4.0	4.0	2.0	4	0	1.0	39.46455383300781	0.9893778157745123
7817.0	23330.0	4.0	1.0	2.0	1	0	0.0	39.46455383300781	0.9893778157745123
7628.0	23331.0	10.0	1.0	3.0	4,4	0,3	0.0	39.46455383300781	0.9736557221488931
7735.0	23332.0	2.0	4.0	3.0	1,1	0,6	1.0	39.46455383300781	0.9946747286296723
7636.0	23333.0	6.0	4.0	4.0	1,1,4	0,5,2	1.0	39.46455383300781	0.9841091104177311
7812.0	23334.0	4.0	4.0	2.0	4	0	1.0	39.46455383300781	0.9893778157745123
7809.0	23335.0	4.0	4.0	2.0	4	0	1.0	39.46455383300781	0.9893778157745123
7665.0	23336.0	5.0	4.0	4.0	4,1,4	0,4,2	1.0	39.46455383300781	0.9867399465659091
7607.0	23337.0	11.0	4.0	3.0	3,4	0,3	1.0	39.46455383300781	0.9710597710286163
7743.0	23338.0	2.0	1.0	4.0	1,1,1	0,3,2	0.0	39.464542388916016	0.9946747270895472
7677.0	23339.0	8.0	4.0	3.0	1,4	0,3	1.0	39.46455383300781	0.9788684623467448
7634.0	23340.0	10.0	4.0	3.0	4,4	0,3	1.0	39.46455383300781	0.9736557221488931
7666.0	23341.0	5.0	1.0	4.0	4,1,4	0,4,2	0.0	39.46455383300781	0.9867399465659091
7622.0	23342.0	5.0	1.0	5.0	1,1,1,4	0,4,2,2	0.0	39.464542388916016	0.986739942746311
7742.0	23343.0	2.0	4.0	3.0	1,1	0,5	1.0	39.46455383300781	0.9946747286296723
7739.0	23344.0	2.0	4.0	3.0	1,1	0,5	1.0	39.46455383300781	0.9946747286296723
7633.0	23345.0	10.0	4.0	3.0	4,4	0,3	1.0	39.46455383300781	0.9736557221488931
7786.0	23346.0	5.0	1.0	2.0	1	0	0.0	39.46455383300781	0.9867399465659091
7748.0	23347.0	2.0	4.0	4.0	1,1,1	0,3,2	1.0	39.464542388916016	0.9946747270895472
7788.0	23348.0	5.0	4.0	2.0	1	0	1.0	39.46455383300781	0.9867399465659091
7796.0	23349.0	5.0	3.0	2.0	4	0	1.0	39.46455383300781	0.9867399465659091
7800.0	23350.0	4.0	4.0	2.0	4	0	1.0	39.46455383300781	0.9893778157745123
7780.0	23351.0	5.0	3.0	2.0	1	0	1.0	39.46455383300781	0.9867399465659091
7789.0	23352.0	2.0	4.0	3.0	4,1	0,3	1.0	39.46455383300781	0.9946747286296723
7661.0	23353.0	8.0	4.0	3.0	4,4	0,3	1.0	39.46455383300781	0.9788684623467448
7611.0	23354.0	5.0	4.0	6.0	3,1,1,1,4	0,3,2,2,2	1.0	39.46455383300781	0.9867399465659091
7740.0	23355.0	2.0	4.0	4.0	1,1,1	0,3,2	1.0	39.464542388916016	0.9946747270895472
7785.0	23356.0	5.0	4.0	2.0	4	0	1.0	39.46455383300781	0.9867399465659091
7804.0	23357.0	4.0	4.0	2.0	4	0	1.0	39.46455383300781	0.9893778157745123
7680.0	23358.0	2.0	4.0	4.0	4,1,1	0,5,3	1.0	39.464542388916016	0.9946747270895472
7815.0	23359.0	4.0	4.0	2.0	4	0	1.0	39.46455383300781	0.9893778157745123
7717.0	23360.0	2.0	4.0	4.0	1,1,1	0,4,3	1.0	39.464542388916016	0.9946747270895472
7685.0	23361.0	2.0	1.0	5.0	1,1,1,1	0,4,2,2	0.0	39.46455383300781	0.9946747286296723
7782.0	23362.0	5.0	1.0	2.0	1	0	0.0	39.46455383300781	0.9867399465659091
7750.0	23363.0	2.0	4.0	4.0	1,1,1	0,3,2	1.0	39.464542388916016	0.9946747270895472
7716.0	23364.0	2.0	4.0	4.0	1,1,1	0,5,2	1.0	39.464542388916016	0.9946747270895472
7787.0	23365.0	2.0	1.0	3.0	1,1	0,3	0.0	39.46455383300781	0.9946747286296723
7775.0	23366.0	2.0	4.0	3.0	1,1	0,4	1.0	39.46455383300781	0.9946747286296723
65.0	23377.0	8.0	4.0	3.0	4,4	0,3	1.0	39.46455383300781	0.9788684623467448
71.0	23378.0	2.0	4.0	5.0	3,1,1,1	0,4,2,3	1.0	39.46455383300781	0.9946747286296723
25.0	23379.0	6.0	4.0	4.0	3,1,4	0,5,2	1.0	39.46455383300781	0.9841091104177311
45.0	23380.0	6.0	4.0	4.0	4,1,4	0,4,2	1.0	39.46455383300781	0.9841091104177311
58.0	23381.0	5.0	4.0	4.0	4,1,4	0,5,2	1.0	39.46455383300781	0.9867399465659091
41.0	23382.0	5.0	1.0	5.0	1,1,1,4	0,4,2,2	0.0	39.464542388916016	0.986739942746311
99.0	23383.0	2.0	1.0	4.0	4,1,1	0,5,3	0.0	39.464542388916016	0.9946747270895472
44.0	23384.0	5.0	4.0	4.0	4,1,4	0,5,2	1.0	39.46455383300781	0.9867399465659091
39.0	23385.0	10.0	4.0	3.0	1,4	0,3	1.0	39.46455383300781	0.9736557221488931
53.0	23386.0	2.0	4.0	5.0	4,1,1,1	0,5,2,3	1.0	39.46455383300781	0.9946747286296723
66.0	23387.0	8.0	4.0	3.0	3,4	0,3	1.0	39.46455383300781	0.9788684623467448
101.0	23388.0	2.0	1.0	5.0	1,1,1,1	0,3,2,3	0.0	39.46455383300781	0.9946747286296723
30.0	23389.0	10.0	4.0	3.0	1,4	0,3	1.0	39.46455383300781	0.9736557221488931
9.0	23390.0	11.0	4.0	3.0	4,4	0,3	1.0	39.46455383300781	0.9710597710286163
1.0	23391.0	2.0	4.0	4.0	4,1,1	0,5,2	1.0	39.464542388916016	0.9946747270895472
31.0	23392.0	6.0	4.0	4.0	1,1,4	0,5,2	1.0	39.46455383300781	0.9841091104177311
215.0	23398.0	3.0	4.0	2.0	1	0	1.0	39.46455383300781	0.9920227368451446
124.0	23399.0	10.0	4.0	3.0	1,4	0,3	1.0	39.46455383300781	0.9736557221488931
3600.0	23400.0	3.0	4.0	2.0	4	0	1.0	39.46455383300781	0.9920227368451446
6983.0	23402.0	2.0	4.0	8.0	1,4,4,1,1,4,1	0,3,11,34,2,2,7	1.0	39.46455383300781	0.9946747286296723
6936.0	23403.0	11.0	4.0	3.0	4,4	0,3	1.0	39.46455383300781	0.9710597710286163
218.0	23405.0	3.0	4.0	2.0	4	0	1.0	39.46455383300781	0.9920227368451446
3591.0	23406.0	5.0	4.0	2.0	4	0	1.0	39.46455383300781	0.9867399465659091
7249.0	23408.0	18.0	4.0	5.0	1,1,4,4	0,3,2,6	1.0	39.464542388916016	0.9530808663134939
7424.0	23409.0	14.0	4.0	3.0	4,4	0,5	1.0	39.46455383300781	0.9633133716960274
3586.0	23411.0	5.0	4.0	2.0	4	0	1.0	39.46455383300781	0.9867399465659091
213.0	23412.0	3.0	1.0	3.0	1,1	0,1	0.0	39.46455383300781	0.9920227368451446
7195.0	23414.0	7.0	4.0	5.0	1,4,1,4	0,5,18,2	1.0	39.464542388916016	0.9814852832595423
7178.0	23417.0	22.0	4.0	4.0	4,4,4	0,3,7	1.0	39.464542388916016	0.9429570628496304
3585.0	23418.0	5.0	4.0	2.0	4	0	1.0	39.46455383300781	0.9867399465659091
7345.0	23420.0	2.0	4.0	5.0	1,1,4,1	0,5,4,12	1.0	39.46455383300781	0.9946747286296723
201.0	23421.0	5.0	4.0	2.0	1	0	1.0	39.46455383300781	0.9867399465659091
3518.0	23423.0	9.0	4.0	3.0	4,4	0,3	1.0	39.46455383300781	0.9762586130708382
149.0	23427.0	5.0	4.0	4.0	1,1,4	0,4,2	1.0	39.46455383300781	0.9867399465659091
3603.0	23429.0	3.0	4.0	2.0	4	0	1.0	39.46455383300781	0.9920227368451446
204.0	23430.0	5.0	4.0	2.0	4	0	1.0	39.46455383300781	0.9867399465659091
219.0	23432.0	3.0	4.0	2.0	4	0	1.0	39.46455383300781	0.9920227368451446
3504.0	23433.0	11.0	4.0	3.0	4,4	0,3	1.0	39.46455383300781	0.9710597710286163
151.0	23436.0	5.0	1.0	4.0	1,1,4	0,4,2	0.0	39.46455383300781	0.9867399465659091
3594.0	23438.0	3.0	4.0	2.0	1	0	1.0	39.46455383300781	0.9920227368451446
6988.0	23439.0	47.0	4.0	3.0	4,4	0,14	1.0	39.46455383300781	0.8820749251217471
214.0	23442.0	3.0	4.0	3.0	1,1	0,1	1.0	39.46455383300781	0.9920227368451446
6976.0	23444.0	47.0	4.0	3.0	4,4	0,14	1.0	39.46455383300781	0.8820749251217471
147.0	23445.0	5.0	4.0	4.0	1,1,4	0,4,2	1.0	39.46455383300781	0.9867399465659091
212.0	23447.0	4.0	4.0	2.0	4	0	1.0	39.46455383300781	0.9893778157745123
7015.0	23448.0	6.0	4.0	5.0	1,4,1,4	0,12,39,2	1.0	39.464542388916016	0.9841091058464339
154.0	23450.0	5.0	4.0	4.0	1,1,4	0,3,2	1.0	39.46455383300781	0.9867399465659091
3604.0	23453.0	3.0	4.0	2.0	4	0	1.0	39.46455383300781	0.9920227368451446
7432.0	23454.0	14.0	4.0	3.0	4,4	0,5	1.0	39.46455383300781	0.9633133716960274
132.0	23456.0	10.0	4.0	3.0	4,4	0,3	1.0	39.46455383300781	0.9736557221488931
3528.0	23457.0	6.0	4.0	4.0	4,1,4	0,3,2	1.0	39.46455383300781	0.9841091104177311
7025.0	23459.0	5.0	4.0	12.0	1,1,4,1,1,1,1,3,1,1,4	0,11,7,17,2,2,4,2,4,2,2	1.0	39.46455383300781	0.9867399465659091
7346.0	23460.0	13.0	4.0	5.0	1,1,4,4	0,3,2,5	1.0	39.464542388916016	0.965888604509982
3584.0	23462.0	5.0	4.0	2.0	4	0	1.0	39.46455383300781	0.9867399465659091
3532.0	23463.0	8.0	4.0	3.0	4,4	0,3	1.0	39.46455383300781	0.9788684623467448
7660.0	23466.0	9.0	4.0	3.0	4,4	0,3	1.0	39.46455383300781	0.9762586130708382
7608.0	23467.0	2.0	4.0	4.0	3,4,1	0,3,10	1.0	39.46455383300781	0.9946747286296723
7808.0	23468.0	5.0	4.0	2.0	4	0	1.0	39.46455383300781	0.9867399465659091
7814.0	23469.0	5.0	4.0	2.0	1	0	1.0	39.46455383300781	0.9867399465659091
7799.0	23470.0	5.0	1.0	2.0	1	0	0.0	39.46455383300781	0.9867399465659091
7801.0	23471.0	5.0	1.0	2.0	4	0	0.0	39.46455383300781	0.9867399465659091
7831.0	23472.0	3.0	1.0	2.0	1	0	0.0	39.46455383300781	0.9920227368451446
7681.0	23473.0	8.0	4.0	3.0	4,4	0,3	1.0	39.46455383300781	0.9788684623467448
7829.0	23474.0	3.0	4.0	2.0	4	0	1.0	39.46455383300781	0.9920227368451446
7834.0	23475.0	3.0	4.0	2.0	4	0	1.0	39.46455383300781	0.9920227368451446
7828.0	23476.0	3.0	1.0	2.0	4	0	0.0	39.46455383300781	0.9920227368451446
7832.0	23477.0	3.0	4.0	2.0	4	0	1.0	39.46455383300781	0.9920227368451446
7806.0	23478.0	2.0	4.0	3.0	1,1	0,3	1.0	39.46455383300781	0.9946747286296723
7833.0	23479.0	3.0	4.0	2.0	4	0	1.0	39.46455383300781	0.9920227368451446
7648.0	23480.0	6.0	4.0	4.0	1,1,4	0,5,2	1.0	39.46455383300781	0.9841091104177311
7813.0	23481.0	5.0	1.0	2.0	1	0	0.0	39.46455383300781	0.9867399465659091
7672.0	23482.0	6.0	1.0	4.0	1,1,4	0,4,2	0.0	39.46455383300781	0.9841091104177311
7663.0	23483.0	9.0	1.0	3.0	4,4	0,3	0.0	39.46455383300781	0.9762586130708382
7654.0	23484.0	6.0	4.0	4.0	1,1,4	0,5,2	1.0	39.46455383300781	0.9841091104177311
7673.0	23485.0	5.0	1.0	5.0	1,1,1,4	0,3,2,2	0.0	39.464542388916016	0.986739942746311
7818.0	23486.0	3.0	4.0	2.0	4	0	1.0	39.46455383300781	0.9920227368451446
7640.0	23487.0	2.0	4.0	4.0	1,4,1	0,3,8	1.0	39.46455383300781	0.9946747286296723
7822.0	23488.0	3.0	4.0	2.0	1	0	1.0	39.46455383300781	0.9920227368451446
228.0	23498.0	3.0	1.0	2.0	1	0	0.0	39.46455383300781	0.9920227368451446
3514.0	23499.0	11.0	4.0	3.0	4,4	0,3	1.0	39.46455383300781	0.9710597710286163
222.0	23503.0	3.0	1.0	2.0	1	0	0.0	39.46455383300781	0.9920227368451446
3601.0	23505.0	4.0	4.0	2.0	4	0	1.0	39.46455383300781	0.9893778157745123
3598.0	23507.0	4.0	4.0	2.0	4	0	1.0	39.46455383300781	0.9893778157745123
223.0	23509.0	3.0	4.0	2.0	1	0	1.0	39.46455383300781	0.9920227368451446
3516.0	23511.0	10.0	4.0	3.0	4,4	0,3	1.0	39.46455383300781	0.9736557221488931
3513.0	23513.0	11.0	4.0	3.0	4,4	0,3	1.0	39.46455383300781	0.9710597710286163
137.0	23515.0	10.0	4.0	3.0	1,4	0,3	1.0	39.46455383300781	0.9736557221488931
3599.0	23517.0	4.0	4.0	2.0	4	0	1.0	39.46455383300781	0.9893778157745123
3593.0	23519.0	5.0	4.0	2.0	4	0	1.0	39.46455383300781	0.9867399465659091
3523.0	23521.0	10.0	4.0	3.0	4,4	0,3	1.0	39.46455383300781	0.9736557221488931
6864.0	23523.0	2.0	4.0	6.0	2,2,1,1,1	0,1,1889,4,2	1.0	39.46455383300781	0.9946747286296723
3537.0	23525.0	6.0	4.0	4.0	4,1,4	0,3,2	1.0	39.46455383300781	0.9841091104177311
172.0	23527.0	2.0	1.0	4.0	1,1,1	0,6,2	0.0	39.464542388916016	0.9946747270895472
139.0	23529.0	6.0	4.0	4.0	1,1,4	0,5,2	1.0	39.46455383300781	0.9841091104177311
226.0	23531.0	3.0	4.0	2.0	4	0	1.0	39.46455383300781	0.9920227368451446
7459.0	23533.0	2.0	4.0	4.0	4,4,1	0,3,11	1.0	39.46455383300781	0.9946747286296723
225.0	23535.0	3.0	4.0	2.0	1	0	1.0	39.46455383300781	0.9920227368451446
138.0	23537.0	2.0	4.0	5.0	1,1,4,1	0,3,2,6	1.0	39.464542388916016	0.9946747270895472
227.0	23539.0	3.0	4.0	2.0	1	0	1.0	39.46455383300781	0.9920227368451446
3596.0	23541.0	4.0	4.0	2.0	4	0	1.0	39.46455383300781	0.9893778157745123
221.0	23542.0	4.0	4.0	2.0	4	0	1.0	39.46455383300781	0.9893778157745123
6993.0	23543.0	2.0	4.0	10.0	1,3,1,1,4,4,1,1,1	0,2,12,7,3,8,23,3,2	1.0	39.46455383300781	0.9946747286296723
7061.0	23544.0	2.0	4.0	9.0	1,1,4,4,1,4,1,1	0,3,2,6,17,2,7,2	1.0	39.46455383300781	0.9946747286296723
3547.0	23545.0	7.0	4.0	3.0	4,4	0,3	1.0	39.46455383300781	0.981485288578503
7437.0	23546.0	15.0	4.0	3.0	4,4	0,5	1.0	39.46455383300781	0.9607449952467905
7194.0	23547.0	21.0	4.0	5.0	3,1,4,4	0,4,2,6	1.0	39.464542388916016	0.9454778872391282
7319.0	23548.0	15.0	4.0	4.0	1,1,4	0,5,5	1.0	39.464542388916016	0.9607449840898699
119.0	23549.0	11.0	4.0	3.0	4,4	0,4	1.0	39.46455383300781	0.9710597710286163
7245.0	23550.0	2.0	4.0	10.0	1,1,4,1,4,1,1,1,1	0,5,2,7,2,6,2,2,2	1.0	39.46455383300781	0.9946747286296723
116.0	23551.0	11.0	4.0	3.0	4,4	0,4	1.0	39.46455383300781	0.9710597710286163
7172.0	23552.0	24.0	4.0	4.0	4,4,4	0,3,7	1.0	39.464542388916016	0.9379355591471171
3535.0	23553.0	9.0	4.0	3.0	4,4	0,3	1.0	39.46455383300781	0.9762586130708382
3607.0	23554.0	3.0	4.0	2.0	4	0	1.0	39.46455383300781	0.9920227368451446
208.0	23555.0	2.0	4.0	3.0	4,1	0,4	1.0	39.46455383300781	0.9946747286296723
3606.0	23556.0	3.0	4.0	2.0	4	0	1.0	39.46455383300781	0.9920227368451446
3610.0	23557.0	3.0	4.0	2.0	4	0	1.0	39.46455383300781	0.9920227368451446
7826.0	23564.0	6.0	3.0	2.0	2	0	1.0	39.46455383300781	0.9841091104177311
7693.0	23565.0	11.0	4.0	3.0	4,4	0,3	1.0	39.46455383300781	0.9710597710286163
7733.0	23566.0	9.0	4.0	3.0	1,4	0,3	1.0	39.46455383300781	0.9762586130708382
7821.0	23567.0	6.0	4.0	2.0	1	0	1.0	39.46455383300781	0.9841091104177311
7675.0	23568.0	12.0	4.0	3.0	4,4	0,3	1.0	39.46455383300781	0.9684707412071779
7837.0	23569.0	6.0	4.0	2.0	4	0	1.0	39.46455383300781	0.9841091104177311
7787.0	23570.0	4.0	4.0	4.0	1,1,1	0,3,2	1.0	39.464542388916016	0.989377812710665
7824.0	23571.0	6.0	4.0	2.0	4	0	1.0	39.46455383300781	0.9841091104177311
7628.0	23572.0	4.0	4.0	4.0	4,4,1	0,3,10	1.0	39.46455383300781	0.9893778157745123
7682.0	23573.0	11.0	4.0	3.0	4,4	0,3	1.0	39.46455383300781	0.9710597710286163
7825.0	23574.0	6.0	1.0	2.0	4	0	0.0	39.46455383300781	0.9841091104177311
7691.0	23575.0	8.0	4.0	4.0	4,1,4	0,4,2	1.0	39.46455383300781	0.9788684623467448
7667.0	23576.0	12.0	4.0	3.0	1,4	0,3	1.0	39.46455383300781	0.9684707412071779
7743.0	23577.0	4.0	4.0	5.0	1,1,1,1	0,3,2,2	1.0	39.46455383300781	0.9893778157745123
7622.0	23578.0	4.0	2.0	6.0	1,1,1,4,1	0,4,2,2,5	1.0	39.46455383300781	0.9893778157745123
7786.0	23579.0	4.0	4.0	3.0	1,1	0,5	1.0	39.46455383300781	0.9893778157745123
7685.0	23580.0	4.0	4.0	6.0	1,1,1,1,1	0,4,2,2,2	1.0	39.46455383300781	0.9893778157745123
7694.0	23581.0	11.0	4.0	3.0	4,4	0,3	1.0	39.46455383300781	0.9710597710286163
7725.0	23582.0	4.0	4.0	4.0	1,1,1	0,6,2	1.0	39.464542388916016	0.989377812710665
7817.0	23583.0	4.0	4.0	3.0	1,1	0,4	1.0	39.46455383300781	0.9893778157745123
7782.0	23584.0	4.0	2.0	3.0	1,1	0,5	1.0	39.46455383300781	0.9893778157745123
7651.0	23585.0	13.0	4.0	3.0	1,4	0,3	1.0	39.46455383300781	0.9658886142310806
7836.0	23586.0	6.0	4.0	2.0	1	0	1.0	39.46455383300781	0.9841091104177311
7666.0	23587.0	4.0	1.0	5.0	4,1,4,1	0,4,2,5	0.0	39.464542388916016	0.989377812710665
7614.0	23588.0	14.0	4.0	3.0	3,4	0,4	1.0	39.46455383300781	0.9633133716960274
7799.0	23589.0	3.0	4.0	3.0	1,1	0,5	1.0	39.46455383300781	0.9920227368451446
7827.0	23590.0	6.0	4.0	2.0	4	0	1.0	39.46455383300781	0.9841091104177311
7672.0	23591.0	3.0	4.0	5.0	1,1,4,1	0,4,2,6	1.0	39.464542388916016	0.9920227345411162
7711.0	23592.0	10.0	4.0	3.0	1,4	0,3	1.0	39.46455383300781	0.9736557221488931
7738.0	23593.0	8.0	4.0	3.0	4,4	0,3	1.0	39.46455383300781	0.9788684623467448
7673.0	23594.0	3.0	1.0	6.0	1,1,1,4,1	0,3,2,2,5	0.0	39.46455383300781	0.9920227368451446
7706.0	23595.0	6.0	4.0	5.0	1,1,1,4	0,3,2,2	1.0	39.464542388916016	0.9841091058464339
7663.0	23596.0	3.0	4.0	4.0	4,4,1	0,3,9	1.0	39.46455383300781	0.9920227368451446
7819.0	23597.0	6.0	1.0	2.0	1	0	0.0	39.46455383300781	0.9841091104177311
7828.0	23598.0	3.0	4.0	3.0	4,1	0,3	1.0	39.46455383300781	0.9920227368451446
7830.0	23599.0	6.0	4.0	2.0	4	0	1.0	39.46455383300781	0.9841091104177311
7801.0	23600.0	3.0	4.0	3.0	4,1	0,5	1.0	39.46455383300781	0.9920227368451446
7820.0	23601.0	6.0	4.0	2.0	1	0	1.0	39.46455383300781	0.9841091104177311
7698.0	23602.0	6.0	4.0	5.0	4,1,1,4	0,3,2,2	1.0	39.464542388916016	0.9841091058464339
7831.0	23603.0	3.0	1.0	3.0	1,1	0,3	0.0	39.46455383300781	0.9920227368451446
7598.0	23604.0	13.0	4.0	4.0	3,4,4	0,1,4	1.0	39.46455383300781	0.9658886142310806
7835.0	23605.0	6.0	4.0	2.0	4	0	1.0	39.46455383300781	0.9841091104177311
7823.0	23606.0	6.0	1.0	2.0	1	0	0.0	39.46455383300781	0.9841091104177311
7813.0	23607.0	3.0	1.0	3.0	1,1	0,5	0.0	39.46455383300781	0.9920227368451446
7668.0	23608.0	12.0	4.0	3.0	4,4	0,3	1.0	39.46455383300781	0.9684707412071779
7690.0	23609.0	11.0	4.0	3.0	1,4	0,3	1.0	39.46455383300781	0.9710597710286163
7751.0	23610.0	8.0	4.0	3.0	1,4	0,3	1.0	39.46455383300781	0.9788684623467448
7719.0	23611.0	6.0	4.0	4.0	1,1,4	0,4,2	1.0	39.46455383300781	0.9841091104177311
7629.0	23612.0	13.0	4.0	3.0	1,4	0,4	1.0	39.46455383300781	0.9658886142310806
7744.0	23613.0	8.0	4.0	3.0	4,4	0,3	1.0	39.46455383300781	0.9788684623467448
7747.0	23614.0	6.0	4.0	4.0	1,1,4	0,3,2	1.0	39.46455383300781	0.9841091104177311
7637.0	23615.0	13.0	4.0	3.0	4,4	0,4	1.0	39.46455383300781	0.9658886142310806
163.0	23626.0	7.0	4.0	4.0	1,1,4	0,4,2	1.0	39.46455383300781	0.981485288578503
7468.0	23627.0	14.0	4.0	3.0	4,4	0,4	1.0	39.46455383300781	0.9633133716960274
136.0	23628.0	12.0	4.0	3.0	4,4	0,3	1.0	39.46455383300781	0.9684707412071779
7165.0	23630.0	16.0	4.0	6.0	4,4,1,4,4	0,3,10,2,5	1.0	39.464542388916016	0.9581834547080951
3619.0	23631.0	4.0	4.0	2.0	4	0	1.0	39.46455383300781	0.9893778157745123
224.0	23632.0	5.0	4.0	2.0	4	0	1.0	39.46455383300781	0.9867399465659091
7425.0	23633.0	17.0	4.0	3.0	1,4	0,5	1.0	39.46455383300781	0.9556287674294172
151.0	23635.0	3.0	1.0	5.0	1,1,4,1	0,4,2,5	0.0	39.464542388916016	0.9920227345411162
162.0	23637.0	10.0	4.0	3.0	4,4	0,3	1.0	39.46455383300781	0.9736557221488931
3520.0	23638.0	12.0	4.0	3.0	4,4	0,3	1.0	39.46455383300781	0.9684707412071779
3595.0	23640.0	6.0	4.0	2.0	4	0	1.0	39.46455383300781	0.9841091104177311
220.0	23641.0	6.0	4.0	2.0	4	0	1.0	39.46455383300781	0.9841091104177311
122.0	23642.0	13.0	4.0	3.0	4,4	0,4	1.0	39.46455383300781	0.9658886142310806
3620.0	23643.0	4.0	4.0	2.0	4	0	1.0	39.46455383300781	0.9893778157745123
3612.0	23645.0	5.0	4.0	2.0	4	0	1.0	39.46455383300781	0.9867399465659091
231.0	23646.0	4.0	1.0	2.0	1	0	0.0	39.46455383300781	0.9893778157745123
216.0	23647.0	6.0	4.0	2.0	4	0	1.0	39.46455383300781	0.9841091104177311
217.0	23648.0	6.0	4.0	2.0	4	0	1.0	39.46455383300781	0.9841091104177311
3602.0	23651.0	6.0	4.0	2.0	4	0	1.0	39.46455383300781	0.9841091104177311
112.0	23652.0	14.0	4.0	3.0	1,4	0,4	1.0	39.46455383300781	0.9633133716960274
157.0	23653.0	7.0	4.0	4.0	1,1,4	0,4,2	1.0	39.46455383300781	0.981485288578503
3597.0	23655.0	6.0	4.0	2.0	4	0	1.0	39.46455383300781	0.9841091104177311
234.0	23656.0	4.0	4.0	2.0	4	0	1.0	39.46455383300781	0.9893778157745123
238.0	23657.0	4.0	1.0	2.0	1	0	0.0	39.46455383300781	0.9893778157745123
115.0	23658.0	13.0	4.0	3.0	4,4	0,4	1.0	39.46455383300781	0.9658886142310806
3539.0	23661.0	10.0	4.0	3.0	4,4	0,3	1.0	39.46455383300781	0.9736557221488931
3541.0	23662.0	9.0	3.0	3.0	4,3	0,4	1.0	39.46455383300781	0.9762586130708382
7442.0	23663.0	16.0	4.0	3.0	4,4	0,5	1.0	39.46455383300781	0.9581834665770808
7471.0	23665.0	14.0	4.0	3.0	4,4	0,4	1.0	39.46455383300781	0.9633133716960274
131.0	23666.0	12.0	4.0	3.0	4,4	0,4	1.0	39.46455383300781	0.9684707412071779
7324.0	23667.0	17.0	4.0	4.0	1,1,4	0,5,5	1.0	39.464542388916016	0.9556287548522426
3544.0	23668.0	10.0	4.0	3.0	4,4	0,3	1.0	39.46455383300781	0.9736557221488931
3524.0	23670.0	12.0	4.0	3.0	4,4	0,3	1.0	39.46455383300781	0.9684707412071779
213.0	23671.0	3.0	4.0	4.0	1,1,1	0,1,3	1.0	39.46455383300781	0.9920227368451446
7005.0	23672.0	6.0	4.0	5.0	1,4,1,4	0,12,42,2	1.0	39.464542388916016	0.9841091058464339
7460.0	23673.0	14.0	4.0	3.0	4,4	0,4	1.0	39.46455383300781	0.9633133716960274
7454.0	23675.0	16.0	4.0	3.0	4,4	0,5	1.0	39.46455383300781	0.9581834665770808
246.0	23676.0	3.0	4.0	2.0	4	0	1.0	39.46455383300781	0.9920227368451446
6938.0	23677.0	5.0	4.0	2.0	4	0	1.0	39.46455383300781	0.9867399465659091
3618.0	23678.0	4.0	4.0	2.0	4	0	1.0	39.46455383300781	0.9893778157745123
3551.0	23680.0	6.0	4.0	4.0	4,1,4	0,3,3	1.0	39.46455383300781	0.9841091104177311
3548.0	23681.0	6.0	4.0	4.0	4,1,4	0,4,2	1.0	39.46455383300781	0.9841091104177311
7440.0	23682.0	16.0	4.0	3.0	4,4	0,5	1.0	39.46455383300781	0.9581834665770808
230.0	23683.0	5.0	4.0	2.0	4	0	1.0	39.46455383300781	0.9867399465659091
3608.0	23685.0	5.0	4.0	2.0	4	0	1.0	39.46455383300781	0.9867399465659091
7400.0	23686.0	17.0	4.0	3.0	4,4	0,6	1.0	39.46455383300781	0.9556287674294172
3611.0	23687.0	5.0	2.0	2.0	4	0	1.0	39.46455383300781	0.9867399465659091
249.0	23688.0	3.0	4.0	2.0	4	0	1.0	39.46455383300781	0.9920227368451446
3614.0	23690.0	4.0	1.0	2.0	1	0	0.0	39.46455383300781	0.9893778157745123
120.0	23691.0	13.0	4.0	3.0	4,4	0,4	1.0	39.46455383300781	0.9658886142310806
3633.0	23692.0	3.0	4.0	2.0	4	0	1.0	39.46455383300781	0.9920227368451446
7045.0	23693.0	33.0	4.0	4.0	1,3,4	0,7,10	1.0	39.464542388916016	0.9156676617427172
174.0	23695.0	6.0	1.0	4.0	1,1,4	0,3,2	0.0	39.46455383300781	0.9841091104177311
117.0	23696.0	6.0	4.0	6.0	4,1,1,1,4	0,4,2,2,3	1.0	39.46455383300781	0.9841091104177311
3609.0	23698.0	5.0	4.0	2.0	4	0	1.0	39.46455383300781	0.9867399465659091
3632.0	23700.0	3.0	4.0	2.0	4	0	1.0	39.46455383300781	0.9920227368451446
181.0	23701.0	8.0	4.0	3.0	1,4	0,3	1.0	39.46455383300781	0.9788684623467448
3553.0	23702.0	9.0	4.0	3.0	4,4	0,3	1.0	39.46455383300781	0.9762586130708382
7449.0	23703.0	16.0	4.0	3.0	4,4	0,5	1.0	39.46455383300781	0.9581834665770808
232.0	23705.0	4.0	4.0	2.0	4	0	1.0	39.46455383300781	0.9893778157745123
245.0	23706.0	3.0	4.0	2.0	1	0	1.0	39.46455383300781	0.9920227368451446
7439.0	23707.0	16.0	4.0	3.0	1,4	0,5	1.0	39.46455383300781	0.9581834665770808
7186.0	23708.0	24.0	4.0	4.0	4,4,4	0,3,8	1.0	39.46455383300781	0.9379355765743806
229.0	23710.0	5.0	4.0	2.0	1	0	1.0	39.46455383300781	0.9867399465659091
168.0	23711.0	6.0	4.0	4.0	1,1,4	0,4,2	1.0	39.46455383300781	0.9841091104177311
247.0	23713.0	3.0	4.0	2.0	4	0	1.0	39.46455383300781	0.9920227368451446
3623.0	23715.0	4.0	4.0	2.0	4	0	1.0	39.46455383300781	0.9893778157745123
228.0	23716.0	2.0	4.0	3.0	1,1	0,3	1.0	39.46455383300781	0.9946747286296723
233.0	23717.0	4.0	4.0	2.0	4	0	1.0	39.46455383300781	0.9893778157745123
7398.0	23718.0	17.0	4.0	3.0	4,4	0,6	1.0	39.46455383300781	0.9556287674294172
7455.0	23720.0	16.0	4.0	3.0	1,4	0,5	1.0	39.46455383300781	0.9581834665770808
3621.0	23721.0	4.0	4.0	2.0	4	0	1.0	39.46455383300781	0.9893778157745123
7438.0	23722.0	16.0	4.0	3.0	4,4	0,5	1.0	39.46455383300781	0.9581834665770808
222.0	23723.0	2.0	4.0	3.0	1,1	0,3	1.0	39.46455383300781	0.9946747286296723
3613.0	23725.0	5.0	4.0	2.0	4	0	1.0	39.46455383300781	0.9867399465659091
236.0	23726.0	4.0	4.0	2.0	1	0	1.0	39.46455383300781	0.9893778157745123
6975.0	23727.0	7.0	4.0	6.0	4,4,4,1,4	0,3,12,41,2	1.0	39.464542388916016	0.9814852832595423
237.0	23728.0	4.0	4.0	2.0	4	0	1.0	39.46455383300781	0.9893778157745123
7463.0	23729.0	14.0	4.0	3.0	4,4	0,4	1.0	39.46455383300781	0.9633133716960274
172.0	23730.0	2.0	4.0	5.0	1,1,1,1	0,6,2,2	1.0	39.46455383300781	0.9946747286296723
159.0	23731.0	10.0	4.0	3.0	1,4	0,3	1.0	39.46455383300781	0.9736557221488931
3605.0	23732.0	5.0	4.0	2.0	3	0	1.0	39.46455383300781	0.9867399465659091
56.0	23739.0	8.0	4.0	5.0	1,1,1,4	0,4,2,2	1.0	39.464542388916016	0.9788684562841399
51.0	23740.0	9.0	4.0	4.0	4,1,4	0,5,2	1.0	39.46455383300781	0.9762586130708382
103.0	23741.0	9.0	4.0	4.0	4,1,4	0,3,2	1.0	39.46455383300781	0.9762586130708382
47.0	23742.0	9.0	4.0	4.0	1,1,4	0,5,2	1.0	39.46455383300781	0.9762586130708382
27.0	23743.0	8.0	4.0	5.0	1,1,1,4	0,5,2,2	1.0	39.464542388916016	0.9788684562841399
52.0	23744.0	13.0	1.0	3.0	1,4	0,3	0.0	39.46455383300781	0.9658886142310806
49.0	23745.0	9.0	4.0	4.0	1,1,4	0,5,2	1.0	39.46455383300781	0.9762586130708382
107.0	23746.0	8.0	1.0	4.0	1,1,4	0,3,2	0.0	39.46455383300781	0.9788684623467448
19.0	23747.0	14.0	4.0	3.0	4,4	0,4	1.0	39.46455383300781	0.9633133716960274
22.0	23748.0	9.0	4.0	5.0	1,1,1,4	0,5,2,2	1.0	39.464542388916016	0.9762586062685921
57.0	23749.0	5.0	4.0	5.0	1,1,4,1	0,3,2,6	1.0	39.464542388916016	0.986739942746311
79.0	23750.0	12.0	4.0	3.0	1,4	0,3	1.0	39.46455383300781	0.9684707412071779
15.0	23751.0	14.0	4.0	3.0	4,4	0,4	1.0	39.46455383300781	0.9633133716960274
67.0	23752.0	8.0	1.0	4.0	1,1,4	0,5,2	0.0	39.46455383300781	0.9788684623467448
99.0	23753.0	4.0	1.0	5.0	4,1,1,1	0,5,3,2	0.0	39.46455383300781	0.9893778157745123
38.0	23754.0	13.0	4.0	3.0	4,4	0,4	1.0	39.46455383300781	0.9658886142310806
76.0	23755.0	12.0	4.0	3.0	4,4	0,3	1.0	39.46455383300781	0.9684707412071779
3.0	23756.0	8.0	4.0	3.0	1,2	0,5	1.0	39.46455383300781	0.9788684623467448
93.0	23757.0	11.0	4.0	3.0	1,4	0,3	1.0	39.46455383300781	0.9710597710286163
74.0	23758.0	8.0	1.0	5.0	3,1,1,4	0,3,2,2	0.0	39.464542388916016	0.9788684562841399
59.0	23759.0	8.0	4.0	5.0	1,1,1,4	0,4,2,2	1.0	39.464542388916016	0.9788684562841399
41.0	23760.0	4.0	4.0	6.0	1,1,1,4,1	0,4,2,2,5	1.0	39.46455383300781	0.9893778157745123
43.0	23761.0	8.0	4.0	5.0	1,1,1,4	0,5,2,2	1.0	39.464542388916016	0.9788684562841399
4.0	23762.0	14.0	4.0	3.0	1,4	0,4	1.0	39.46455383300781	0.9633133716960274
101.0	23763.0	4.0	1.0	6.0	1,1,1,1,1	0,3,2,3,2	0.0	39.46455383300781	0.9893778157745123
70.0	23764.0	12.0	4.0	3.0	4,4	0,3	1.0	39.46455383300781	0.9684707412071779
10.0	23765.0	14.0	4.0	3.0	1,4	0,4	1.0	39.46455383300781	0.9633133716960274
40.0	23766.0	13.0	1.0	3.0	1,4	0,4	0.0	39.46455383300781	0.9658886142310806
26.0	23767.0	13.0	4.0	3.0	4,4	0,4	1.0	39.46455383300781	0.9658886142310806
91.0	23768.0	11.0	4.0	3.0	1,4	0,3	1.0	39.46455383300781	0.9710597710286163
11.0	23769.0	14.0	1.0	3.0	1,4	0,4	0.0	39.46455383300781	0.9633133716960274
110.0	23770.0	10.0	4.0	3.0	4,4	0,3	1.0	39.46455383300781	0.9736557221488931
28.0	23771.0	13.0	4.0	3.0	4,4	0,4	1.0	39.46455383300781	0.9658886142310806
7.0	23772.0	13.0	4.0	4.0	3,4,4	0,1,4	1.0	39.46455383300781	0.9658886142310806
55.0	23773.0	6.0	4.0	5.0	1,1,1,4	0,5,2,3	1.0	39.464542388916016	0.9841091058464339
2.0	23774.0	6.0	2.0	4.0	4,1,4	0,4,3	1.0	39.46455383300781	0.9841091104177311
37.0	23775.0	13.0	4.0	3.0	4,4	0,4	1.0	39.46455383300781	0.9658886142310806
255.0	23846.0	3.0	4.0	2.0	4	0	1.0	39.46455383300781	0.9920227368451446
3622.0	23847.0	5.0	4.0	2.0	4	0	1.0	39.46455383300781	0.9867399465659091
242.0	23848.0	4.0	4.0	2.0	4	0	1.0	39.46455383300781	0.9893778157745123
3498.0	23850.0	14.0	4.0	3.0	4,4	0,4	1.0	39.46455383300781	0.9633133716960274
3615.0	23851.0	5.0	4.0	2.0	4	0	1.0	39.46455383300781	0.9867399465659091
3629.0	23853.0	4.0	4.0	2.0	4	0	1.0	39.46455383300781	0.9893778157745123
259.0	23854.0	3.0	4.0	2.0	4	0	1.0	39.46455383300781	0.9920227368451446
235.0	23856.0	5.0	4.0	2.0	4	0	1.0	39.46455383300781	0.9867399465659091
3559.0	23857.0	9.0	4.0	3.0	4,4	0,3	1.0	39.46455383300781	0.9762586130708382
7411.0	23859.0	18.0	4.0	3.0	1,4	0,6	1.0	39.46455383300781	0.9530808795949964
250.0	23860.0	4.0	4.0	2.0	4	0	1.0	39.46455383300781	0.9893778157745123
3512.0	23862.0	13.0	4.0	3.0	4,4	0,4	1.0	39.46455383300781	0.9658886142310806
7231.0	23863.0	19.0	4.0	6.0	1,2,1,4,4	0,3,4,2,6	1.0	39.46455383300781	0.9505397849135637
3631.0	23865.0	4.0	4.0	2.0	4	0	1.0	39.46455383300781	0.9893778157745123
7408.0	23866.0	18.0	2.0	3.0	4,4	0,6	1.0	39.46455383300781	0.9530808795949964
3628.0	23868.0	4.0	4.0	2.0	4	0	1.0	39.46455383300781	0.9893778157745123
3636.0	23869.0	3.0	4.0	2.0	4	0	1.0	39.46455383300781	0.9920227368451446
7435.0	23871.0	18.0	4.0	3.0	1,4	0,5	1.0	39.46455383300781	0.9530808795949964
240.0	23874.0	5.0	4.0	2.0	4	0	1.0	39.46455383300781	0.9867399465659091
7404.0	23875.0	18.0	4.0	3.0	4,4	0,6	1.0	39.46455383300781	0.9530808795949964
258.0	23878.0	3.0	4.0	2.0	4	0	1.0	39.46455383300781	0.9920227368451446
3509.0	23880.0	13.0	4.0	3.0	4,4	0,4	1.0	39.46455383300781	0.9658886142310806
7246.0	23881.0	17.0	4.0	6.0	4,1,2,4,4	0,5,2,3,6	1.0	39.464542388916016	0.9556287548522426
7456.0	23883.0	17.0	4.0	3.0	4,4	0,5	1.0	39.46455383300781	0.9556287674294172
7406.0	23884.0	18.0	4.0	3.0	4,4	0,6	1.0	39.46455383300781	0.9530808795949964
3543.0	23887.0	11.0	4.0	3.0	4,4	0,3	1.0	39.46455383300781	0.9710597710286163
7444.0	23889.0	17.0	4.0	3.0	4,4	0,5	1.0	39.46455383300781	0.9556287674294172
7457.0	23890.0	17.0	4.0	3.0	1,4	0,5	1.0	39.46455383300781	0.9556287674294172
3626.0	23892.0	4.0	4.0	2.0	4	0	1.0	39.46455383300781	0.9893778157745123
145.0	23893.0	11.0	1.0	3.0	1,4	0,4	0.0	39.46455383300781	0.9710597710286163
3624.0	23895.0	4.0	4.0	2.0	4	0	1.0	39.46455383300781	0.9893778157745123
3550.0	23896.0	10.0	4.0	3.0	4,4	0,3	1.0	39.46455383300781	0.9736557221488931
7410.0	23898.0	18.0	4.0	3.0	4,4	0,6	1.0	39.46455383300781	0.9530808795949964
7426.0	23899.0	17.0	4.0	3.0	4,4	0,6	1.0	39.46455383300781	0.9556287674294172
7434.0	23901.0	17.0	4.0	3.0	4,4	0,6	1.0	39.46455383300781	0.9556287674294172
257.0	23902.0	3.0	4.0	2.0	1	0	1.0	39.46455383300781	0.9920227368451446
7230.0	23904.0	23.0	4.0	4.0	4,4,4	0,3,8	1.0	39.46455383300781	0.9404429762045564
190.0	23905.0	5.0	4.0	4.0	1,1,4	0,4,2	1.0	39.46455383300781	0.9867399465659091
3616.0	23907.0	5.0	4.0	2.0	4	0	1.0	39.46455383300781	0.9867399465659091
7391.0	23908.0	19.0	4.0	3.0	1,4	0,6	1.0	39.46455383300781	0.9505397849135637
3561.0	23911.0	5.0	1.0	4.0	1,1,3	0,5,2	0.0	39.46455383300781	0.9867399465659091
3617.0	23913.0	5.0	4.0	2.0	4	0	1.0	39.46455383300781	0.9867399465659091
252.0	23914.0	3.0	4.0	2.0	4	0	1.0	39.46455383300781	0.9920227368451446
7429.0	23916.0	17.0	4.0	3.0	1,4	0,6	1.0	39.46455383300781	0.9556287674294172
126.0	23917.0	13.0	4.0	3.0	4,4	0,4	1.0	39.46455383300781	0.9658886142310806
239.0	23919.0	5.0	4.0	2.0	4	0	1.0	39.46455383300781	0.9867399465659091
3642.0	23920.0	3.0	4.0	2.0	4	0	1.0	39.46455383300781	0.9920227368451446
248.0	23924.0	4.0	4.0	2.0	1	0	1.0	39.46455383300781	0.9893778157745123
7436.0	23925.0	17.0	4.0	3.0	4,4	0,6	1.0	39.46455383300781	0.9556287674294172
3625.0	23926.0	4.0	4.0	2.0	4	0	1.0	39.46455383300781	0.9893778157745123
7748.0	23935.0	5.0	4.0	5.0	1,1,1,4	0,3,2,2	1.0	39.464542388916016	0.986739942746311
7603.0	23936.0	7.0	4.0	7.0	3,1,1,1,1,4	0,3,2,2,2,3	1.0	39.46455383300781	0.981485288578503
7705.0	23937.0	11.0	4.0	3.0	4,4	0,3	1.0	39.46455383300781	0.9710597710286163
7644.0	23938.0	13.0	4.0	3.0	4,4	0,4	1.0	39.46455383300781	0.9658886142310806
7680.0	23939.0	5.0	4.0	5.0	4,1,1,4	0,5,3,2	1.0	39.464542388916016	0.986739942746311
7631.0	23940.0	14.0	4.0	3.0	4,4	0,4	1.0	39.46455383300781	0.9633133716960274
7720.0	23941.0	10.0	2.0	3.0	4,4	0,3	1.0	39.46455383300781	0.9736557221488931
7658.0	23942.0	12.0	4.0	3.0	4,4	0,4	1.0	39.46455383300781	0.9684707412071779
7753.0	23943.0	9.0	4.0	3.0	4,4	0,3	1.0	39.46455383300781	0.9762586130708382
7650.0	23944.0	13.0	4.0	3.0	4,4	0,4	1.0	39.46455383300781	0.9658886142310806
7655.0	23945.0	13.0	4.0	3.0	4,4	0,4	1.0	39.46455383300781	0.9658886142310806
7616.0	23946.0	14.0	4.0	3.0	3,4	0,5	1.0	39.46455383300781	0.9633133716960274
7794.0	23947.0	7.0	4.0	3.0	4,4	0,3	1.0	39.46455383300781	0.981485288578503
7717.0	23948.0	5.0	4.0	5.0	1,1,1,4	0,4,3,2	1.0	39.464542388916016	0.986739942746311
7764.0	23949.0	5.0	4.0	4.0	1,1,4	0,4,2	1.0	39.46455383300781	0.9867399465659091
7708.0	23950.0	11.0	4.0	3.0	4,4	0,3	1.0	39.46455383300781	0.9710597710286163
7619.0	23951.0	14.0	4.0	3.0	4,4	0,4	1.0	39.46455383300781	0.9633133716960274
7718.0	23952.0	10.0	4.0	3.0	4,4	0,3	1.0	39.46455383300781	0.9736557221488931
7713.0	23953.0	11.0	1.0	3.0	1,4	0,3	0.0	39.46455383300781	0.9710597710286163
7731.0	23954.0	10.0	1.0	3.0	1,4	0,3	0.0	39.46455383300781	0.9736557221488931
71.0	23957.0	5.0	4.0	6.0	3,1,1,1,4	0,4,2,3,2	1.0	39.46455383300781	0.9867399465659091
106.0	23958.0	11.0	4.0	3.0	4,4	0,3	1.0	39.46455383300781	0.9710597710286163
100.0	23959.0	11.0	4.0	3.0	4,4	0,4	1.0	39.46455383300781	0.9710597710286163
6.0	23960.0	15.0	4.0	3.0	4,4	0,4	1.0	39.46455383300781	0.9607449952467905
21.0	23961.0	15.0	4.0	3.0	1,4	0,4	1.0	39.46455383300781	0.9607449952467905
24.0	23962.0	14.0	4.0	3.0	3,4	0,4	1.0	39.46455383300781	0.9633133716960274
61.0	23963.0	7.0	4.0	5.0	1,1,1,4	0,5,2,3	1.0	39.464542388916016	0.9814852832595423
111.0	23964.0	11.0	4.0	3.0	4,4	0,3	1.0	39.46455383300781	0.9710597710286163
72.0	23965.0	12.0	4.0	3.0	4,4	0,4	1.0	39.46455383300781	0.9684707412071779
53.0	23966.0	5.0	4.0	6.0	4,1,1,1,4	0,5,2,3,2	1.0	39.46455383300781	0.9867399465659091
7749.0	23991.0	10.0	4.0	3.0	4,4	0,3	1.0	39.46455383300781	0.9736557221488931
7823.0	23992.0	2.0	4.0	3.0	1,1	0,6	1.0	39.46455383300781	0.9946747286296723
7662.0	23993.0	13.0	4.0	3.0	4,4	0,4	1.0	39.46455383300781	0.9658886142310806
7730.0	23994.0	11.0	4.0	3.0	4,4	0,3	1.0	39.46455383300781	0.9710597710286163
7666.0	23995.0	2.0	4.0	6.0	4,1,4,1,1	0,4,2,5,4	1.0	39.46455383300781	0.9946747286296723
7642.0	23996.0	14.0	4.0	3.0	4,4	0,4	1.0	39.46455383300781	0.9633133716960274
7740.0	23997.0	6.0	1.0	5.0	1,1,1,4	0,3,2,2	0.0	39.464542388916016	0.9841091058464339
7742.0	23998.0	6.0	4.0	4.0	1,1,4	0,5,2	1.0	39.46455383300781	0.9841091104177311
7831.0	23999.0	2.0	4.0	4.0	1,1,1	0,3,3	1.0	39.464542388916016	0.9946747270895472
7735.0	24000.0	6.0	1.0	4.0	1,1,4	0,6,2	0.0	39.46455383300781	0.9841091104177311
7716.0	24001.0	6.0	4.0	5.0	1,1,1,4	0,5,2,2	1.0	39.464542388916016	0.9841091058464339
7696.0	24002.0	8.0	4.0	4.0	4,1,4	0,5,3	1.0	39.46455383300781	0.9788684623467448
7687.0	24003.0	12.0	4.0	3.0	4,4	0,4	1.0	39.46455383300781	0.9684707412071779
7673.0	24004.0	2.0	4.0	7.0	1,1,1,4,1,1	0,3,2,2,5,3	1.0	39.46455383300781	0.9946747286296723
7723.0	24005.0	11.0	4.0	3.0	4,4	0,3	1.0	39.46455383300781	0.9710597710286163
7676.0	24006.0	13.0	4.0	3.0	1,4	0,4	1.0	39.46455383300781	0.9658886142310806
7750.0	24007.0	6.0	4.0	5.0	1,1,1,4	0,3,2,2	1.0	39.464542388916016	0.9841091058464339
7627.0	24008.0	14.0	4.0	3.0	4,4	0,5	1.0	39.46455383300781	0.9633133716960274
7739.0	24009.0	6.0	4.0	4.0	1,1,4	0,5,2	1.0	39.46455383300781	0.9841091104177311
7640.0	24010.0	5.0	4.0	5.0	1,4,1,4	0,3,8,2	1.0	39.46455383300781	0.9867399465659091
7721.0	24011.0	8.0	4.0	4.0	4,1,4	0,3,3	1.0	39.46455383300781	0.9788684623467448
7789.0	24012.0	6.0	4.0	4.0	4,1,4	0,3,2	1.0	39.46455383300781	0.9841091104177311
7646.0	24013.0	14.0	4.0	3.0	4,4	0,4	1.0	39.46455383300781	0.9633133716960274
7813.0	24014.0	2.0	4.0	4.0	1,1,1	0,5,3	1.0	39.464542388916016	0.9946747270895472
7825.0	24015.0	2.0	4.0	3.0	4,1	0,6	1.0	39.46455383300781	0.9946747286296723
7726.0	24016.0	6.0	4.0	5.0	1,1,1,4	0,4,2,2	1.0	39.464542388916016	0.9841091058464339
7775.0	24017.0	6.0	4.0	4.0	1,1,4	0,4,2	1.0	39.46455383300781	0.9841091104177311
7703.0	24018.0	11.0	1.0	3.0	1,4	0,4	0.0	39.46455383300781	0.9710597710286163
7819.0	24019.0	2.0	1.0	3.0	1,1	0,6	0.0	39.46455383300781	0.9946747286296723
7688.0	24020.0	12.0	4.0	3.0	1,4	0,4	1.0	39.46455383300781	0.9684707412071779
7684.0	24021.0	12.0	4.0	3.0	4,4	0,4	1.0	39.46455383300781	0.9684707412071779
7613.0	24022.0	15.0	4.0	3.0	3,4	0,5	1.0	39.46455383300781	0.9607449952467905
3641.0	24027.0	4.0	4.0	2.0	4	0	1.0	39.46455383300781	0.9893778157745123
3522.0	24028.0	13.0	4.0	3.0	4,4	0,4	1.0	39.46455383300781	0.9658886142310806
209.0	24029.0	7.0	4.0	3.0	1,4	0,3	1.0	39.46455383300781	0.981485288578503
175.0	24031.0	10.0	4.0	3.0	4,4	0,3	1.0	39.46455383300781	0.9736557221488931
260.0	24032.0	4.0	4.0	2.0	4	0	1.0	39.46455383300781	0.9893778157745123
210.0	24035.0	7.0	4.0	3.0	4,4	0,3	1.0	39.46455383300781	0.981485288578503
238.0	24037.0	2.0	4.0	3.0	1,1	0,4	1.0	39.46455383300781	0.9946747286296723
243.0	24038.0	5.0	4.0	2.0	1	0	1.0	39.46455383300781	0.9867399465659091
205.0	24040.0	7.0	4.0	3.0	4,4	0,3	1.0	39.46455383300781	0.981485288578503
7447.0	24041.0	18.0	1.0	3.0	1,4	0,5	0.0	39.46455383300781	0.9530808795949964
3500.0	24044.0	15.0	4.0	3.0	4,4	0,4	1.0	39.46455383300781	0.9607449952467905
196.0	24046.0	8.0	4.0	3.0	4,4	0,3	1.0	39.46455383300781	0.9788684623467448
231.0	24047.0	2.0	1.0	3.0	1,1	0,4	0.0	39.46455383300781	0.9946747286296723
7452.0	24049.0	18.0	4.0	3.0	4,4	0,5	1.0	39.46455383300781	0.9530808795949964
7445.0	24050.0	18.0	1.0	3.0	1,4	0,5	0.0	39.46455383300781	0.9530808795949964
3638.0	24053.0	4.0	4.0	2.0	4	0	1.0	39.46455383300781	0.9893778157745123
7212.0	24055.0	25.0	4.0	4.0	4,4,4	0,3,8	1.0	39.46455383300781	0.9354348621479486
3634.0	24058.0	4.0	4.0	2.0	4	0	1.0	39.46455383300781	0.9893778157745123
241.0	24059.0	5.0	4.0	2.0	4	0	1.0	39.46455383300781	0.9867399465659091
244.0	24061.0	5.0	4.0	2.0	4	0	1.0	39.46455383300781	0.9867399465659091
3640.0	24062.0	4.0	4.0	2.0	4	0	1.0	39.46455383300781	0.9893778157745123
254.0	24064.0	4.0	4.0	2.0	4	0	1.0	39.46455383300781	0.9893778157745123
178.0	24070.0	6.0	1.0	5.0	1,1,1,4	0,4,1,2	0.0	39.46455383300781	0.9841091104177311
7390.0	24071.0	19.0	4.0	3.0	4,4	0,7	1.0	39.46455383300781	0.9505397849135637
7313.0	24073.0	6.0	4.0	5.0	4,4,1,4	0,5,18,2	1.0	39.464542388916016	0.9841091058464339
3549.0	24074.0	11.0	4.0	3.0	4,4	0,3	1.0	39.46455383300781	0.9710597710286163
151.0	24076.0	2.0	4.0	6.0	1,1,4,1,1	0,4,2,5,3	1.0	39.46455383300781	0.9946747286296723
7413.0	24077.0	19.0	4.0	3.0	4,4	0,6	1.0	39.46455383300781	0.9505397849135637
3501.0	24079.0	14.0	4.0	3.0	4,4	0,5	1.0	39.46455383300781	0.9633133716960274
256.0	24082.0	4.0	4.0	2.0	4	0	1.0	39.46455383300781	0.9893778157745123
129.0	24083.0	14.0	4.0	3.0	4,4	0,4	1.0	39.46455383300781	0.9633133716960274
7428.0	24085.0	18.0	4.0	3.0	4,4	0,6	1.0	39.46455383300781	0.9530808795949964
3538.0	24086.0	11.0	4.0	3.0	4,4	0,4	1.0	39.46455383300781	0.9710597710286163
114.0	24088.0	14.0	4.0	3.0	1,4	0,5	1.0	39.46455383300781	0.9633133716960274
188.0	24089.0	6.0	4.0	5.0	1,1,4,4	0,3,1,2	1.0	39.46455383300781	0.9841091104177311
142.0	24091.0	13.0	4.0	3.0	4,4	0,4	1.0	39.46455383300781	0.9658886142310806
7431.0	24092.0	18.0	4.0	3.0	1,4	0,6	1.0	39.46455383300781	0.9530808795949964
174.0	24093.0	2.0	1.0	5.0	1,1,4,1	0,3,2,6	0.0	39.464542388916016	0.9946747270895472
7433.0	24094.0	18.0	4.0	3.0	1,4	0,6	1.0	39.46455383300781	0.9530808795949964
173.0	24095.0	10.0	4.0	3.0	1,4	0,3	1.0	39.46455383300781	0.9736557221488931
3560.0	24096.0	10.0	4.0	3.0	4,4	0,3	1.0	39.46455383300781	0.9736557221488931
7075.0	24097.0	32.0	4.0	4.0	4,4,4	0,3,10	1.0	39.46455383300781	0.9181155556216716
7420.0	24098.0	18.0	4.0	3.0	4,4	0,6	1.0	39.46455383300781	0.9530808795949964
3630.0	24099.0	5.0	4.0	2.0	4	0	1.0	39.46455383300781	0.9867399465659091
7446.0	24100.0	18.0	4.0	3.0	4,4	0,5	1.0	39.46455383300781	0.9530808795949964
7422.0	24101.0	18.0	4.0	3.0	4,4	0,6	1.0	39.46455383300781	0.9530808795949964
7414.0	24102.0	19.0	4.0	3.0	4,4	0,6	1.0	39.46455383300781	0.9505397849135637
3627.0	24103.0	5.0	4.0	2.0	4	0	1.0	39.46455383300781	0.9867399465659091
3637.0	24104.0	4.0	4.0	2.0	4	0	1.0	39.46455383300781	0.9893778157745123
3614.0	24105.0	2.0	1.0	3.0	1,1	0,4	0.0	39.46455383300781	0.9946747286296723
7731.0	24115.0	2.0	4.0	4.0	1,4,1	0,3,10	1.0	39.46455383300781	0.9946747286296723
7678.0	24116.0	13.0	4.0	3.0	4,4	0,4	1.0	39.46455383300781	0.9658886142310806
7641.0	24117.0	14.0	4.0	3.0	4,4	0,5	1.0	39.46455383300781	0.9633133716960274
7604.0	24118.0	16.0	4.0	3.0	3,4	0,5	1.0	39.46455383300781	0.9581834665770808
7806.0	24119.0	6.0	4.0	4.0	1,1,4	0,3,2	1.0	39.46455383300781	0.9841091104177311
7782.0	24120.0	3.0	4.0	4.0	1,1,2	0,5,4	1.0	39.464542388916016	0.9920227345411162
7797.0	24121.0	9.0	4.0	3.0	4,4	0,3	1.0	39.46455383300781	0.9762586130708382
7713.0	24122.0	2.0	4.0	4.0	1,4,1	0,3,11	1.0	39.46455383300781	0.9946747286296723
7712.0	24123.0	12.0	4.0	3.0	1,4	0,4	1.0	39.46455383300781	0.9684707412071779
7622.0	24124.0	3.0	1.0	7.0	1,1,1,4,1,2	0,4,2,2,5,4	0.0	39.46455383300781	0.9920227368451446
7605.0	24125.0	16.0	4.0	3.0	3,4	0,5	1.0	39.46455383300781	0.9581834665770808
7656.0	24126.0	15.0	4.0	3.0	4,4	0,4	1.0	39.46455383300781	0.9607449952467905
8015.0	24128.0	3.0	1.0	2.0	4	0	0.0	39.46455383300781	0.9920227368451446
8020.0	24130.0	3.0	4.0	2.0	4	0	1.0	39.46455383300781	0.9920227368451446
8026.0	24132.0	3.0	4.0	2.0	1	0	1.0	39.46455383300781	0.9920227368451446
8022.0	24134.0	3.0	1.0	2.0	4	0	0.0	39.46455383300781	0.9920227368451446
8029.0	24136.0	3.0	4.0	2.0	4	0	1.0	39.46455383300781	0.9920227368451446
8021.0	24138.0	3.0	4.0	2.0	1	0	1.0	39.46455383300781	0.9920227368451446
3534.0	24158.0	13.0	4.0	3.0	4,4	0,4	1.0	39.46455383300781	0.9658886142310806
267.0	24160.0	3.0	4.0	2.0	4	0	1.0	39.46455383300781	0.9920227368451446
3635.0	24162.0	5.0	4.0	2.0	4	0	1.0	39.46455383300781	0.9867399465659091
7095.0	24164.0	20.0	4.0	8.0	1,1,1,4,1,4,4	0,3,2,2,6,2,8	1.0	39.46455383300781	0.9480054652732826
7205.0	24166.0	20.0	4.0	6.0	1,1,1,4,4	0,5,2,2,8	1.0	39.46455383300781	0.9480054652732826
3511.0	24168.0	14.0	4.0	3.0	4,4	0,5	1.0	39.46455383300781	0.9633133716960274
3646.0	24170.0	3.0	4.0	2.0	4	0	1.0	39.46455383300781	0.9920227368451446
125.0	24173.0	14.0	4.0	3.0	4,4	0,5	1.0	39.46455383300781	0.9633133716960274
7245.0	24174.0	5.0	4.0	11.0	1,1,4,1,4,1,1,1,1,4	0,5,2,7,2,6,2,2,2,2	1.0	39.46455383300781	0.9867399465659091
7402.0	24176.0	20.0	4.0	3.0	4,4	0,6	1.0	39.46455383300781	0.9480054652732826
3556.0	24177.0	11.0	4.0	3.0	4,4	0,3	1.0	39.46455383300781	0.9710597710286163
3649.0	24179.0	3.0	4.0	2.0	4	0	1.0	39.46455383300781	0.9920227368451446
7423.0	24180.0	19.0	4.0	3.0	1,4	0,6	1.0	39.46455383300781	0.9505397849135637
253.0	24182.0	5.0	4.0	2.0	4	0	1.0	39.46455383300781	0.9867399465659091
7058.0	24183.0	33.0	4.0	4.0	4,4,4	0,3,10	1.0	39.46455383300781	0.9156676851363017
251.0	24185.0	5.0	4.0	2.0	4	0	1.0	39.46455383300781	0.9867399465659091
146.0	24186.0	13.0	4.0	3.0	4,4	0,4	1.0	39.46455383300781	0.9658886142310806
265.0	24188.0	3.0	4.0	2.0	4	0	1.0	39.46455383300781	0.9920227368451446
145.0	24191.0	2.0	4.0	4.0	1,4,1	0,4,11	1.0	39.464542388916016	0.9946747270895472
7299.0	24192.0	19.0	4.0	5.0	1,1,4,4	0,5,2,6	1.0	39.464542388916016	0.9505397709315783
7387.0	24194.0	20.0	4.0	3.0	4,4	0,7	1.0	39.46455383300781	0.9480054652732826
3643.0	24195.0	5.0	4.0	2.0	4	0	1.0	39.46455383300781	0.9867399465659091
194.0	24197.0	9.0	4.0	3.0	4,4	0,3	1.0	39.46455383300781	0.9762586130708382
264.0	24198.0	3.0	4.0	2.0	4	0	1.0	39.46455383300781	0.9920227368451446
7378.0	24200.0	20.0	4.0	3.0	4,4	0,7	1.0	39.46455383300781	0.9480054652732826
7345.0	24201.0	6.0	1.0	6.0	1,1,4,1,4	0,5,4,12,2	0.0	39.46455383300781	0.9841091104177311
183.0	24203.0	10.0	4.0	3.0	4,4	0,3	1.0	39.46455383300781	0.9736557221488931
6993.0	24204.0	5.0	1.0	11.0	1,3,1,1,4,4,1,1,1,4	0,2,12,7,3,8,23,3,2,2	0.0	39.46455383300781	0.9867399465659091
7262.0	24207.0	11.0	2.0	9.0	2,1,2,1,2,1,4,4	0,4,2,3,4,3,2,5	1.0	39.46455383300781	0.9710597710286163
269.0	24209.0	3.0	4.0	2.0	4	0	1.0	39.46455383300781	0.9920227368451446
268.0	24210.0	3.0	4.0	2.0	4	0	1.0	39.46455383300781	0.9920227368451446
7458.0	24212.0	16.0	4.0	3.0	4,4	0,5	1.0	39.46455383300781	0.9581834665770808
3568.0	24213.0	10.0	4.0	3.0	4,4	0,3	1.0	39.46455383300781	0.9736557221488931
3561.0	24214.0	2.0	4.0	5.0	1,1,3,1	0,5,2,5	1.0	39.464542388916016	0.9946747270895472
7197.0	24215.0	26.0	4.0	4.0	1,4,4	0,3,8	1.0	39.46455383300781	0.9329408151012373
3639.0	24216.0	5.0	4.0	2.0	4	0	1.0	39.46455383300781	0.9867399465659091
138.0	24217.0	5.0	4.0	6.0	1,1,4,1,4	0,3,2,6,2	1.0	39.464542388916016	0.986739942746311
7407.0	24218.0	20.0	4.0	3.0	1,4	0,6	1.0	39.46455383300781	0.9480054652732826
6864.0	24219.0	5.0	4.0	7.0	2,2,1,1,1,4	0,1,1889,4,2,2	1.0	39.46455383300781	0.9867399465659091
8018.0	24223.0	4.0	4.0	2.0	4	0	1.0	39.46455383300781	0.9893778157745123
8032.0	24224.0	4.0	4.0	2.0	4	0	1.0	39.46455383300781	0.9893778157745123
8042.0	24226.0	3.0	4.0	2.0	4	0	1.0	39.46455383300781	0.9920227368451446
8038.0	24228.0	3.0	4.0	2.0	4	0	1.0	39.46455383300781	0.9920227368451446
8037.0	24230.0	3.0	1.0	2.0	4	0	0.0	39.46455383300781	0.9920227368451446
8053.0	24232.0	3.0	4.0	2.0	4	0	1.0	39.46455383300781	0.9920227368451446
8035.0	24234.0	3.0	4.0	2.0	4	0	1.0	39.46455383300781	0.9920227368451446
8034.0	24236.0	3.0	4.0	2.0	4	0	1.0	39.46455383300781	0.9920227368451446
8023.0	24238.0	4.0	4.0	2.0	4	0	1.0	39.46455383300781	0.9893778157745123
8013.0	24240.0	4.0	1.0	2.0	3	0	0.0	39.46455383300781	0.9893778157745123
8040.0	24242.0	3.0	4.0	2.0	4	0	1.0	39.46455383300781	0.9920227368451446
7647.0	24260.0	10.0	4.0	5.0	1,1,1,4	0,5,2,3	1.0	39.464542388916016	0.9736557146109931
7608.0	24261.0	7.0	4.0	5.0	3,4,1,4	0,3,10,2	1.0	39.46455383300781	0.981485288578503
7683.0	24262.0	14.0	4.0	3.0	4,4	0,4	1.0	39.46455383300781	0.9633133716960274
7819.0	24263.0	2.0	1.0	4.0	1,1,1	0,6,2	0.0	39.464542388916016	0.9946747270895472
7649.0	24264.0	10.0	4.0	5.0	1,1,1,4	0,5,2,3	1.0	39.464542388916016	0.9736557146109931
7779.0	24265.0	10.0	4.0	3.0	1,4	0,3	1.0	39.46455383300781	0.9736557221488931
7727.0	24266.0	12.0	4.0	3.0	4,4	0,4	1.0	39.46455383300781	0.9684707412071779
7626.0	24267.0	16.0	4.0	3.0	4,4	0,5	1.0	39.46455383300781	0.9581834665770808
7803.0	24268.0	9.0	4.0	3.0	4,4	0,3	1.0	39.46455383300781	0.9762586130708382
7669.0	24269.0	14.0	4.0	3.0	1,4	0,5	1.0	39.46455383300781	0.9633133716960274
7740.0	24270.0	2.0	1.0	6.0	1,1,1,4,1	0,3,2,2,6	0.0	39.46455383300781	0.9946747286296723
7612.0	24271.0	17.0	4.0	3.0	3,4	0,5	1.0	39.46455383300781	0.9556287674294172
7599.0	24272.0	14.0	1.0	5.0	3,1,4,4	0,1,2,5	0.0	39.46455383300781	0.9633133716960274
7703.0	24273.0	2.0	4.0	4.0	1,4,1	0,4,11	1.0	39.464542388916016	0.9946747270895472
7715.0	24274.0	13.0	1.0	3.0	1,4	0,4	0.0	39.46455383300781	0.9658886142310806
7632.0	24275.0	16.0	4.0	3.0	4,4	0,5	1.0	39.46455383300781	0.9581834665770808
7735.0	24276.0	2.0	1.0	5.0	1,1,4,1	0,6,2,6	0.0	39.464542388916016	0.9946747270895472
7686.0	24277.0	14.0	4.0	3.0	4,4	0,4	1.0	39.46455383300781	0.9633133716960274
7416.0	24283.0	21.0	4.0	3.0	4,4	0,6	1.0	39.46455383300781	0.9454779026106062
7445.0	24284.0	2.0	1.0	4.0	1,4,1	0,5,18	0.0	39.464542388916016	0.9946747270895472
3582.0	24285.0	10.0	4.0	3.0	4,4	0,3	1.0	39.46455383300781	0.9736557221488931
263.0	24287.0	4.0	4.0	2.0	4	0	1.0	39.46455383300781	0.9893778157745123
7443.0	24288.0	19.0	4.0	3.0	1,4	0,6	1.0	39.46455383300781	0.9505397849135637
6983.0	24290.0	7.0	4.0	9.0	1,4,4,1,1,4,1,4	0,3,11,34,2,2,7,2	1.0	39.46455383300781	0.981485288578503
7417.0	24291.0	21.0	4.0	3.0	1,4	0,6	1.0	39.46455383300781	0.9454779026106062
148.0	24293.0	14.0	4.0	3.0	1,4	0,4	1.0	39.46455383300781	0.9633133716960274
3659.0	24294.0	3.0	4.0	2.0	4	0	1.0	39.46455383300781	0.9920227368451446
7036.0	24296.0	41.0	4.0	4.0	4,4,4	0,4,13	1.0	39.46455383300781	0.896318218969975
7430.0	24297.0	20.0	4.0	3.0	4,4	0,6	1.0	39.46455383300781	0.9480054652732826
3661.0	24299.0	3.0	4.0	2.0	4	0	1.0	39.46455383300781	0.9920227368451446
140.0	24300.0	14.0	4.0	3.0	4,4	0,5	1.0	39.46455383300781	0.9633133716960274
171.0	24302.0	12.0	4.0	3.0	4,4	0,4	1.0	39.46455383300781	0.9684707412071779
3657.0	24303.0	3.0	4.0	2.0	4	0	1.0	39.46455383300781	0.9920227368451446
277.0	24307.0	3.0	1.0	2.0	1	0	0.0	39.46455383300781	0.9920227368451446
3515.0	24310.0	15.0	4.0	3.0	4,4	0,5	1.0	39.46455383300781	0.9607449952467905
3506.0	24311.0	15.0	4.0	3.0	4,4	0,5	1.0	39.46455383300781	0.9607449952467905
7241.0	24313.0	22.0	4.0	6.0	1,1,1,4,4	0,3,2,2,7	1.0	39.46455383300781	0.9429570789101486
7061.0	24314.0	6.0	4.0	10.0	1,1,4,4,1,4,1,1,4	0,3,2,6,17,2,7,2,2	1.0	39.46455383300781	0.9841091104177311
3525.0	24316.0	14.0	4.0	3.0	4,4	0,5	1.0	39.46455383300781	0.9633133716960274
261.0	24317.0	4.0	4.0	2.0	4	0	1.0	39.46455383300781	0.9893778157745123
169.0	24319.0	12.0	4.0	3.0	4,4	0,4	1.0	39.46455383300781	0.9684707412071779
178.0	24320.0	2.0	4.0	6.0	1,1,1,4,1	0,4,1,2,6	1.0	39.464542388916016	0.9946747270895472
3652.0	24322.0	4.0	4.0	2.0	4	0	1.0	39.46455383300781	0.9893778157745123
3529.0	24323.0	14.0	4.0	3.0	4,4	0,4	1.0	39.46455383300781	0.9633133716960274
214.0	24325.0	7.0	4.0	4.0	1,1,4	0,1,3	1.0	39.46455383300781	0.981485288578503
3497.0	24326.0	16.0	4.0	3.0	4,4	0,5	1.0	39.46455383300781	0.9581834665770808
208.0	24328.0	6.0	1.0	4.0	4,1,4	0,4,2	0.0	39.46455383300781	0.9841091104177311
7409.0	24329.0	21.0	4.0	3.0	1,4	0,6	1.0	39.46455383300781	0.9454779026106062
3533.0	24331.0	14.0	4.0	3.0	4,4	0,4	1.0	39.46455383300781	0.9633133716960274
3658.0	24332.0	3.0	4.0	2.0	4	0	1.0	39.46455383300781	0.9920227368451446
7388.0	24334.0	21.0	4.0	3.0	4,4	0,7	1.0	39.46455383300781	0.9454779026106062
7450.0	24335.0	19.0	4.0	3.0	4,4	0,6	1.0	39.46455383300781	0.9505397849135637
6989.0	24337.0	20.0	4.0	12.0	1,1,4,1,1,1,4,4,1,4,4	0,2,1,11,7,3,1,4,10,2,7	1.0	39.46455383300781	0.9480054652732826
167.0	24340.0	12.0	4.0	3.0	4,4	0,4	1.0	39.46455383300781	0.9684707412071779
3655.0	24341.0	3.0	1.0	2.0	4	0	0.0	39.46455383300781	0.9920227368451446
7315.0	24344.0	22.0	4.0	5.0	1,1,4,4	0,3,2,6	1.0	39.464542388916016	0.9429570628496304
7447.0	24346.0	2.0	4.0	4.0	1,4,1	0,5,18	1.0	39.464542388916016	0.9946747270895472
7279.0	24347.0	20.0	4.0	5.0	1,1,4,4	0,5,2,7	1.0	39.464542388916016	0.9480054505946437
174.0	24349.0	2.0	4.0	6.0	1,1,4,1,1	0,3,2,6,2	1.0	39.46455383300781	0.9946747286296723
203.0	24352.0	9.0	4.0	3.0	1,4	0,3	1.0	39.46455383300781	0.9762586130708382
6965.0	24353.0	22.0	4.0	12.0	1,1,4,1,3,1,4,1,4,4,4	0,3,1,11,7,7,2,5,2,6,3	1.0	39.46455383300781	0.9429570789101486
3614.0	24354.0	2.0	1.0	4.0	1,1,1	0,4,2	0.0	39.464542388916016	0.9946747270895472
3589.0	24355.0	9.0	4.0	3.0	4,4	0,3	1.0	39.46455383300781	0.9762586130708382
3647.0	24356.0	4.0	4.0	2.0	4	0	1.0	39.46455383300781	0.9893778157745123
7412.0	24357.0	21.0	4.0	3.0	4,4	0,6	1.0	39.46455383300781	0.9454779026106062
272.0	24358.0	3.0	1.0	2.0	1	0	0.0	39.46455383300781	0.9920227368451446
3660.0	24359.0	3.0	1.0	2.0	1	0	0.0	39.46455383300781	0.9920227368451446
3644.0	24360.0	4.0	4.0	2.0	4	0	1.0	39.46455383300781	0.9893778157745123
231.0	24361.0	2.0	1.0	4.0	1,1,1	0,4,2	0.0	39.464542388916016	0.9946747270895472
206.0	24362.0	9.0	4.0	3.0	1,4	0,3	1.0	39.46455383300781	0.9762586130708382
7617.0	24373.0	19.0	4.0	3.0	3,4	0,5	1.0	39.46455383300781	0.9505397849135637
7736.0	24374.0	14.0	1.0	3.0	1,4	0,4	0.0	39.46455383300781	0.9633133716960274
7692.0	24375.0	16.0	4.0	3.0	4,4	0,4	1.0	39.46455383300781	0.9581834665770808
7805.0	24376.0	11.0	4.0	3.0	4,4	0,3	1.0	39.46455383300781	0.9710597710286163
7822.0	24377.0	9.0	1.0	3.0	1,4	0,3	0.0	39.46455383300781	0.9762586130708382
7795.0	24378.0	12.0	4.0	3.0	4,4	0,3	1.0	39.46455383300781	0.9684707412071779
7652.0	24379.0	17.0	4.0	3.0	4,4	0,5	1.0	39.46455383300781	0.9556287674294172
7810.0	24380.0	11.0	4.0	3.0	4,4	0,3	1.0	39.46455383300781	0.9710597710286163
7695.0	24381.0	16.0	4.0	3.0	4,4	0,4	1.0	39.46455383300781	0.9581834665770808
7707.0	24382.0	15.0	4.0	3.0	4,4	0,4	1.0	39.46455383300781	0.9607449952467905
7689.0	24383.0	16.0	4.0	3.0	1,4	0,4	1.0	39.46455383300781	0.9581834665770808
7766.0	24384.0	12.0	4.0	3.0	4,4	0,4	1.0	39.46455383300781	0.9684707412071779
7622.0	24385.0	3.0	4.0	8.0	1,1,1,4,1,2,1	0,4,2,2,5,4,3	1.0	39.46455383300781	0.9920227368451446
7638.0	24386.0	17.0	4.0	3.0	4,4	0,5	1.0	39.46455383300781	0.9556287674294172
7621.0	24387.0	18.0	4.0	3.0	1,4	0,5	1.0	39.46455383300781	0.9530808795949964
7609.0	24388.0	19.0	4.0	3.0	3,4	0,5	1.0	39.46455383300781	0.9505397849135637
7816.0	24389.0	11.0	4.0	3.0	1,4	0,3	1.0	39.46455383300781	0.9710597710286163
7828.0	24390.0	6.0	4.0	4.0	4,1,4	0,3,3	1.0	39.46455383300781	0.9841091104177311
7599.0	24391.0	2.0	4.0	6.0	3,1,4,4,1	0,1,2,5,14	1.0	39.464542388916016	0.9946747270895472
7618.0	24392.0	18.0	4.0	3.0	4,4	0,5	1.0	39.46455383300781	0.9530808795949964
7740.0	24393.0	2.0	4.0	7.0	1,1,1,4,1,1	0,3,2,2,6,2	1.0	39.46455383300781	0.9946747286296723
7834.0	24394.0	9.0	4.0	3.0	4,4	0,3	1.0	39.46455383300781	0.9762586130708382
7802.0	24395.0	11.0	4.0	3.0	4,4	0,3	1.0	39.46455383300781	0.9710597710286163
7671.0	24396.0	16.0	4.0	3.0	4,4	0,5	1.0	39.46455383300781	0.9581834665770808
7760.0	24397.0	12.0	4.0	3.0	4,4	0,4	1.0	39.46455383300781	0.9684707412071779
7674.0	24398.0	16.0	4.0	3.0	4,4	0,5	1.0	39.46455383300781	0.9581834665770808
7715.0	24399.0	2.0	4.0	4.0	1,4,1	0,4,13	1.0	39.464542388916016	0.9946747270895472
7624.0	24400.0	18.0	4.0	3.0	4,4	0,5	1.0	39.46455383300781	0.9530808795949964
7735.0	24401.0	2.0	4.0	6.0	1,1,4,1,1	0,6,2,6,2	1.0	39.46455383300781	0.9946747286296723
7819.0	24402.0	2.0	1.0	5.0	1,1,1,1	0,6,2,2	0.0	39.46455383300781	0.9946747286296723
7685.0	24403.0	6.0	4.0	7.0	1,1,1,1,1,4	0,4,2,2,2,4	1.0	39.46455383300781	0.9841091104177311
7732.0	24404.0	14.0	4.0	3.0	1,4	0,4	1.0	39.46455383300781	0.9633133716960274
7811.0	24405.0	11.0	1.0	3.0	4,4	0,3	0.0	39.46455383300781	0.9710597710286163
7765.0	24406.0	12.0	4.0	3.0	4,4	0,4	1.0	39.46455383300781	0.9684707412071779
7664.0	24407.0	16.0	4.0	3.0	4,4	0,5	1.0	39.46455383300781	0.9581834665770808
7734.0	24408.0	14.0	1.0	3.0	4,4	0,4	0.0	39.46455383300781	0.9633133716960274
8014.0	24415.0	6.0	4.0	2.0	4	0	1.0	39.46455383300781	0.9841091104177311
8055.0	24416.0	4.0	4.0	2.0	4	0	1.0	39.46455383300781	0.9893778157745123
8043.0	24418.0	5.0	1.0	2.0	1	0	0.0	39.46455383300781	0.9867399465659091
8041.0	24419.0	5.0	4.0	2.0	4	0	1.0	39.46455383300781	0.9867399465659091
8027.0	24421.0	6.0	1.0	2.0	1	0	0.0	39.46455383300781	0.9841091104177311
8033.0	24422.0	6.0	4.0	2.0	4	0	1.0	39.46455383300781	0.9841091104177311
8051.0	24424.0	5.0	4.0	2.0	4	0	1.0	39.46455383300781	0.9867399465659091
8016.0	24425.0	6.0	4.0	2.0	4	0	1.0	39.46455383300781	0.9841091104177311
8036.0	24427.0	5.0	1.0	2.0	1	0	0.0	39.46455383300781	0.9867399465659091
8024.0	24430.0	6.0	4.0	2.0	4	0	1.0	39.46455383300781	0.9841091104177311
8066.0	24431.0	4.0	4.0	2.0	4	0	1.0	39.46455383300781	0.9893778157745123
8067.0	24433.0	4.0	4.0	2.0	4	0	1.0	39.46455383300781	0.9893778157745123
8047.0	24434.0	5.0	4.0	2.0	4	0	1.0	39.46455383300781	0.9867399465659091
8017.0	24437.0	6.0	4.0	2.0	4	0	1.0	39.46455383300781	0.9841091104177311
8049.0	24439.0	5.0	4.0	2.0	4	0	1.0	39.46455383300781	0.9867399465659091
8059.0	24440.0	4.0	4.0	2.0	4	0	1.0	39.46455383300781	0.9893778157745123
8071.0	24442.0	4.0	1.0	2.0	4	0	0.0	39.46455383300781	0.9893778157745123
8045.0	24445.0	5.0	4.0	2.0	4	0	1.0	39.46455383300781	0.9867399465659091
8015.0	24446.0	3.0	4.0	3.0	4,1	0,3	1.0	39.46455383300781	0.9920227368451446
8030.0	24448.0	6.0	4.0	2.0	4	0	1.0	39.46455383300781	0.9841091104177311
8019.0	24449.0	6.0	4.0	2.0	4	0	1.0	39.46455383300781	0.9841091104177311
8028.0	24451.0	6.0	4.0	2.0	4	0	1.0	39.46455383300781	0.9841091104177311
8025.0	24452.0	6.0	4.0	2.0	4	0	1.0	39.46455383300781	0.9841091104177311
8068.0	24454.0	4.0	4.0	2.0	4	0	1.0	39.46455383300781	0.9893778157745123
8058.0	24455.0	4.0	4.0	2.0	1	0	1.0	39.46455383300781	0.9893778157745123
8031.0	24457.0	6.0	4.0	2.0	4	0	1.0	39.46455383300781	0.9841091104177311
8022.0	24458.0	3.0	1.0	3.0	4,1	0,3	0.0	39.46455383300781	0.9920227368451446
8052.0	24460.0	5.0	4.0	2.0	4	0	1.0	39.46455383300781	0.9867399465659091
8044.0	24461.0	5.0	1.0	2.0	4	0	0.0	39.46455383300781	0.9867399465659091
8073.0	24463.0	4.0	4.0	2.0	1	0	1.0	39.46455383300781	0.9893778157745123
8046.0	24464.0	5.0	4.0	2.0	4	0	1.0	39.46455383300781	0.9867399465659091
8081.0	24466.0	3.0	4.0	2.0	4	0	1.0	39.46455383300781	0.9920227368451446
8048.0	24467.0	5.0	4.0	2.0	4	0	1.0	39.46455383300781	0.9867399465659091
8082.0	24469.0	3.0	4.0	2.0	4	0	1.0	39.46455383300781	0.9920227368451446
8062.0	24470.0	4.0	4.0	2.0	1	0	1.0	39.46455383300781	0.9893778157745123
8063.0	24472.0	4.0	4.0	2.0	4	0	1.0	39.46455383300781	0.9893778157745123
8089.0	24473.0	3.0	4.0	2.0	4	0	1.0	39.46455383300781	0.9920227368451446
8050.0	24475.0	5.0	1.0	2.0	1	0	0.0	39.46455383300781	0.9867399465659091
8079.0	24476.0	3.0	4.0	2.0	4	0	1.0	39.46455383300781	0.9920227368451446
8093.0	24479.0	3.0	1.0	2.0	4	0	0.0	39.46455383300781	0.9920227368451446
8039.0	24480.0	5.0	4.0	2.0	4	0	1.0	39.46455383300781	0.9867399465659091
8061.0	24481.0	4.0	1.0	2.0	1	0	0.0	39.46455383300781	0.9893778157745123
8013.0	24482.0	2.0	4.0	3.0	3,1	0,4	1.0	39.46455383300781	0.9946747286296723
8037.0	24483.0	2.0	1.0	3.0	4,1	0,3	0.0	39.46455383300781	0.9946747286296723
8108.0	24499.0	5.0	4.0	2.0	4	0	1.0	39.46455383300781	0.9867399465659091
8065.0	24500.0	7.0	4.0	2.0	4	0	1.0	39.46455383300781	0.981485288578503
8100.0	24501.0	5.0	4.0	2.0	4	0	1.0	39.46455383300781	0.9867399465659091
8075.0	24503.0	6.0	4.0	2.0	4	0	1.0	39.46455383300781	0.9841091104177311
8074.0	24504.0	6.0	4.0	2.0	4	0	1.0	39.46455383300781	0.9841091104177311
8070.0	24506.0	7.0	4.0	2.0	4	0	1.0	39.46455383300781	0.981485288578503
8091.0	24507.0	6.0	4.0	2.0	4	0	1.0	39.46455383300781	0.9841091104177311
8077.0	24509.0	6.0	4.0	2.0	1	0	1.0	39.46455383300781	0.9841091104177311
8072.0	24510.0	7.0	4.0	2.0	4	0	1.0	39.46455383300781	0.981485288578503
8069.0	24512.0	7.0	4.0	2.0	4	0	1.0	39.46455383300781	0.981485288578503
8086.0	24513.0	6.0	4.0	2.0	4	0	1.0	39.46455383300781	0.9841091104177311
8095.0	24516.0	5.0	4.0	2.0	4	0	1.0	39.46455383300781	0.9867399465659091
8080.0	24518.0	6.0	4.0	2.0	4	0	1.0	39.46455383300781	0.9841091104177311
8084.0	24521.0	6.0	4.0	2.0	4	0	1.0	39.46455383300781	0.9841091104177311
8104.0	24522.0	5.0	4.0	2.0	1	0	1.0	39.46455383300781	0.9867399465659091
8056.0	24524.0	7.0	4.0	2.0	4	0	1.0	39.46455383300781	0.981485288578503
8110.0	24525.0	5.0	4.0	2.0	4	0	1.0	39.46455383300781	0.9867399465659091
8060.0	24529.0	7.0	4.0	2.0	4	0	1.0	39.46455383300781	0.981485288578503
8057.0	24530.0	7.0	4.0	2.0	4	0	1.0	39.46455383300781	0.981485288578503
8112.0	24532.0	5.0	4.0	2.0	4	0	1.0	39.46455383300781	0.9867399465659091
8087.0	24533.0	6.0	4.0	2.0	4	0	1.0	39.46455383300781	0.9841091104177311
8076.0	24534.0	6.0	4.0	2.0	4	0	1.0	39.46455383300781	0.9841091104177311
8088.0	24536.0	6.0	4.0	2.0	4	0	1.0	39.46455383300781	0.9841091104177311
8106.0	24537.0	5.0	1.0	2.0	4	0	0.0	39.46455383300781	0.9867399465659091
8064.0	24538.0	7.0	4.0	2.0	4	0	1.0	39.46455383300781	0.981485288578503
8054.0	24540.0	7.0	4.0	2.0	4	0	1.0	39.46455383300781	0.981485288578503
8085.0	24541.0	6.0	1.0	2.0	1	0	0.0	39.46455383300781	0.9841091104177311
8094.0	24542.0	5.0	4.0	2.0	4	0	1.0	39.46455383300781	0.9867399465659091
8090.0	24544.0	6.0	4.0	2.0	4	0	1.0	39.46455383300781	0.9841091104177311
8044.0	24545.0	3.0	1.0	3.0	4,1	0,5	0.0	39.46455383300781	0.9920227368451446
8071.0	24546.0	3.0	1.0	3.0	4,1	0,4	0.0	39.46455383300781	0.9920227368451446
8102.0	24548.0	5.0	1.0	2.0	1	0	0.0	39.46455383300781	0.9867399465659091
8109.0	24549.0	5.0	4.0	2.0	4	0	1.0	39.46455383300781	0.9867399465659091
8027.0	24550.0	3.0	1.0	3.0	1,1	0,6	0.0	39.46455383300781	0.9920227368451446
8111.0	24552.0	5.0	4.0	2.0	4	0	1.0	39.46455383300781	0.9867399465659091
8092.0	24553.0	6.0	4.0	2.0	4	0	1.0	39.46455383300781	0.9841091104177311
8036.0	24554.0	3.0	4.0	3.0	1,1	0,5	1.0	39.46455383300781	0.9920227368451446
8037.0	24556.0	3.0	4.0	4.0	4,1,1	0,3,2	1.0	39.464542388916016	0.9920227345411162
8083.0	24557.0	6.0	4.0	2.0	4	0	1.0	39.46455383300781	0.9841091104177311
8050.0	24558.0	3.0	4.0	3.0	1,1	0,5	1.0	39.46455383300781	0.9920227368451446
8043.0	24560.0	3.0	1.0	3.0	1,1	0,5	0.0	39.46455383300781	0.9920227368451446
8096.0	24561.0	5.0	4.0	2.0	4	0	1.0	39.46455383300781	0.9867399465659091
8022.0	24562.0	3.0	4.0	4.0	4,1,1	0,3,3	1.0	39.464542388916016	0.9920227345411162
8078.0	24564.0	6.0	4.0	2.0	4	0	1.0	39.46455383300781	0.9841091104177311
8093.0	24565.0	3.0	4.0	3.0	4,1	0,3	1.0	39.46455383300781	0.9920227368451446
8061.0	24566.0	3.0	1.0	3.0	1,1	0,4	0.0	39.46455383300781	0.9920227368451446
8097.0	24568.0	5.0	1.0	2.0	1	0	0.0	39.46455383300781	0.9867399465659091
8098.0	24569.0	5.0	4.0	2.0	4	0	1.0	39.46455383300781	0.9867399465659091
8123.0	24570.0	3.0	4.0	2.0	4	0	1.0	39.46455383300781	0.9920227368451446
8116.0	24571.0	3.0	4.0	2.0	1	0	1.0	39.46455383300781	0.9920227368451446
8127.0	24572.0	3.0	4.0	2.0	4	0	1.0	39.46455383300781	0.9920227368451446
8120.0	24573.0	3.0	4.0	2.0	4	0	1.0	39.46455383300781	0.9920227368451446
8115.0	24574.0	3.0	4.0	2.0	4	0	1.0	39.46455383300781	0.9920227368451446
8107.0	24575.0	5.0	4.0	2.0	4	0	1.0	39.46455383300781	0.9867399465659091
8105.0	24576.0	5.0	4.0	2.0	4	0	1.0	39.46455383300781	0.9867399465659091
8099.0	24577.0	5.0	4.0	2.0	4	0	1.0	39.46455383300781	0.9867399465659091
8118.0	24578.0	3.0	4.0	2.0	4	0	1.0	39.46455383300781	0.9920227368451446
8101.0	24579.0	5.0	4.0	2.0	4	0	1.0	39.46455383300781	0.9867399465659091
8103.0	24580.0	5.0	4.0	2.0	4	0	1.0	39.46455383300781	0.9867399465659091
8113.0	24581.0	5.0	4.0	2.0	1	0	1.0	39.46455383300781	0.9867399465659091
7774.0	24595.0	15.0	4.0	3.0	1,4	0,4	1.0	39.46455383300781	0.9607449952467905
7829.0	24596.0	12.0	4.0	3.0	4,4	0,3	1.0	39.46455383300781	0.9684707412071779
7832.0	24597.0	12.0	4.0	3.0	4,4	0,3	1.0	39.46455383300781	0.9684707412071779
7709.0	24598.0	17.0	4.0	3.0	4,4	0,5	1.0	39.46455383300781	0.9556287674294172
7743.0	24599.0	9.0	1.0	6.0	1,1,1,1,4	0,3,2,2,4	0.0	39.46455383300781	0.9762586130708382
7700.0	24600.0	17.0	4.0	3.0	1,4	0,5	1.0	39.46455383300781	0.9556287674294172
7653.0	24601.0	20.0	4.0	3.0	4,4	0,5	1.0	39.46455383300781	0.9480054652732826
7813.0	24602.0	7.0	1.0	5.0	1,1,1,4	0,5,3,2	0.0	39.464542388916016	0.9814852832595423
7801.0	24603.0	9.0	4.0	4.0	4,1,4	0,5,3	1.0	39.46455383300781	0.9762586130708382
7792.0	24604.0	14.0	4.0	3.0	4,4	0,4	1.0	39.46455383300781	0.9633133716960274
7769.0	24605.0	15.0	4.0	3.0	4,4	0,4	1.0	39.46455383300781	0.9607449952467905
7818.0	24606.0	12.0	4.0	3.0	4,4	0,3	1.0	39.46455383300781	0.9684707412071779
7672.0	24607.0	9.0	1.0	6.0	1,1,4,1,4	0,4,2,6,3	0.0	39.464542388916016	0.9762586062685921
7800.0	24608.0	13.0	4.0	3.0	4,4	0,4	1.0	39.46455383300781	0.9658886142310806
7833.0	24609.0	12.0	4.0	3.0	4,4	0,3	1.0	39.46455383300781	0.9684707412071779
7673.0	24610.0	7.0	4.0	8.0	1,1,1,4,1,1,4	0,3,2,2,5,3,2	1.0	39.46455383300781	0.981485288578503
7784.0	24611.0	14.0	4.0	3.0	1,4	0,4	1.0	39.46455383300781	0.9633133716960274
7761.0	24612.0	15.0	4.0	3.0	4,4	0,4	1.0	39.46455383300781	0.9607449952467905
7666.0	24613.0	7.0	1.0	7.0	4,1,4,1,1,4	0,4,2,5,4,2	0.0	39.46455383300781	0.981485288578503
7710.0	24614.0	17.0	4.0	3.0	4,4	0,5	1.0	39.46455383300781	0.9556287674294172
7815.0	24615.0	13.0	4.0	3.0	4,4	0,4	1.0	39.46455383300781	0.9658886142310806
7746.0	24616.0	15.0	4.0	3.0	4,4	0,5	1.0	39.46455383300781	0.9607449952467905
7736.0	24617.0	3.0	4.0	4.0	1,4,1	0,4,14	1.0	39.464542388916016	0.9920227345411162
7659.0	24618.0	19.0	1.0	3.0	1,4	0,5	0.0	39.46455383300781	0.9505397849135637
7811.0	24619.0	3.0	4.0	4.0	4,4,1	0,3,11	1.0	39.46455383300781	0.9920227368451446
7679.0	24620.0	13.0	4.0	5.0	1,1,4,3	0,3,2,5	1.0	39.464542388916016	0.965888604509982
7796.0	24621.0	13.0	1.0	3.0	4,3	0,5	0.0	39.46455383300781	0.9658886142310806
7752.0	24622.0	15.0	4.0	3.0	4,4	0,5	1.0	39.46455383300781	0.9607449952467905
7791.0	24623.0	14.0	1.0	3.0	1,4	0,4	0.0	39.46455383300781	0.9633133716960274
7812.0	24624.0	13.0	4.0	3.0	4,4	0,4	1.0	39.46455383300781	0.9658886142310806
7822.0	24625.0	3.0	4.0	4.0	1,4,1	0,3,9	1.0	39.46455383300781	0.9920227368451446
7704.0	24626.0	17.0	4.0	3.0	4,4	0,5	1.0	39.46455383300781	0.9556287674294172
7643.0	24627.0	15.0	4.0	5.0	4,1,4,4	0,3,2,5	1.0	39.464542388916016	0.9607449840898699
7713.0	24628.0	6.0	4.0	5.0	1,4,1,4	0,3,11,2	1.0	39.46455383300781	0.9841091104177311
7823.0	24629.0	7.0	4.0	4.0	1,1,4	0,6,2	1.0	39.46455383300781	0.981485288578503
7734.0	24630.0	3.0	4.0	4.0	4,4,1	0,4,14	1.0	39.464542388916016	0.9920227345411162
7819.0	24631.0	3.0	1.0	6.0	1,1,1,1,1	0,6,2,2,2	0.0	39.46455383300781	0.9920227368451446
7831.0	24632.0	7.0	4.0	5.0	1,1,1,4	0,3,3,2	1.0	39.464542388916016	0.9814852832595423
7793.0	24633.0	14.0	4.0	3.0	4,4	0,4	1.0	39.46455383300781	0.9633133716960274
7767.0	24634.0	15.0	1.0	3.0	1,4	0,4	0.0	39.46455383300781	0.9607449952467905
7825.0	24635.0	7.0	4.0	4.0	4,1,4	0,6,2	1.0	39.46455383300781	0.981485288578503
7763.0	24636.0	15.0	4.0	3.0	4,4	0,4	1.0	39.46455383300781	0.9607449952467905
7790.0	24637.0	14.0	4.0	3.0	4,4	0,4	1.0	39.46455383300781	0.9633133716960274
7756.0	24638.0	15.0	4.0	3.0	1,4	0,5	1.0	39.46455383300781	0.9607449952467905
7754.0	24639.0	15.0	4.0	3.0	1,4	0,5	1.0	39.46455383300781	0.9607449952467905
7771.0	24640.0	15.0	4.0	3.0	4,4	0,4	1.0	39.46455383300781	0.9607449952467905
7798.0	24641.0	13.0	4.0	3.0	1,4	0,4	1.0	39.46455383300781	0.9658886142310806
7786.0	24642.0	9.0	1.0	4.0	1,1,4	0,5,4	0.0	39.46455383300781	0.9762586130708382
7731.0	24643.0	6.0	4.0	5.0	1,4,1,4	0,3,10,2	1.0	39.46455383300781	0.9841091104177311
7804.0	24644.0	13.0	4.0	3.0	4,4	0,4	1.0	39.46455383300781	0.9658886142310806
7781.0	24645.0	14.0	4.0	3.0	1,4	0,4	1.0	39.46455383300781	0.9633133716960274
7758.0	24646.0	14.0	4.0	3.0	1,4	0,5	1.0	39.46455383300781	0.9633133716960274
7663.0	24647.0	9.0	4.0	5.0	4,4,1,4	0,3,9,3	1.0	39.46455383300781	0.9762586130708382
7697.0	24648.0	18.0	4.0	3.0	4,4	0,5	1.0	39.46455383300781	0.9530808795949964
7665.0	24649.0	13.0	4.0	5.0	4,1,4,4	0,4,2,5	1.0	39.464542388916016	0.965888604509982
7703.0	24650.0	5.0	4.0	5.0	1,4,1,4	0,4,11,2	1.0	39.464542388916016	0.986739942746311
7772.0	24651.0	15.0	4.0	3.0	4,4	0,4	1.0	39.46455383300781	0.9607449952467905
7809.0	24652.0	13.0	4.0	3.0	4,4	0,4	1.0	39.46455383300781	0.9658886142310806
7467.0	24667.0	22.0	4.0	3.0	1,4	0,5	1.0	39.46455383300781	0.9429570789101486
3508.0	24668.0	20.0	4.0	3.0	4,4	0,5	1.0	39.46455383300781	0.9480054652732826
3662.0	24669.0	8.0	4.0	2.0	4	0	1.0	39.46455383300781	0.9788684623467448
3663.0	24670.0	8.0	4.0	2.0	1	0	1.0	39.46455383300781	0.9788684623467448
199.0	24671.0	15.0	4.0	3.0	4,4	0,3	1.0	39.46455383300781	0.9607449952467905
3654.0	24672.0	8.0	4.0	2.0	4	0	1.0	39.46455383300781	0.9788684623467448
3653.0	24674.0	9.0	4.0	2.0	4	0	1.0	39.46455383300781	0.9762586130708382
276.0	24675.0	8.0	4.0	2.0	1	0	1.0	39.46455383300781	0.9788684623467448
282.0	24676.0	7.0	1.0	2.0	1	0	0.0	39.46455383300781	0.981485288578503
3574.0	24677.0	15.0	4.0	3.0	4,4	0,3	1.0	39.46455383300781	0.9607449952467905
7392.0	24678.0	26.0	4.0	3.0	4,4	0,7	1.0	39.46455383300781	0.9329408151012373
7301.0	24680.0	26.0	4.0	5.0	1,1,4,4	0,3,2,7	1.0	39.464542388916016	0.9329407963222405
288.0	24681.0	7.0	4.0	2.0	4	0	1.0	39.46455383300781	0.981485288578503
7459.0	24682.0	11.0	4.0	5.0	4,4,1,4	0,3,11,2	1.0	39.46455383300781	0.9710597710286163
7239.0	24683.0	30.0	4.0	4.0	1,4,4	0,3,8	1.0	39.46455383300781	0.9230309458917554
155.0	24684.0	18.0	4.0	3.0	4,4	0,4	1.0	39.46455383300781	0.9530808795949964
278.0	24686.0	8.0	4.0	2.0	4	0	1.0	39.46455383300781	0.9788684623467448
290.0	24688.0	7.0	1.0	2.0	1	0	0.0	39.46455383300781	0.981485288578503
3664.0	24690.0	7.0	1.0	2.0	4	0	0.0	39.46455383300781	0.981485288578503
223.0	24692.0	11.0	4.0	3.0	1,4	0,3	1.0	39.46455383300781	0.9710597710286163
7217.0	24693.0	27.0	4.0	6.0	1,1,1,4,4	0,5,1,2,7	1.0	39.464542388916016	0.930453398208474
7421.0	24694.0	25.0	1.0	3.0	1,4	0,6	0.0	39.46455383300781	0.9354348621479486
3645.0	24695.0	9.0	4.0	2.0	4	0	1.0	39.46455383300781	0.9762586130708382
7356.0	24696.0	27.0	4.0	4.0	4,4,4	0,3,5	1.0	39.46455383300781	0.9304534176577458
141.0	24698.0	19.0	4.0	3.0	1,4	0,5	1.0	39.46455383300781	0.9505397849135637
7382.0	24699.0	26.0	4.0	3.0	4,4	0,7	1.0	39.46455383300781	0.9329408151012373
273.0	24700.0	8.0	4.0	2.0	4	0	1.0	39.46455383300781	0.9788684623467448
7464.0	24701.0	22.0	4.0	3.0	4,4	0,5	1.0	39.46455383300781	0.9429570789101486
3507.0	24702.0	20.0	4.0	3.0	4,4	0,5	1.0	39.46455383300781	0.9480054652732826
150.0	24704.0	19.0	4.0	3.0	4,4	0,4	1.0	39.46455383300781	0.9505397849135637
7419.0	24705.0	25.0	2.0	3.0	1,4	0,6	1.0	39.46455383300781	0.9354348621479486
266.0	24706.0	9.0	4.0	2.0	4	0	1.0	39.46455383300781	0.9762586130708382
3648.0	24707.0	9.0	4.0	2.0	4	0	1.0	39.46455383300781	0.9762586130708382
6999.0	24708.0	26.0	4.0	11.0	1,1,1,3,1,4,1,4,4,4	0,12,7,3,5,2,5,1,2,8	1.0	39.46455383300781	0.9329408151012373
3651.0	24710.0	9.0	4.0	2.0	4	0	1.0	39.46455383300781	0.9762586130708382
3669.0	24711.0	7.0	4.0	2.0	4	0	1.0	39.46455383300781	0.981485288578503
3600.0	24712.0	12.0	4.0	3.0	4,4	0,3	1.0	39.46455383300781	0.9684707412071779
3670.0	24713.0	7.0	4.0	2.0	4	0	1.0	39.46455383300781	0.981485288578503
172.0	24714.0	9.0	4.0	6.0	1,1,1,1,4	0,6,2,2,2	1.0	39.46455383300781	0.9762586130708382
3526.0	24716.0	19.0	4.0	3.0	4,4	0,4	1.0	39.46455383300781	0.9505397849135637
3650.0	24717.0	9.0	4.0	2.0	4	0	1.0	39.46455383300781	0.9762586130708382
7128.0	24718.0	35.0	4.0	4.0	4,4,4	0,3,9	1.0	39.46455383300781	0.9107915062279112
166.0	24719.0	17.0	4.0	3.0	4,4	0,4	1.0	39.46455383300781	0.9556287674294172
7383.0	24720.0	26.0	4.0	3.0	4,4	0,7	1.0	39.46455383300781	0.9329408151012373
153.0	24722.0	19.0	1.0	3.0	4,4	0,4	0.0	39.46455383300781	0.9505397849135637
3552.0	24723.0	17.0	4.0	3.0	4,4	0,4	1.0	39.46455383300781	0.9556287674294172
275.0	24724.0	8.0	4.0	2.0	4	0	1.0	39.46455383300781	0.9788684623467448
7247.0	24725.0	26.0	4.0	6.0	1,1,1,4,4	0,3,2,2,8	1.0	39.46455383300781	0.9329408151012373
7418.0	24726.0	25.0	4.0	3.0	4,4	0,6	1.0	39.46455383300781	0.9354348621479486
197.0	24728.0	15.0	4.0	3.0	4,4	0,3	1.0	39.46455383300781	0.9607449952467905
3665.0	24729.0	7.0	4.0	2.0	4	0	1.0	39.46455383300781	0.981485288578503
274.0	24730.0	8.0	4.0	2.0	1	0	1.0	39.46455383300781	0.9788684623467448
3570.0	24731.0	15.0	4.0	3.0	4,4	0,4	1.0	39.46455383300781	0.9607449952467905
3517.0	24732.0	19.0	4.0	3.0	4,4	0,5	1.0	39.46455383300781	0.9505397849135637
7345.0	24734.0	6.0	4.0	7.0	1,1,4,1,4,1	0,5,4,12,2,6	1.0	39.46455383300781	0.9841091104177311
6993.0	24735.0	6.0	4.0	12.0	1,3,1,1,4,4,1,1,1,4,1	0,2,12,7,3,8,23,3,2,2,5	1.0	39.46455383300781	0.9841091104177311
228.0	24736.0	9.0	2.0	4.0	1,1,4	0,3,2	1.0	39.46455383300781	0.9762586130708382
262.0	24737.0	9.0	4.0	2.0	1	0	1.0	39.46455383300781	0.9762586130708382
281.0	24740.0	7.0	4.0	2.0	4	0	1.0	39.46455383300781	0.981485288578503
270.0	24741.0	9.0	4.0	2.0	4	0	1.0	39.46455383300781	0.9762586130708382
287.0	24742.0	7.0	4.0	2.0	4	0	1.0	39.46455383300781	0.981485288578503
3667.0	24743.0	7.0	4.0	2.0	4	0	1.0	39.46455383300781	0.981485288578503
7289.0	24744.0	27.0	4.0	7.0	1,1,1,1,4,4	0,3,2,2,2,3	1.0	39.46455383300781	0.9304534176577458
7364.0	24746.0	26.0	4.0	3.0	4,4	0,8	1.0	39.46455383300781	0.9329408151012373
219.0	24747.0	12.0	4.0	3.0	4,4	0,3	1.0	39.46455383300781	0.9684707412071779
3562.0	24748.0	16.0	4.0	3.0	4,4	0,4	1.0	39.46455383300781	0.9581834665770808
7354.0	24749.0	27.0	4.0	4.0	3,4,4	0,3,5	1.0	39.46455383300781	0.9304534176577458
3603.0	24750.0	12.0	4.0	3.0	4,4	0,3	1.0	39.46455383300781	0.9684707412071779
297.0	24752.0	6.0	4.0	2.0	4	0	1.0	39.46455383300781	0.9841091104177311
3610.0	24753.0	11.0	4.0	3.0	4,4	0,3	1.0	39.46455383300781	0.9710597710286163
7187.0	24754.0	27.0	4.0	7.0	1,1,1,1,4,4	0,4,2,2,2,7	1.0	39.46455383300781	0.9304534176577458
7389.0	24755.0	26.0	4.0	3.0	4,4	0,7	1.0	39.46455383300781	0.9329408151012373
296.0	24756.0	6.0	4.0	2.0	4	0	1.0	39.46455383300781	0.9841091104177311
291.0	24758.0	6.0	4.0	2.0	4	0	1.0	39.46455383300781	0.9841091104177311
285.0	24759.0	7.0	1.0	2.0	1	0	0.0	39.46455383300781	0.981485288578503
7259.0	24760.0	27.0	4.0	5.0	1,1,4,4	0,4,2,7	1.0	39.464542388916016	0.930453398208474
222.0	24761.0	9.0	1.0	4.0	1,1,4	0,3,2	0.0	39.46455383300781	0.9762586130708382
7379.0	24762.0	26.0	4.0	3.0	3,4	0,7	1.0	39.46455383300781	0.9329408151012373
144.0	24765.0	18.0	1.0	3.0	1,4	0,5	0.0	39.46455383300781	0.9530808795949964
7365.0	24766.0	26.0	4.0	3.0	4,4	0,8	1.0	39.46455383300781	0.9329408151012373
283.0	24767.0	7.0	4.0	2.0	4	0	1.0	39.46455383300781	0.981485288578503
3577.0	24768.0	14.0	4.0	3.0	4,4	0,4	1.0	39.46455383300781	0.9633133716960274
300.0	24770.0	6.0	4.0	2.0	4	0	1.0	39.46455383300781	0.9841091104177311
295.0	24771.0	6.0	4.0	2.0	4	0	1.0	39.46455383300781	0.9841091104177311
7143.0	24772.0	33.0	4.0	4.0	1,4,4	0,3,10	1.0	39.46455383300781	0.9156676851363017
3672.0	24773.0	7.0	4.0	2.0	4	0	1.0	39.46455383300781	0.981485288578503
231.0	24774.0	5.0	1.0	5.0	1,1,1,1	0,4,2,2	0.0	39.46455383300781	0.9867399465659091
3530.0	24776.0	18.0	4.0	3.0	4,4	0,5	1.0	39.46455383300781	0.9530808795949964
3681.0	24777.0	6.0	4.0	2.0	4	0	1.0	39.46455383300781	0.9841091104177311
7350.0	24778.0	27.0	4.0	4.0	4,4,4	0,4,4	1.0	39.46455383300781	0.9304534176577458
158.0	24779.0	17.0	4.0	3.0	1,4	0,5	1.0	39.46455383300781	0.9556287674294172
7161.0	24780.0	19.0	4.0	6.0	1,4,1,4,4	0,4,15,2,5	1.0	39.46455383300781	0.9505397849135637
279.0	24782.0	8.0	4.0	2.0	4	0	1.0	39.46455383300781	0.9788684623467448
3660.0	24783.0	5.0	2.0	3.0	1,1	0,3	1.0	39.46455383300781	0.9867399465659091
130.0	24786.0	20.0	4.0	3.0	1,4	0,5	1.0	39.46455383300781	0.9480054652732826
3606.0	24788.0	11.0	4.0	3.0	4,4	0,3	1.0	39.46455383300781	0.9710597710286163
3614.0	24789.0	5.0	4.0	5.0	1,1,1,1	0,4,2,2	1.0	39.46455383300781	0.9867399465659091
160.0	24790.0	18.0	4.0	3.0	4,4	0,4	1.0	39.46455383300781	0.9530808795949964
7235.0	24791.0	31.0	4.0	4.0	4,4,4	0,3,8	1.0	39.46455383300781	0.9205699700421506
8124.0	24804.0	5.0	4.0	2.0	4	0	1.0	39.46455383300781	0.9867399465659091
8128.0	24805.0	5.0	4.0	2.0	1	0	1.0	39.46455383300781	0.9867399465659091
8121.0	24807.0	5.0	4.0	2.0	1	0	1.0	39.46455383300781	0.9867399465659091
8122.0	24809.0	5.0	4.0	2.0	4	0	1.0	39.46455383300781	0.9867399465659091
8119.0	24811.0	5.0	4.0	2.0	4	0	1.0	39.46455383300781	0.9867399465659091
8126.0	24813.0	5.0	4.0	2.0	4	0	1.0	39.46455383300781	0.9867399465659091
8130.0	24815.0	5.0	4.0	2.0	4	0	1.0	39.46455383300781	0.9867399465659091
8027.0	24817.0	2.0	1.0	4.0	1,1,1	0,6,3	0.0	39.464542388916016	0.9946747270895472
8044.0	24819.0	2.0	4.0	4.0	4,1,1	0,5,3	1.0	39.464542388916016	0.9946747270895472
8097.0	24821.0	2.0	4.0	3.0	1,1	0,5	1.0	39.46455383300781	0.9946747286296723
8117.0	24825.0	5.0	1.0	2.0	4	0	0.0	39.46455383300781	0.9867399465659091
8106.0	24829.0	2.0	1.0	3.0	4,1	0,5	0.0	39.46455383300781	0.9946747286296723
8129.0	24831.0	5.0	4.0	2.0	4	0	1.0	39.46455383300781	0.9867399465659091
8071.0	24833.0	2.0	4.0	4.0	4,1,1	0,4,3	1.0	39.464542388916016	0.9946747270895472
8102.0	24835.0	2.0	1.0	3.0	1,1	0,5	0.0	39.46455383300781	0.9946747286296723
8125.0	24837.0	5.0	4.0	2.0	4	0	1.0	39.46455383300781	0.9867399465659091
8131.0	24839.0	5.0	4.0	2.0	4	0	1.0	39.46455383300781	0.9867399465659091
8043.0	24841.0	2.0	1.0	4.0	1,1,1	0,5,3	0.0	39.464542388916016	0.9946747270895472
8132.0	24843.0	5.0	4.0	2.0	1	0	1.0	39.46455383300781	0.9867399465659091
8061.0	24847.0	2.0	1.0	4.0	1,1,1	0,4,3	0.0	39.464542388916016	0.9946747270895472
8085.0	24849.0	2.0	4.0	3.0	1,1	0,6	1.0	39.46455383300781	0.9946747286296723
8114.0	24850.0	5.0	1.0	2.0	1	0	0.0	39.46455383300781	0.9867399465659091
8133.0	24851.0	5.0	4.0	2.0	4	0	1.0	39.46455383300781	0.9867399465659091
8034.0	24852.0	7.0	4.0	3.0	4,4	0,3	1.0	39.46455383300781	0.981485288578503
3502.0	24868.0	23.0	4.0	3.0	4,4	0,5	1.0	39.46455383300781	0.9404429762045564
3682.0	24870.0	8.0	4.0	2.0	4	0	1.0	39.46455383300781	0.9788684623467448
7445.0	24871.0	7.0	1.0	5.0	1,4,1,1	0,5,18,2	0.0	39.46455383300781	0.981485288578503
7072.0	24872.0	41.0	4.0	4.0	4,4,4	0,3,10	1.0	39.46455383300781	0.896318218969975
3678.0	24873.0	8.0	4.0	2.0	4	0	1.0	39.46455383300781	0.9788684623467448
3676.0	24875.0	8.0	4.0	2.0	4	0	1.0	39.46455383300781	0.9788684623467448
184.0	24876.0	17.0	4.0	3.0	4,4	0,4	1.0	39.46455383300781	0.9556287674294172
272.0	24877.0	7.0	1.0	3.0	1,1	0,3	0.0	39.46455383300781	0.981485288578503
277.0	24880.0	7.0	1.0	3.0	1,1	0,3	0.0	39.46455383300781	0.981485288578503
3611.0	24881.0	11.0	1.0	3.0	4,2	0,5	0.0	39.46455383300781	0.9710597710286163
3679.0	24883.0	8.0	4.0	2.0	4	0	1.0	39.46455383300781	0.9788684623467448
3521.0	24885.0	21.0	4.0	3.0	1,4	0,5	1.0	39.46455383300781	0.9454779026106062
7248.0	24886.0	25.0	4.0	6.0	4,1,4,3,4	0,5,2,4,7	1.0	39.46455383300781	0.9354348621479486
7343.0	24887.0	29.0	1.0	4.0	1,1,4	0,4,4	0.0	39.46455383300781	0.9254985007112695
208.0	24888.0	7.0	4.0	5.0	4,1,4,1	0,4,2,6	1.0	39.464542388916016	0.9814852832595423
3677.0	24891.0	8.0	4.0	2.0	4	0	1.0	39.46455383300781	0.9788684623467448
7347.0	24892.0	29.0	4.0	4.0	1,1,4	0,4,4	1.0	39.46455383300781	0.9254985007112695
213.0	24893.0	11.0	4.0	5.0	1,1,1,4	0,1,3,3	1.0	39.46455383300781	0.9710597710286163
7303.0	24896.0	19.0	4.0	8.0	1,1,1,4,1,4,4	0,3,2,2,6,2,6	1.0	39.46455383300781	0.9505397849135637
7261.0	24897.0	28.0	1.0	5.0	1,1,4,4	0,4,2,8	0.0	39.464542388916016	0.9279726319725293
3693.0	24898.0	7.0	4.0	2.0	4	0	1.0	39.46455383300781	0.981485288578503
218.0	24900.0	14.0	4.0	3.0	4,4	0,3	1.0	39.46455383300781	0.9633133716960274
156.0	24901.0	19.0	4.0	3.0	4,4	0,5	1.0	39.46455383300781	0.9505397849135637
3564.0	24902.0	17.0	4.0	3.0	4,4	0,4	1.0	39.46455383300781	0.9556287674294172
7257.0	24903.0	29.0	4.0	5.0	1,1,4,4	0,4,2,7	1.0	39.464542388916016	0.9254984799325555
286.0	24906.0	9.0	4.0	2.0	4	0	1.0	39.46455383300781	0.9762586130708382
7415.0	24907.0	27.0	4.0	3.0	4,4	0,7	1.0	39.46455383300781	0.9304534176577458
289.0	24908.0	9.0	4.0	2.0	1	0	1.0	39.46455383300781	0.9762586130708382
3691.0	24910.0	7.0	4.0	2.0	4	0	1.0	39.46455383300781	0.981485288578503
7062.0	24911.0	41.0	4.0	4.0	4,4,4	0,3,10	1.0	39.46455383300781	0.896318218969975
3592.0	24912.0	15.0	4.0	3.0	4,4	0,4	1.0	39.46455383300781	0.9607449952467905
3666.0	24913.0	9.0	4.0	2.0	4	0	1.0	39.46455383300781	0.9762586130708382
3687.0	24915.0	7.0	4.0	2.0	4	0	1.0	39.46455383300781	0.981485288578503
3519.0	24916.0	21.0	4.0	3.0	4,4	0,5	1.0	39.46455383300781	0.9454779026106062
3685.0	24917.0	7.0	4.0	2.0	4	0	1.0	39.46455383300781	0.981485288578503
3680.0	24918.0	8.0	4.0	2.0	4	0	1.0	39.46455383300781	0.9788684623467448
7386.0	24921.0	28.0	4.0	3.0	4,4	0,7	1.0	39.46455383300781	0.9279726520883685
307.0	24922.0	7.0	4.0	2.0	4	0	1.0	39.46455383300781	0.981485288578503
152.0	24923.0	20.0	4.0	3.0	1,4	0,5	1.0	39.46455383300781	0.9480054652732826
3673.0	24925.0	9.0	2.0	2.0	4	0	1.0	39.46455383300781	0.9762586130708382
3671.0	24926.0	9.0	4.0	2.0	4	0	1.0	39.46455383300781	0.9762586130708382
238.0	24927.0	9.0	4.0	4.0	1,1,4	0,4,2	1.0	39.46455383300781	0.9762586130708382
161.0	24928.0	19.0	4.0	3.0	1,4	0,5	1.0	39.46455383300781	0.9505397849135637
133.0	24930.0	22.0	4.0	3.0	4,4	0,5	1.0	39.46455383300781	0.9429570789101486
3655.0	24931.0	7.0	4.0	3.0	4,1	0,3	1.0	39.46455383300781	0.981485288578503
3527.0	24933.0	20.0	4.0	3.0	4,4	0,5	1.0	39.46455383300781	0.9480054652732826
7253.0	24935.0	29.0	4.0	6.0	1,1,4,4,4	0,3,2,6,3	1.0	39.464542388916016	0.9254984799325555
301.0	24936.0	7.0	4.0	2.0	4	0	1.0	39.46455383300781	0.981485288578503
308.0	24937.0	7.0	4.0	2.0	1	0	1.0	39.46455383300781	0.981485288578503
284.0	24938.0	9.0	4.0	2.0	4	0	1.0	39.46455383300781	0.9762586130708382
211.0	24940.0	15.0	4.0	3.0	1,4	0,3	1.0	39.46455383300781	0.9607449952467905
7320.0	24941.0	29.0	4.0	4.0	4,4,4	0,3,6	1.0	39.46455383300781	0.9254985007112695
3573.0	24942.0	16.0	4.0	3.0	4,4	0,4	1.0	39.46455383300781	0.9581834665770808
3604.0	24943.0	14.0	4.0	3.0	4,4	0,3	1.0	39.46455383300781	0.9633133716960274
7353.0	24945.0	29.0	4.0	4.0	1,4,4	0,3,5	1.0	39.46455383300781	0.9254985007112695
3540.0	24946.0	19.0	4.0	3.0	4,4	0,5	1.0	39.46455383300781	0.9505397849135637
299.0	24947.0	8.0	4.0	2.0	1	0	1.0	39.46455383300781	0.9788684623467448
7441.0	24948.0	20.0	4.0	5.0	1,1,4,4	0,5,2,5	1.0	39.464542388916016	0.9480054505946437
7093.0	24950.0	38.0	4.0	4.0	1,4,4	0,3,10	1.0	39.46455383300781	0.9035258827035241
7113.0	24951.0	29.0	4.0	6.0	1,4,1,4,4	0,3,10,2,6	1.0	39.464542388916016	0.9254984799325555
7111.0	24952.0	28.0	4.0	7.0	1,1,4,1,4,4	0,4,2,6,2,8	1.0	39.46455383300781	0.9279726520883685
187.0	24953.0	17.0	4.0	3.0	4,4	0,4	1.0	39.46455383300781	0.9556287674294172
7395.0	24955.0	28.0	4.0	3.0	4,4	0,7	1.0	39.46455383300781	0.9279726520883685
200.0	24956.0	16.0	4.0	3.0	4,4	0,4	1.0	39.46455383300781	0.9581834665770808
303.0	24957.0	7.0	4.0	2.0	4	0	1.0	39.46455383300781	0.981485288578503
292.0	24958.0	8.0	4.0	2.0	4	0	1.0	39.46455383300781	0.9788684623467448
7357.0	24960.0	29.0	4.0	4.0	1,1,4	0,5,3	1.0	39.46455383300781	0.9254985007112695
134.0	24961.0	21.0	4.0	3.0	4,4	0,5	1.0	39.46455383300781	0.9454779026106062
3554.0	24962.0	18.0	4.0	3.0	4,4	0,5	1.0	39.46455383300781	0.9530808795949964
3578.0	24963.0	16.0	4.0	3.0	4,4	0,4	1.0	39.46455383300781	0.9581834665770808
247.0	24965.0	11.0	4.0	3.0	4,4	0,3	1.0	39.46455383300781	0.9710597710286163
3674.0	24966.0	8.0	4.0	2.0	4	0	1.0	39.46455383300781	0.9788684623467448
3561.0	24967.0	8.0	2.0	6.0	1,1,3,1,4	0,5,2,5,2	1.0	39.464542388916016	0.9788684562841399
7094.0	24968.0	38.0	4.0	4.0	4,4,4	0,3,10	1.0	39.46455383300781	0.9035258827035241
294.0	24969.0	8.0	4.0	2.0	4	0	1.0	39.46455383300781	0.9788684623467448
310.0	24970.0	7.0	4.0	2.0	1	0	1.0	39.46455383300781	0.981485288578503
302.0	24971.0	7.0	4.0	2.0	1	0	1.0	39.46455383300781	0.981485288578503
7106.0	24972.0	37.0	4.0	4.0	4,4,4	0,3,10	1.0	39.46455383300781	0.9059412942954581
298.0	24973.0	8.0	4.0	2.0	1	0	1.0	39.46455383300781	0.9788684623467448
293.0	24974.0	8.0	4.0	2.0	4	0	1.0	39.46455383300781	0.9788684623467448
151.0	24975.0	9.0	4.0	7.0	1,1,4,1,1,4	0,4,2,5,3,2	1.0	39.46455383300781	0.9762586130708382
226.0	24976.0	13.0	4.0	3.0	4,4	0,3	1.0	39.46455383300781	0.9658886142310806
3572.0	24977.0	17.0	4.0	3.0	4,4	0,4	1.0	39.46455383300781	0.9556287674294172
3675.0	24978.0	8.0	4.0	2.0	4	0	1.0	39.46455383300781	0.9788684623467448
3607.0	24979.0	13.0	4.0	3.0	4,4	0,3	1.0	39.46455383300781	0.9658886142310806
7323.0	24980.0	17.0	1.0	8.0	1,1,1,1,1,4,4	0,5,4,2,2,2,6	0.0	39.46455383300781	0.9556287674294172
3632.0	24981.0	11.0	4.0	3.0	4,4	0,3	1.0	39.46455383300781	0.9710597710286163
6945.0	24982.0	27.0	4.0	13.0	1,1,4,1,1,1,1,1,1,4,4,4	0,1,2,12,7,3,2,2,2,2,5,11	1.0	39.46455383300781	0.9304534176577458
215.0	24983.0	14.0	4.0	3.0	1,4	0,3	1.0	39.46455383300781	0.9633133716960274
7405.0	24984.0	27.0	4.0	3.0	1,4	0,7	1.0	39.46455383300781	0.9304534176577458
304.0	24985.0	7.0	4.0	2.0	4	0	1.0	39.46455383300781	0.981485288578503
7394.0	24986.0	28.0	4.0	3.0	4,4	0,7	1.0	39.46455383300781	0.9279726520883685
7098.0	24987.0	37.0	4.0	4.0	4,4,4	0,3,10	1.0	39.46455383300781	0.9059412942954581
202.0	24989.0	15.0	4.0	3.0	4,4	0,4	1.0	39.46455383300781	0.9607449952467905
118.0	24990.0	16.0	1.0	5.0	1,1,4,4	0,5,2,5	0.0	39.464542388916016	0.9581834547080951
7701.0	25003.0	21.0	4.0	3.0	4,4	0,5	1.0	39.46455383300781	0.9454779026106062
7611.0	25004.0	17.0	4.0	7.0	3,1,1,1,4,4	0,3,2,2,2,5	1.0	39.46455383300781	0.9556287674294172
7780.0	25005.0	17.0	2.0	3.0	1,3	0,5	1.0	39.46455383300781	0.9556287674294172
7826.0	25006.0	13.0	1.0	3.0	2,3	0,6	0.0	39.46455383300781	0.9658886142310806
7785.0	25007.0	17.0	4.0	3.0	4,4	0,5	1.0	39.46455383300781	0.9556287674294172
7777.0	25008.0	18.0	4.0	3.0	4,4	0,5	1.0	39.46455383300781	0.9530808795949964
7782.0	25009.0	10.0	4.0	5.0	1,1,2,4	0,5,4,3	1.0	39.464542388916016	0.9736557146109931
7741.0	25010.0	19.0	4.0	3.0	1,4	0,5	1.0	39.46455383300781	0.9505397849135637
7755.0	25011.0	19.0	4.0	3.0	4,4	0,5	1.0	39.46455383300781	0.9505397849135637
7768.0	25012.0	18.0	4.0	3.0	4,4	0,5	1.0	39.46455383300781	0.9530808795949964
7817.0	25013.0	13.0	4.0	4.0	1,1,4	0,4,4	1.0	39.46455383300781	0.9658886142310806
7699.0	25014.0	21.0	4.0	3.0	4,4	0,5	1.0	39.46455383300781	0.9454779026106062
7702.0	25015.0	21.0	4.0	3.0	1,4	0,5	1.0	39.46455383300781	0.9454779026106062
7725.0	25016.0	13.0	4.0	5.0	1,1,1,4	0,6,2,4	1.0	39.464542388916016	0.965888604509982
7778.0	25017.0	18.0	2.0	3.0	4,4	0,4	1.0	39.46455383300781	0.9530808795949964
7787.0	25018.0	13.0	4.0	5.0	1,1,1,4	0,3,2,4	1.0	39.464542388916016	0.965888604509982
7799.0	25019.0	13.0	1.0	4.0	1,1,4	0,5,3	0.0	39.46455383300781	0.9658886142310806
7714.0	25020.0	21.0	1.0	3.0	4,4	0,5	0.0	39.46455383300781	0.9454779026106062
7796.0	25021.0	4.0	1.0	4.0	4,3,1	0,5,13	0.0	39.464542388916016	0.989377812710665
7666.0	25022.0	4.0	4.0	8.0	4,1,4,1,1,4,1	0,4,2,5,4,2,7	1.0	39.46455383300781	0.9893778157745123
7819.0	25023.0	4.0	1.0	7.0	1,1,1,1,1,1	0,6,2,2,2,3	0.0	39.46455383300781	0.9893778157745123
7737.0	25024.0	19.0	4.0	3.0	4,4	0,6	1.0	39.46455383300781	0.9505397849135637
7622.0	25025.0	7.0	4.0	9.0	1,1,1,4,1,2,1,4	0,4,2,2,5,4,3,3	1.0	39.46455383300781	0.981485288578503
7740.0	25026.0	7.0	4.0	8.0	1,1,1,4,1,1,4	0,3,2,2,6,2,2	1.0	39.46455383300781	0.981485288578503
7672.0	25027.0	4.0	4.0	7.0	1,1,4,1,4,1	0,4,2,6,3,9	1.0	39.46455383300781	0.9893778157745123
7791.0	25028.0	4.0	4.0	4.0	1,4,1	0,4,14	1.0	39.464542388916016	0.989377812710665
7743.0	25029.0	4.0	1.0	7.0	1,1,1,1,4,1	0,3,2,2,4,9	0.0	39.46455383300781	0.9893778157745123
7728.0	25030.0	19.0	4.0	3.0	4,4	0,6	1.0	39.46455383300781	0.9505397849135637
7659.0	25031.0	4.0	4.0	4.0	1,4,1	0,5,19	1.0	39.464542388916016	0.989377812710665
7807.0	25032.0	17.0	1.0	3.0	4,4	0,4	0.0	39.46455383300781	0.9556287674294172
7767.0	25033.0	4.0	1.0	4.0	1,4,1	0,4,15	0.0	39.464542388916016	0.989377812710665
7759.0	25034.0	18.0	4.0	3.0	4,4	0,5	1.0	39.46455383300781	0.9530808795949964
7715.0	25035.0	7.0	4.0	5.0	1,4,1,4	0,4,13,2	1.0	39.464542388916016	0.9814852832595423
7628.0	25036.0	13.0	4.0	5.0	4,4,1,4	0,3,10,4	1.0	39.46455383300781	0.9658886142310806
7786.0	25037.0	4.0	1.0	5.0	1,1,4,1	0,5,4,9	0.0	39.46455383300781	0.9893778157745123
7813.0	25038.0	4.0	4.0	6.0	1,1,1,4,1	0,5,3,2,7	1.0	39.46455383300781	0.9893778157745123
7757.0	25039.0	19.0	4.0	3.0	4,4	0,5	1.0	39.46455383300781	0.9505397849135637
7788.0	25040.0	17.0	1.0	3.0	1,4	0,5	0.0	39.46455383300781	0.9556287674294172
7599.0	25041.0	7.0	4.0	7.0	3,1,4,4,1,4	0,1,2,5,14,2	1.0	39.464542388916016	0.9814852832595423
7745.0	25042.0	19.0	4.0	3.0	4,4	0,5	1.0	39.46455383300781	0.9505397849135637
7729.0	25043.0	19.0	4.0	3.0	4,4	0,6	1.0	39.46455383300781	0.9505397849135637
7783.0	25044.0	17.0	4.0	3.0	4,4	0,5	1.0	39.46455383300781	0.9556287674294172
7776.0	25045.0	18.0	1.0	3.0	1,4	0,5	0.0	39.46455383300781	0.9530808795949964
7773.0	25046.0	18.0	4.0	3.0	1,4	0,5	1.0	39.46455383300781	0.9530808795949964
7735.0	25047.0	7.0	4.0	7.0	1,1,4,1,1,4	0,6,2,6,2,2	1.0	39.46455383300781	0.981485288578503
7610.0	25048.0	19.0	4.0	5.0	3,1,4,4	0,4,2,6	1.0	39.464542388916016	0.9505397709315783
7615.0	25049.0	18.0	4.0	5.0	3,1,4,4	0,5,2,6	1.0	39.464542388916016	0.9530808663134939
7770.0	25050.0	18.0	4.0	3.0	4,4	0,5	1.0	39.46455383300781	0.9530808795949964
7722.0	25051.0	19.0	4.0	3.0	4,4	0,6	1.0	39.46455383300781	0.9505397849135637
7762.0	25052.0	18.0	4.0	3.0	4,4	0,5	1.0	39.46455383300781	0.9530808795949964
7814.0	25053.0	16.0	4.0	3.0	1,4	0,5	1.0	39.46455383300781	0.9581834665770808
7724.0	25054.0	19.0	4.0	3.0	1,4	0,6	1.0	39.46455383300781	0.9505397849135637
7808.0	25055.0	16.0	4.0	3.0	4,4	0,5	1.0	39.46455383300781	0.9581834665770808
8135.0	25068.0	4.0	4.0	2.0	4	0	1.0	39.46455383300781	0.9893778157745123
8152.0	25069.0	4.0	4.0	2.0	4	0	1.0	39.46455383300781	0.9893778157745123
8138.0	25071.0	4.0	1.0	2.0	4	0	0.0	39.46455383300781	0.9893778157745123
8040.0	25073.0	9.0	4.0	3.0	4,4	0,3	1.0	39.46455383300781	0.9762586130708382
8149.0	25075.0	4.0	4.0	2.0	4	0	1.0	39.46455383300781	0.9893778157745123
8029.0	25077.0	10.0	4.0	3.0	4,4	0,3	1.0	39.46455383300781	0.9736557221488931
8142.0	25081.0	4.0	4.0	2.0	4	0	1.0	39.46455383300781	0.9893778157745123
8021.0	25083.0	10.0	1.0	3.0	1,4	0,3	0.0	39.46455383300781	0.9736557221488931
8013.0	25085.0	7.0	1.0	4.0	3,1,4	0,4,2	0.0	39.46455383300781	0.981485288578503
8140.0	25087.0	4.0	4.0	2.0	4	0	1.0	39.46455383300781	0.9893778157745123
8027.0	25091.0	2.0	1.0	5.0	1,1,1,1	0,6,3,2	0.0	39.46455383300781	0.9946747286296723
8139.0	25095.0	4.0	4.0	2.0	4	0	1.0	39.46455383300781	0.9893778157745123
8117.0	25097.0	2.0	4.0	3.0	4,1	0,5	1.0	39.46455383300781	0.9946747286296723
8102.0	25098.0	2.0	4.0	4.0	1,1,1	0,5,2	1.0	39.464542388916016	0.9946747270895472
8153.0	25099.0	4.0	4.0	2.0	2	0	1.0	39.46455383300781	0.9893778157745123
8061.0	25100.0	2.0	4.0	5.0	1,1,1,1	0,4,3,2	1.0	39.46455383300781	0.9946747286296723
8114.0	25102.0	2.0	4.0	3.0	1,1	0,5	1.0	39.46455383300781	0.9946747286296723
8106.0	25105.0	2.0	1.0	4.0	4,1,1	0,5,2	0.0	39.464542388916016	0.9946747270895472
8026.0	25106.0	10.0	4.0	3.0	1,4	0,3	1.0	39.46455383300781	0.9736557221488931
8043.0	25107.0	2.0	4.0	5.0	1,1,1,1	0,5,3,2	1.0	39.46455383300781	0.9946747286296723
3683.0	25113.0	12.0	4.0	2.0	4	0	1.0	39.46455383300781	0.9684707412071779
7374.0	25114.0	32.0	4.0	3.0	4,4	0,8	1.0	39.46455383300781	0.9181155556216716
3566.0	25115.0	21.0	4.0	3.0	4,4	0,4	1.0	39.46455383300781	0.9454779026106062
7292.0	25116.0	33.0	4.0	5.0	4,1,4,4	0,3,2,7	1.0	39.464542388916016	0.9156676617427172
3579.0	25117.0	20.0	4.0	3.0	4,4	0,4	1.0	39.46455383300781	0.9480054652732826
246.0	25119.0	15.0	4.0	3.0	4,4	0,3	1.0	39.46455383300781	0.9607449952467905
3594.0	25120.0	18.0	2.0	3.0	1,4	0,3	1.0	39.46455383300781	0.9530808795949964
3684.0	25121.0	11.0	4.0	2.0	4	0	1.0	39.46455383300781	0.9710597710286163
7376.0	25122.0	32.0	4.0	3.0	4,4	0,8	1.0	39.46455383300781	0.9181155556216716
7385.0	25124.0	32.0	4.0	3.0	1,4	0,7	1.0	39.46455383300781	0.9181155556216716
7349.0	25125.0	33.0	4.0	4.0	1,4,4	0,3,5	1.0	39.46455383300781	0.9156676851363017
3531.0	25126.0	24.0	4.0	3.0	4,4	0,5	1.0	39.46455383300781	0.9379355765743806
227.0	25127.0	17.0	4.0	3.0	1,4	0,3	1.0	39.46455383300781	0.9556287674294172
7326.0	25129.0	33.0	4.0	4.0	4,4,4	0,3,6	1.0	39.46455383300781	0.9156676851363017
7108.0	25130.0	41.0	4.0	4.0	4,4,4	0,3,10	1.0	39.46455383300781	0.896318218969975
7401.0	25131.0	31.0	1.0	3.0	1,4	0,7	0.0	39.46455383300781	0.9205699700421506
7448.0	25134.0	23.0	4.0	5.0	4,1,4,4	0,5,2,6	1.0	39.464542388916016	0.9404429594587815
225.0	25136.0	17.0	1.0	3.0	1,4	0,3	0.0	39.46455383300781	0.9556287674294172
7180.0	25137.0	37.0	4.0	4.0	4,4,4	0,3,10	1.0	39.46455383300781	0.9059412942954581
135.0	25139.0	19.0	4.0	5.0	4,1,4,4	0,4,2,5	1.0	39.464542388916016	0.9505397709315783
3587.0	25140.0	19.0	4.0	3.0	4,4	0,4	1.0	39.46455383300781	0.9505397849135637
7225.0	25141.0	32.0	4.0	6.0	1,1,1,4,4	0,4,2,2,8	1.0	39.46455383300781	0.9181155556216716
7281.0	25142.0	32.0	4.0	5.0	1,1,4,4	0,3,2,8	1.0	39.464542388916016	0.9181155328763401
3688.0	25144.0	11.0	4.0	2.0	4	0	1.0	39.46455383300781	0.9710597710286163
7069.0	25146.0	21.0	4.0	10.0	4,1,1,1,4,4,1,4,4	0,5,2,2,2,5,13,2,6	1.0	39.46455383300781	0.9454779026106062
3692.0	25147.0	11.0	1.0	2.0	4	0	0.0	39.46455383300781	0.9710597710286163
145.0	25149.0	12.0	4.0	5.0	1,4,1,4	0,4,11,2	1.0	39.464542388916016	0.9684707322098676
221.0	25150.0	17.0	4.0	3.0	4,4	0,4	1.0	39.46455383300781	0.9556287674294172
7221.0	25152.0	32.0	4.0	6.0	1,1,1,4,4	0,4,2,2,8	1.0	39.46455383300781	0.9181155556216716
7368.0	25154.0	32.0	4.0	3.0	4,4	0,8	1.0	39.46455383300781	0.9181155556216716
7403.0	25155.0	31.0	4.0	3.0	1,4	0,7	1.0	39.46455383300781	0.9205699700421506
7341.0	25156.0	33.0	2.0	4.0	1,4,4	0,5,3	1.0	39.46455383300781	0.9156676851363017
3588.0	25160.0	19.0	4.0	3.0	4,4	0,4	1.0	39.46455383300781	0.9505397849135637
191.0	25161.0	20.0	4.0	3.0	4,4	0,4	1.0	39.46455383300781	0.9480054652732826
7025.0	25162.0	18.0	4.0	13.0	1,1,4,1,1,1,1,3,1,1,4,4	0,11,7,17,2,2,4,2,4,2,2,5	1.0	39.46455383300781	0.9530808795949964
7209.0	25164.0	33.0	4.0	6.0	1,1,1,4,4	0,5,2,2,7	1.0	39.46455383300781	0.9156676851363017
3536.0	25166.0	23.0	4.0	3.0	4,4	0,5	1.0	39.46455383300781	0.9404429762045564
7080.0	25167.0	42.0	4.0	4.0	4,4,4	0,3,10	1.0	39.46455383300781	0.8939284643249509
249.0	25169.0	15.0	4.0	3.0	4,4	0,3	1.0	39.46455383300781	0.9607449952467905
186.0	25170.0	21.0	4.0	3.0	1,4	0,4	1.0	39.46455383300781	0.9454779026106062
7265.0	25171.0	33.0	4.0	5.0	1,1,4,4	0,4,2,7	1.0	39.464542388916016	0.9156676617427172
3590.0	25172.0	19.0	4.0	3.0	4,4	0,4	1.0	39.46455383300781	0.9505397849135637
7352.0	25174.0	33.0	4.0	4.0	4,4,4	0,4,4	1.0	39.46455383300781	0.9156676851363017
178.0	25175.0	11.0	1.0	7.0	1,1,1,4,1,4	0,4,1,2,6,2	0.0	39.464542388916016	0.9710597627590335
3563.0	25176.0	21.0	4.0	3.0	4,4	0,5	1.0	39.46455383300781	0.9454779026106062
7317.0	25177.0	33.0	2.0	6.0	1,1,1,1,4	0,1,3,2,4	1.0	39.464542388916016	0.9156676617427172
3690.0	25179.0	11.0	4.0	2.0	4	0	1.0	39.46455383300781	0.9710597710286163
306.0	25180.0	11.0	2.0	2.0	1	0	1.0	39.46455383300781	0.9710597710286163
3633.0	25181.0	15.0	4.0	3.0	4,4	0,3	1.0	39.46455383300781	0.9607449952467905
3686.0	25182.0	11.0	4.0	2.0	4	0	1.0	39.46455383300781	0.9710597710286163
7447.0	25184.0	11.0	4.0	5.0	1,4,1,4	0,5,18,2	1.0	39.464542388916016	0.9710597627590335
309.0	25185.0	11.0	1.0	2.0	1	0	0.0	39.46455383300781	0.9710597710286163
7242.0	25186.0	33.0	4.0	6.0	4,1,1,4,4	0,3,2,2,7	1.0	39.46455383300781	0.9156676851363017
305.0	25187.0	11.0	4.0	2.0	1	0	1.0	39.46455383300781	0.9710597710286163
7375.0	25189.0	32.0	4.0	3.0	1,4	0,8	1.0	39.46455383300781	0.9181155556216716
7110.0	25190.0	41.0	4.0	4.0	3,4,4	0,3,10	1.0	39.46455383300781	0.896318218969975
212.0	25191.0	18.0	4.0	3.0	4,4	0,4	1.0	39.46455383300781	0.9530808795949964
176.0	25192.0	21.0	4.0	3.0	4,4	0,5	1.0	39.46455383300781	0.9454779026106062
189.0	25194.0	20.0	4.0	3.0	4,4	0,5	1.0	39.46455383300781	0.9480054652732826
7177.0	25195.0	37.0	4.0	4.0	1,4,4	0,3,10	1.0	39.46455383300781	0.9059412942954581
147.0	25196.0	18.0	4.0	5.0	1,1,4,4	0,4,2,5	1.0	39.464542388916016	0.9530808663134939
3542.0	25197.0	23.0	4.0	3.0	4,4	0,5	1.0	39.46455383300781	0.9404429762045564
3636.0	25199.0	14.0	4.0	3.0	4,4	0,3	1.0	39.46455383300781	0.9633133716960274
7192.0	25200.0	38.0	4.0	4.0	4,4,4	0,3,9	1.0	39.46455383300781	0.9035258827035241
7114.0	25201.0	41.0	4.0	4.0	4,4,4	0,3,10	1.0	39.46455383300781	0.896318218969975
3567.0	25202.0	20.0	4.0	3.0	4,4	0,5	1.0	39.46455383300781	0.9480054652732826
7355.0	25204.0	33.0	4.0	4.0	1,2,4	0,4,4	1.0	39.46455383300781	0.9156676851363017
7384.0	25205.0	29.0	4.0	4.0	4,4,4	0,3,7	1.0	39.464542388916016	0.9254984799325555
7321.0	25206.0	33.0	4.0	4.0	4,4,4	0,5,4	1.0	39.46455383300781	0.9156676851363017
195.0	25207.0	19.0	4.0	3.0	4,4	0,5	1.0	39.46455383300781	0.9505397849135637
3558.0	25209.0	21.0	4.0	3.0	4,4	0,5	1.0	39.46455383300781	0.9454779026106062
3596.0	25210.0	17.0	4.0	3.0	4,4	0,4	1.0	39.46455383300781	0.9556287674294172
7305.0	25211.0	32.0	4.0	4.0	1,2,4	0,4,8	1.0	39.464542388916016	0.9181155328763401
3581.0	25212.0	20.0	4.0	3.0	4,4	0,4	1.0	39.46455383300781	0.9480054652732826
245.0	25214.0	15.0	4.0	3.0	1,4	0,3	1.0	39.46455383300781	0.9607449952467905
3545.0	25216.0	23.0	4.0	3.0	4,4	0,5	1.0	39.46455383300781	0.9404429762045564
257.0	25217.0	14.0	4.0	3.0	1,4	0,3	1.0	39.46455383300781	0.9633133716960274
7453.0	25219.0	21.0	4.0	6.0	1,1,1,4,4	0,5,2,2,6	1.0	39.46455383300781	0.9454779026106062
7372.0	25220.0	32.0	4.0	3.0	4,4	0,8	1.0	39.46455383300781	0.9181155556216716
174.0	25221.0	11.0	4.0	7.0	1,1,4,1,1,4	0,3,2,6,2,2	1.0	39.46455383300781	0.9710597710286163
7360.0	25222.0	32.0	4.0	3.0	4,4	0,8	1.0	39.46455383300781	0.9181155556216716
3575.0	25223.0	19.0	4.0	3.0	4,4	0,5	1.0	39.46455383300781	0.9505397849135637
153.0	25224.0	6.0	4.0	4.0	4,4,1	0,4,19	1.0	39.464542388916016	0.9841091058464339
252.0	25225.0	14.0	4.0	3.0	4,4	0,3	1.0	39.46455383300781	0.9633133716960274
3642.0	25226.0	14.0	4.0	3.0	4,4	0,3	1.0	39.46455383300781	0.9633133716960274
232.0	25227.0	15.0	4.0	3.0	4,4	0,4	1.0	39.46455383300781	0.9607449952467905
7340.0	25228.0	33.0	4.0	4.0	4,4,4	0,4,4	1.0	39.46455383300781	0.9156676851363017
144.0	25229.0	6.0	2.0	4.0	1,4,1	0,5,18	1.0	39.464542388916016	0.9841091058464339
290.0	25230.0	6.0	4.0	3.0	1,1	0,7	1.0	39.46455383300781	0.9841091104177311
282.0	25231.0	6.0	4.0	3.0	1,1	0,7	1.0	39.46455383300781	0.9841091104177311
285.0	25232.0	6.0	4.0	3.0	1,1	0,7	1.0	39.46455383300781	0.9841091104177311
7220.0	25233.0	36.0	4.0	4.0	4,4,4	0,3,9	1.0	39.46455383300781	0.9083631630495722
7101.0	25234.0	24.0	4.0	8.0	1,4,1,4,1,4,4	0,3,10,2,7,2,6	1.0	39.46455383300781	0.9379355765743806
7421.0	25235.0	6.0	4.0	4.0	1,4,1	0,6,25	1.0	39.464542388916016	0.9841091058464339
3664.0	25237.0	6.0	1.0	3.0	4,1	0,7	0.0	39.46455383300781	0.9841091104177311
7185.0	25238.0	32.0	4.0	4.0	1,4,3	0,4,14	1.0	39.464542388916016	0.9181155328763401
255.0	25239.0	14.0	4.0	3.0	4,4	0,3	1.0	39.46455383300781	0.9633133716960274
3659.0	25240.0	11.0	4.0	3.0	4,4	0,3	1.0	39.46455383300781	0.9710597710286163
259.0	25241.0	14.0	4.0	3.0	4,4	0,3	1.0	39.46455383300781	0.9633133716960274
7625.0	25246.0	20.0	2.0	5.0	1,1,4,4	0,4,2,6	1.0	39.464542388916016	0.9480054505946437
7654.0	25247.0	18.0	4.0	5.0	1,1,4,4	0,5,2,6	1.0	39.464542388916016	0.9530808663134939
7720.0	25248.0	14.0	4.0	4.0	4,4,2	0,3,10	1.0	39.46455383300781	0.9633133716960274
7807.0	25249.0	2.0	4.0	4.0	4,4,1	0,4,17	1.0	39.464542388916016	0.9946747270895472
7799.0	25250.0	2.0	4.0	5.0	1,1,4,1	0,5,3,13	1.0	39.464542388916016	0.9946747270895472
7788.0	25251.0	2.0	4.0	4.0	1,4,1	0,5,17	1.0	39.464542388916016	0.9946747270895472
7826.0	25252.0	2.0	4.0	4.0	2,3,1	0,6,13	1.0	39.464542388916016	0.9946747270895472
7764.0	25253.0	14.0	1.0	5.0	1,1,4,4	0,4,2,5	0.0	39.464542388916016	0.963313361255064
7717.0	25254.0	14.0	4.0	6.0	1,1,1,4,4	0,4,3,2,5	1.0	39.46455383300781	0.9633133716960274
7767.0	25255.0	2.0	4.0	5.0	1,4,1,1	0,4,15,4	1.0	39.46455383300781	0.9946747286296723
7796.0	25256.0	2.0	4.0	5.0	4,3,1,1	0,5,13,4	1.0	39.46455383300781	0.9946747286296723
7819.0	25257.0	2.0	2.0	8.0	1,1,1,1,1,1,1	0,6,2,2,2,3,4	1.0	39.46455383300781	0.9946747286296723
7776.0	25258.0	2.0	4.0	4.0	1,4,1	0,5,18	1.0	39.464542388916016	0.9946747270895472
7743.0	25259.0	2.0	4.0	8.0	1,1,1,1,4,1,1	0,3,2,2,4,9,4	1.0	39.46455383300781	0.9946747286296723
7786.0	25260.0	2.0	4.0	6.0	1,1,4,1,1	0,5,4,9,4	1.0	39.46455383300781	0.9946747286296723
7714.0	25261.0	2.0	4.0	4.0	4,4,1	0,5,21	1.0	39.464542388916016	0.9946747270895472
8150.0	25263.0	6.0	4.0	2.0	4	0	1.0	39.46455383300781	0.9841091104177311
8145.0	25264.0	6.0	4.0	2.0	4	0	1.0	39.46455383300781	0.9841091104177311
8137.0	25265.0	6.0	4.0	2.0	4	0	1.0	39.46455383300781	0.9841091104177311
8148.0	25266.0	6.0	4.0	2.0	4	0	1.0	39.46455383300781	0.9841091104177311
8053.0	25267.0	11.0	4.0	3.0	4,4	0,3	1.0	39.46455383300781	0.9710597710286163
8143.0	25268.0	6.0	4.0	2.0	4	0	1.0	39.46455383300781	0.9841091104177311
8144.0	25269.0	6.0	4.0	2.0	4	0	1.0	39.46455383300781	0.9841091104177311
8169.0	25270.0	4.0	4.0	2.0	4	0	1.0	39.46455383300781	0.9893778157745123
8141.0	25271.0	6.0	4.0	2.0	4	0	1.0	39.46455383300781	0.9841091104177311
8079.0	25272.0	9.0	4.0	3.0	4,4	0,3	1.0	39.46455383300781	0.9762586130708382
8146.0	25273.0	6.0	4.0	2.0	4	0	1.0	39.46455383300781	0.9841091104177311
8136.0	25274.0	6.0	4.0	2.0	1	0	1.0	39.46455383300781	0.9841091104177311
8134.0	25275.0	6.0	4.0	2.0	1	0	1.0	39.46455383300781	0.9841091104177311
8168.0	25276.0	4.0	4.0	2.0	4	0	1.0	39.46455383300781	0.9893778157745123
8165.0	25277.0	4.0	4.0	2.0	1	0	1.0	39.46455383300781	0.9893778157745123
8170.0	25278.0	4.0	4.0	2.0	4	0	1.0	39.46455383300781	0.9893778157745123
8151.0	25279.0	6.0	4.0	2.0	4	0	1.0	39.46455383300781	0.9841091104177311
8020.0	25280.0	12.0	4.0	3.0	4,4	0,3	1.0	39.46455383300781	0.9684707412071779
8147.0	25281.0	6.0	4.0	2.0	4	0	1.0	39.46455383300781	0.9841091104177311
8158.0	25282.0	4.0	1.0	2.0	1	0	0.0	39.46455383300781	0.9893778157745123
8157.0	25283.0	4.0	4.0	2.0	4	0	1.0	39.46455383300781	0.9893778157745123
8156.0	25284.0	4.0	1.0	2.0	1	0	0.0	39.46455383300781	0.9893778157745123
8138.0	25285.0	2.0	4.0	3.0	4,1	0,4	1.0	39.46455383300781	0.9946747286296723
8106.0	25286.0	2.0	4.0	5.0	4,1,1,1	0,5,2,2	1.0	39.46455383300781	0.9946747286296723
8038.0	25287.0	11.0	4.0	3.0	4,4	0,3	1.0	39.46455383300781	0.9710597710286163
8035.0	25288.0	11.0	4.0	3.0	4,4	0,3	1.0	39.46455383300781	0.9710597710286163
8164.0	25289.0	4.0	4.0	2.0	4	0	1.0	39.46455383300781	0.9893778157745123
8013.0	25290.0	2.0	1.0	5.0	3,1,4,1	0,4,2,7	0.0	39.464542388916016	0.9946747270895472
8022.0	25291.0	6.0	4.0	5.0	4,1,1,4	0,3,3,3	1.0	39.464542388916016	0.9841091058464339
8081.0	25292.0	9.0	4.0	3.0	4,4	0,3	1.0	39.46455383300781	0.9762586130708382
8027.0	25293.0	2.0	1.0	6.0	1,1,1,1,1	0,6,3,2,2	0.0	39.46455383300781	0.9946747286296723
8021.0	25294.0	2.0	4.0	4.0	1,4,1	0,3,10	1.0	39.46455383300781	0.9946747286296723
8042.0	25295.0	11.0	4.0	3.0	4,4	0,3	1.0	39.46455383300781	0.9710597710286163
8166.0	25296.0	4.0	1.0	2.0	4	0	0.0	39.46455383300781	0.9893778157745123
8032.0	25297.0	11.0	4.0	3.0	4,4	0,4	1.0	39.46455383300781	0.9710597710286163
8160.0	25298.0	4.0	4.0	2.0	4	0	1.0	39.46455383300781	0.9893778157745123
8155.0	25299.0	4.0	4.0	2.0	4	0	1.0	39.46455383300781	0.9893778157745123
40.0	25305.0	15.0	4.0	4.0	1,4,1	0,4,13	1.0	39.464542388916016	0.9607449840898699
67.0	25306.0	15.0	1.0	5.0	1,1,4,1	0,5,2,8	0.0	39.464542388916016	0.9607449840898699
34.0	25307.0	28.0	1.0	3.0	4,4	0,4	0.0	39.46455383300781	0.9279726520883685
99.0	25308.0	15.0	1.0	6.0	4,1,1,1,1	0,5,3,2,4	0.0	39.46455383300781	0.9607449952467905
11.0	25309.0	15.0	4.0	4.0	1,4,1	0,4,14	1.0	39.464542388916016	0.9607449840898699
33.0	25310.0	27.0	4.0	3.0	4,4	0,5	1.0	39.46455383300781	0.9304534176577458
101.0	25311.0	15.0	1.0	7.0	1,1,1,1,1,1	0,3,2,3,2,4	0.0	39.46455383300781	0.9607449952467905
74.0	25312.0	15.0	1.0	6.0	3,1,1,4,1	0,3,2,2,8	0.0	39.46455383300781	0.9607449952467905
3571.0	25313.0	22.0	4.0	3.0	4,4	0,5	1.0	39.46455383300781	0.9429570789101486
207.0	25314.0	21.0	4.0	3.0	1,4	0,4	1.0	39.46455383300781	0.9454779026106062
198.0	25315.0	21.0	4.0	3.0	4,4	0,5	1.0	39.46455383300781	0.9454779026106062
269.0	25316.0	14.0	4.0	3.0	4,4	0,3	1.0	39.46455383300781	0.9633133716960274
3557.0	25317.0	23.0	4.0	3.0	4,4	0,5	1.0	39.46455383300781	0.9404429762045564
149.0	25319.0	20.0	4.0	5.0	1,1,4,4	0,4,2,5	1.0	39.464542388916016	0.9480054505946437
7344.0	25320.0	35.0	2.0	5.0	3,1,4,4	0,3,2,3	1.0	39.46455383300781	0.9107915062279112
3583.0	25321.0	21.0	4.0	3.0	4,4	0,4	1.0	39.46455383300781	0.9454779026106062
7342.0	25322.0	35.0	4.0	4.0	4,4,4	0,5,3	1.0	39.46455383300781	0.9107915062279112
180.0	25324.0	23.0	4.0	3.0	4,4	0,5	1.0	39.46455383300781	0.9404429762045564
3646.0	25325.0	14.0	4.0	3.0	4,4	0,3	1.0	39.46455383300781	0.9633133716960274
258.0	25326.0	16.0	4.0	3.0	4,4	0,3	1.0	39.46455383300781	0.9581834665770808
201.0	25327.0	20.0	4.0	3.0	1,4	0,5	1.0	39.46455383300781	0.9480054652732826
182.0	25330.0	22.0	4.0	3.0	4,4	0,5	1.0	39.46455383300781	0.9429570789101486
231.0	25331.0	8.0	1.0	6.0	1,1,1,1,1	0,4,2,2,5	0.0	39.46455383300781	0.9788684623467448
164.0	25332.0	23.0	4.0	3.0	4,4	0,6	1.0	39.46455383300781	0.9404429762045564
233.0	25334.0	17.0	4.0	3.0	4,4	0,4	1.0	39.46455383300781	0.9556287674294172
222.0	25335.0	8.0	1.0	5.0	1,1,4,1	0,3,2,9	0.0	39.464542388916016	0.9788684562841399
3555.0	25337.0	23.0	4.0	3.0	1,4	0,5	1.0	39.46455383300781	0.9404429762045564
7370.0	25339.0	34.0	4.0	3.0	4,4	0,8	1.0	39.46455383300781	0.913226341138667
7102.0	25340.0	41.0	4.0	4.0	4,4,4	0,4,11	1.0	39.46455383300781	0.896318218969975
3586.0	25341.0	20.0	4.0	3.0	4,4	0,5	1.0	39.46455383300781	0.9480054652732826
313.0	25342.0	8.0	4.0	2.0	4	0	1.0	39.46455383300781	0.9788684623467448
3569.0	25345.0	22.0	4.0	3.0	4,4	0,5	1.0	39.46455383300781	0.9429570789101486
7332.0	25346.0	35.0	4.0	4.0	4,4,4	0,4,5	1.0	39.46455383300781	0.9107915062279112
3585.0	25347.0	20.0	4.0	3.0	4,4	0,5	1.0	39.46455383300781	0.9480054652732826
179.0	25349.0	23.0	1.0	3.0	4,4	0,5	0.0	39.46455383300781	0.9404429762045564
3660.0	25350.0	8.0	3.0	4.0	1,1,2	0,3,5	1.0	39.464542388916016	0.9788684562841399
7358.0	25352.0	34.0	4.0	3.0	4,4	0,8	1.0	39.46455383300781	0.913226341138667
3620.0	25355.0	17.0	4.0	3.0	4,4	0,4	1.0	39.46455383300781	0.9556287674294172
3649.0	25356.0	14.0	4.0	3.0	4,4	0,3	1.0	39.46455383300781	0.9633133716960274
7066.0	25357.0	44.0	4.0	4.0	4,4,4	0,4,12	1.0	39.46455383300781	0.8891680526667602
3625.0	25359.0	16.0	4.0	3.0	4,4	0,4	1.0	39.46455383300781	0.9581834665770808
3576.0	25360.0	21.0	4.0	3.0	4,4	0,5	1.0	39.46455383300781	0.9454779026106062
3599.0	25361.0	19.0	4.0	3.0	4,4	0,4	1.0	39.46455383300781	0.9505397849135637
177.0	25362.0	23.0	4.0	3.0	1,4	0,5	1.0	39.46455383300781	0.9404429762045564
7367.0	25366.0	34.0	4.0	3.0	1,4	0,8	1.0	39.46455383300781	0.913226341138667
3601.0	25367.0	19.0	4.0	3.0	4,4	0,4	1.0	39.46455383300781	0.9505397849135637
314.0	25369.0	8.0	4.0	2.0	4	0	1.0	39.46455383300781	0.9788684623467448
7451.0	25370.0	25.0	4.0	5.0	1,1,4,4	0,5,2,6	1.0	39.464542388916016	0.9354348440429495
3598.0	25371.0	19.0	4.0	3.0	4,4	0,4	1.0	39.46455383300781	0.9505397849135637
7116.0	25375.0	41.0	4.0	4.0	3,4,4	0,4,11	1.0	39.46455383300781	0.896318218969975
3703.0	25376.0	8.0	4.0	2.0	4	0	1.0	39.46455383300781	0.9788684623467448
234.0	25377.0	17.0	4.0	3.0	4,4	0,4	1.0	39.46455383300781	0.9556287674294172
3700.0	25380.0	8.0	4.0	2.0	4	0	1.0	39.46455383300781	0.9788684623467448
315.0	25381.0	8.0	4.0	2.0	4	0	1.0	39.46455383300781	0.9788684623467448
7377.0	25386.0	34.0	2.0	3.0	1,4	0,8	1.0	39.46455383300781	0.913226341138667
185.0	25387.0	22.0	4.0	3.0	1,4	0,5	1.0	39.46455383300781	0.9429570789101486
193.0	25389.0	21.0	4.0	3.0	4,4	0,5	1.0	39.46455383300781	0.9454779026106062
7245.0	25390.0	14.0	1.0	12.0	1,1,4,1,4,1,1,1,1,4,4	0,5,2,7,2,6,2,2,2,2,5	0.0	39.46455383300781	0.9633133716960274
265.0	25391.0	14.0	4.0	3.0	4,4	0,3	1.0	39.46455383300781	0.9633133716960274
312.0	25392.0	8.0	2.0	2.0	1	0	1.0	39.46455383300781	0.9788684623467448
192.0	25394.0	21.0	4.0	3.0	4,4	0,5	1.0	39.46455383300781	0.9454779026106062
242.0	25395.0	16.0	4.0	3.0	4,4	0,4	1.0	39.46455383300781	0.9581834665770808
3584.0	25396.0	20.0	4.0	3.0	4,4	0,5	1.0	39.46455383300781	0.9480054652732826
3696.0	25397.0	8.0	4.0	2.0	4	0	1.0	39.46455383300781	0.9788684623467448
311.0	25399.0	8.0	1.0	2.0	1	0	0.0	39.46455383300781	0.9788684623467448
128.0	25400.0	21.0	1.0	5.0	1,1,4,4	0,4,2,6	0.0	39.464542388916016	0.9454778872391282
272.0	25401.0	6.0	1.0	4.0	1,1,1	0,3,7	0.0	39.464542388916016	0.9841091058464339
154.0	25402.0	20.0	4.0	5.0	1,1,4,4	0,3,2,5	1.0	39.464542388916016	0.9480054505946437
3699.0	25406.0	8.0	4.0	2.0	4	0	1.0	39.46455383300781	0.9788684623467448
267.0	25407.0	14.0	4.0	3.0	4,4	0,3	1.0	39.46455383300781	0.9633133716960274
7327.0	25409.0	35.0	4.0	4.0	1,4,4	0,5,4	1.0	39.46455383300781	0.9107915062279112
3565.0	25411.0	22.0	4.0	3.0	4,4	0,5	1.0	39.46455383300781	0.9429570789101486
3638.0	25412.0	15.0	4.0	3.0	4,4	0,4	1.0	39.46455383300781	0.9607449952467905
3593.0	25414.0	19.0	4.0	3.0	4,4	0,5	1.0	39.46455383300781	0.9505397849135637
7323.0	25415.0	6.0	4.0	9.0	1,1,1,1,1,4,4,1	0,5,4,2,2,2,6,17	1.0	39.46455383300781	0.9841091104177311
118.0	25416.0	6.0	4.0	6.0	1,1,4,4,1	0,5,2,5,16	1.0	39.46455383300781	0.9841091104177311
7261.0	25417.0	6.0	4.0	6.0	1,1,4,4,1	0,4,2,8,28	1.0	39.46455383300781	0.9841091104177311
7399.0	25419.0	25.0	2.0	5.0	1,1,4,4	0,7,2,6	1.0	39.464542388916016	0.9354348440429495
237.0	25421.0	17.0	4.0	3.0	4,4	0,4	1.0	39.46455383300781	0.9556287674294172
7427.0	25422.0	23.0	4.0	6.0	1,1,1,4,4	0,6,2,2,6	1.0	39.46455383300781	0.9404429762045564
3591.0	25424.0	20.0	4.0	3.0	4,4	0,5	1.0	39.46455383300781	0.9480054652732826
3623.0	25425.0	17.0	4.0	3.0	4,4	0,4	1.0	39.46455383300781	0.9556287674294172
165.0	25426.0	23.0	4.0	3.0	1,4	0,6	1.0	39.46455383300781	0.9404429762045564
7343.0	25427.0	6.0	4.0	5.0	1,1,4,1	0,4,4,29	1.0	39.46455383300781	0.9841091104177311
3629.0	25429.0	16.0	4.0	3.0	4,4	0,4	1.0	39.46455383300781	0.9581834665770808
3661.0	25430.0	13.0	4.0	3.0	4,4	0,3	1.0	39.46455383300781	0.9658886142310806
318.0	25431.0	8.0	4.0	2.0	4	0	1.0	39.46455383300781	0.9788684623467448
254.0	25432.0	15.0	4.0	3.0	4,4	0,4	1.0	39.46455383300781	0.9607449952467905
7445.0	25434.0	6.0	4.0	6.0	1,4,1,1,1	0,5,18,2,7	1.0	39.46455383300781	0.9841091104177311
277.0	25435.0	6.0	1.0	4.0	1,1,1	0,3,7	0.0	39.464542388916016	0.9841091058464339
3611.0	25436.0	6.0	1.0	4.0	4,2,1	0,5,11	0.0	39.464542388916016	0.9841091058464339
7144.0	25437.0	39.0	4.0	4.0	4,4,4	0,4,11	1.0	39.46455383300781	0.9011169110577489
3702.0	25438.0	8.0	4.0	2.0	4	0	1.0	39.46455383300781	0.9788684623467448
317.0	25439.0	8.0	4.0	2.0	4	0	1.0	39.46455383300781	0.9788684623467448
3628.0	25440.0	16.0	4.0	3.0	4,4	0,4	1.0	39.46455383300781	0.9581834665770808
320.0	25441.0	8.0	4.0	2.0	1	0	1.0	39.46455383300781	0.9788684623467448
3634.0	25442.0	15.0	4.0	3.0	4,4	0,4	1.0	39.46455383300781	0.9607449952467905
3697.0	25443.0	8.0	4.0	2.0	4	0	1.0	39.46455383300781	0.9788684623467448
268.0	25444.0	14.0	4.0	3.0	4,4	0,3	1.0	39.46455383300781	0.9633133716960274
3701.0	25445.0	8.0	4.0	2.0	4	0	1.0	39.46455383300781	0.9788684623467448
7328.0	25446.0	35.0	4.0	4.0	4,4,4	0,5,4	1.0	39.46455383300781	0.9107915062279112
236.0	25447.0	17.0	2.0	3.0	1,4	0,4	1.0	39.46455383300781	0.9556287674294172
3608.0	25448.0	17.0	4.0	3.0	4,4	0,5	1.0	39.46455383300781	0.9556287674294172
6968.0	25449.0	51.0	4.0	5.0	3,2,3,4	0,4,11,16	1.0	39.46455383300781	0.8727053627664207
3713.0	25450.0	6.0	4.0	2.0	4	0	1.0	39.46455383300781	0.9841091104177311
7089.0	25451.0	41.0	4.0	4.0	1,4,4	0,4,12	1.0	39.46455383300781	0.896318218969975
3658.0	25452.0	13.0	4.0	3.0	4,4	0,3	1.0	39.46455383300781	0.9658886142310806
7648.0	25467.0	20.0	4.0	5.0	1,1,4,4	0,5,2,6	1.0	39.464542388916016	0.9480054505946437
7636.0	25468.0	21.0	4.0	5.0	1,1,4,4	0,5,2,6	1.0	39.464542388916016	0.9454778872391282
7698.0	25469.0	17.0	4.0	6.0	4,1,1,4,4	0,3,2,2,6	1.0	39.46455383300781	0.9556287674294172
7706.0	25470.0	17.0	1.0	6.0	1,1,1,4,4	0,3,2,2,6	0.0	39.46455383300781	0.9556287674294172
7764.0	25471.0	2.0	1.0	6.0	1,1,4,4,1	0,4,2,5,14	0.0	39.46455383300781	0.9946747286296723
7811.0	25472.0	8.0	4.0	5.0	4,4,1,4	0,3,11,3	1.0	39.46455383300781	0.9788684623467448
7748.0	25473.0	16.0	4.0	6.0	1,1,1,4,4	0,3,2,2,5	1.0	39.46455383300781	0.9581834665770808
7645.0	25474.0	23.0	4.0	4.0	4,4,4	0,3,7	1.0	39.464542388916016	0.9404429594587815
7680.0	25475.0	16.0	4.0	6.0	4,1,1,4,4	0,5,3,2,5	1.0	39.46455383300781	0.9581834665770808
7747.0	25476.0	17.0	4.0	5.0	1,1,4,4	0,3,2,6	1.0	39.464542388916016	0.9556287548522426
7820.0	25477.0	17.0	4.0	3.0	1,4	0,6	1.0	39.46455383300781	0.9556287674294172
7716.0	25478.0	15.0	4.0	6.0	1,1,1,4,4	0,5,2,2,6	1.0	39.46455383300781	0.9607449952467905
7840.0	25481.0	18.0	3.0	2.0	3	0	1.0	39.46455383300781	0.9530808795949964
7841.0	25482.0	18.0	3.0	2.0	3	0	1.0	39.46455383300781	0.9530808795949964
7838.0	25484.0	18.0	3.0	2.0	3	0	1.0	39.46455383300781	0.9530808795949964
7839.0	25486.0	18.0	3.0	2.0	3	0	1.0	39.46455383300781	0.9530808795949964
7050.0	25547.0	49.0	4.0	4.0	4,3,4	0,7,14	1.0	39.464542388916016	0.8773776034931201
256.0	25548.0	18.0	4.0	3.0	4,4	0,4	1.0	39.46455383300781	0.9530808795949964
3657.0	25549.0	16.0	4.0	3.0	4,4	0,3	1.0	39.46455383300781	0.9581834665770808
3698.0	25550.0	11.0	4.0	2.0	4	0	1.0	39.46455383300781	0.9710597710286163
316.0	25551.0	11.0	4.0	2.0	4	0	1.0	39.46455383300781	0.9710597710286163
260.0	25553.0	18.0	4.0	3.0	4,4	0,4	1.0	39.46455383300781	0.9530808795949964
3619.0	25554.0	20.0	4.0	3.0	4,4	0,4	1.0	39.46455383300781	0.9480054652732826
329.0	25555.0	9.0	4.0	2.0	4	0	1.0	39.46455383300781	0.9762586130708382
7334.0	25556.0	38.0	4.0	4.0	1,4,4	0,5,4	1.0	39.46455383300781	0.9035258827035241
3694.0	25558.0	11.0	4.0	2.0	4	0	1.0	39.46455383300781	0.9710597710286163
204.0	25559.0	23.0	4.0	3.0	4,4	0,5	1.0	39.46455383300781	0.9404429762045564
190.0	25560.0	19.0	4.0	5.0	1,1,4,4	0,4,2,5	1.0	39.464542388916016	0.9505397709315783
264.0	25561.0	17.0	4.0	3.0	4,4	0,3	1.0	39.46455383300781	0.9556287674294172
7337.0	25563.0	25.0	4.0	6.0	1,4,1,4,4	0,3,11,2,6	1.0	39.464542388916016	0.9354348440429495
319.0	25564.0	11.0	4.0	2.0	4	0	1.0	39.46455383300781	0.9710597710286163
170.0	25565.0	26.0	4.0	3.0	4,4	0,6	1.0	39.46455383300781	0.9329408151012373
3637.0	25566.0	18.0	4.0	3.0	4,4	0,4	1.0	39.46455383300781	0.9530808795949964
7335.0	25568.0	38.0	4.0	4.0	1,4,4	0,3,6	1.0	39.46455383300781	0.9035258827035241
7331.0	25569.0	38.0	4.0	4.0	1,4,4	0,5,4	1.0	39.46455383300781	0.9035258827035241
250.0	25570.0	19.0	4.0	3.0	4,4	0,4	1.0	39.46455383300781	0.9505397849135637
3641.0	25571.0	18.0	4.0	3.0	4,4	0,4	1.0	39.46455383300781	0.9530808795949964
3580.0	25573.0	24.0	4.0	3.0	4,4	0,5	1.0	39.46455383300781	0.9379355765743806
3695.0	25575.0	11.0	4.0	2.0	4	0	1.0	39.46455383300781	0.9710597710286163
3546.0	25576.0	26.0	4.0	3.0	4,4	0,6	1.0	39.46455383300781	0.9329408151012373
3621.0	25578.0	20.0	4.0	3.0	4,4	0,4	1.0	39.46455383300781	0.9480054652732826
3528.0	25579.0	23.0	4.0	5.0	4,1,4,4	0,3,2,6	1.0	39.464542388916016	0.9404429594587815
7316.0	25580.0	38.0	4.0	4.0	4,4,4	0,5,6	1.0	39.464542388916016	0.9035258561226572
3704.0	25581.0	9.0	4.0	2.0	4	0	1.0	39.46455383300781	0.9762586130708382
6944.0	25583.0	63.0	4.0	4.0	1,4,4	0,4,18	1.0	39.46455383300781	0.8451896095338746
328.0	25584.0	9.0	4.0	2.0	4	0	1.0	39.46455383300781	0.9762586130708382
7298.0	25585.0	38.0	4.0	4.0	4,4,4	0,4,7	1.0	39.46455383300781	0.9035258827035241
324.0	25586.0	9.0	4.0	2.0	4	0	1.0	39.46455383300781	0.9762586130708382
229.0	25588.0	20.0	4.0	3.0	1,4	0,5	1.0	39.46455383300781	0.9480054652732826
228.0	25589.0	11.0	1.0	5.0	1,1,4,2	0,3,2,9	0.0	39.464542388916016	0.9710597627590335
248.0	25590.0	19.0	2.0	3.0	1,4	0,4	1.0	39.46455383300781	0.9505397849135637
3616.0	25591.0	19.0	4.0	3.0	4,4	0,5	1.0	39.46455383300781	0.9505397849135637
3622.0	25593.0	19.0	4.0	3.0	4,4	0,5	1.0	39.46455383300781	0.9505397849135637
3618.0	25594.0	20.0	4.0	3.0	4,4	0,4	1.0	39.46455383300781	0.9480054652732826
3626.0	25595.0	19.0	4.0	3.0	4,4	0,4	1.0	39.46455383300781	0.9505397849135637
3640.0	25596.0	18.0	4.0	3.0	4,4	0,4	1.0	39.46455383300781	0.9530808795949964
3708.0	25598.0	9.0	4.0	2.0	4	0	1.0	39.46455383300781	0.9762586130708382
230.0	25599.0	20.0	4.0	3.0	4,4	0,5	1.0	39.46455383300781	0.9480054652732826
322.0	25600.0	9.0	3.0	2.0	4	0	1.0	39.46455383300781	0.9762586130708382
263.0	25601.0	16.0	4.0	3.0	4,4	0,4	1.0	39.46455383300781	0.9581834665770808
3709.0	25603.0	9.0	4.0	2.0	4	0	1.0	39.46455383300781	0.9762586130708382
3609.0	25604.0	20.0	4.0	3.0	4,4	0,5	1.0	39.46455383300781	0.9480054652732826
321.0	25605.0	9.0	4.0	2.0	1	0	1.0	39.46455383300781	0.9762586130708382
3612.0	25606.0	20.0	4.0	3.0	4,4	0,5	1.0	39.46455383300781	0.9480054652732826
3647.0	25608.0	16.0	4.0	3.0	4,4	0,4	1.0	39.46455383300781	0.9581834665770808
3712.0	25609.0	9.0	4.0	2.0	4	0	1.0	39.46455383300781	0.9762586130708382
3664.0	25610.0	5.0	4.0	4.0	4,1,1	0,7,6	1.0	39.464542388916016	0.986739942746311
326.0	25611.0	9.0	4.0	2.0	4	0	1.0	39.46455383300781	0.9762586130708382
3624.0	25613.0	19.0	4.0	3.0	4,4	0,4	1.0	39.46455383300781	0.9505397849135637
7361.0	25614.0	33.0	4.0	4.0	4,4,4	0,3,9	1.0	39.46455383300781	0.9156676851363017
3707.0	25615.0	9.0	4.0	2.0	4	0	1.0	39.46455383300781	0.9762586130708382
143.0	25616.0	25.0	4.0	4.0	4,4,4	0,3,7	1.0	39.464542388916016	0.9354348440429495
323.0	25618.0	9.0	1.0	2.0	1	0	0.0	39.46455383300781	0.9762586130708382
3705.0	25619.0	9.0	4.0	2.0	4	0	1.0	39.46455383300781	0.9762586130708382
330.0	25620.0	9.0	4.0	2.0	1	0	1.0	39.46455383300781	0.9762586130708382
3605.0	25621.0	20.0	4.0	3.0	3,4	0,5	1.0	39.46455383300781	0.9480054652732826
117.0	25623.0	20.0	4.0	7.0	4,1,1,1,4,4	0,4,2,2,3,6	1.0	39.46455383300781	0.9480054652732826
7306.0	25624.0	36.0	4.0	4.0	4,4,4	0,3,10	1.0	39.46455383300781	0.9083631630495722
7262.0	25625.0	17.0	4.0	10.0	2,1,2,1,2,1,4,4,2	0,4,2,3,4,3,2,5,11	1.0	39.46455383300781	0.9556287674294172
3711.0	25626.0	9.0	4.0	2.0	4	0	1.0	39.46455383300781	0.9762586130708382
224.0	25628.0	20.0	4.0	3.0	4,4	0,5	1.0	39.46455383300781	0.9480054652732826
3631.0	25629.0	19.0	4.0	3.0	4,4	0,4	1.0	39.46455383300781	0.9505397849135637
325.0	25630.0	9.0	4.0	2.0	4	0	1.0	39.46455383300781	0.9762586130708382
6942.0	25631.0	63.0	4.0	4.0	4,4,4	0,4,18	1.0	39.46455383300781	0.8451896095338746
3710.0	25633.0	9.0	4.0	2.0	4	0	1.0	39.46455383300781	0.9762586130708382
261.0	25634.0	16.0	4.0	3.0	4,4	0,4	1.0	39.46455383300781	0.9581834665770808
3652.0	25635.0	16.0	4.0	3.0	4,4	0,4	1.0	39.46455383300781	0.9581834665770808
123.0	25636.0	26.0	4.0	4.0	4,4,4	0,3,8	1.0	39.46455383300781	0.9329408151012373
309.0	25639.0	5.0	1.0	3.0	1,1	0,11	0.0	39.46455383300781	0.9867399465659091
3561.0	25640.0	9.0	4.0	7.0	1,1,3,1,4,2	0,5,2,5,2,8	1.0	39.46455383300781	0.9762586130708382
3630.0	25641.0	18.0	4.0	3.0	4,4	0,5	1.0	39.46455383300781	0.9530808795949964
239.0	25643.0	19.0	4.0	3.0	4,4	0,5	1.0	39.46455383300781	0.9505397849135637
7015.0	25644.0	23.0	4.0	6.0	1,4,1,4,4	0,12,39,2,6	1.0	39.46455383300781	0.9404429762045564
225.0	25645.0	5.0	4.0	4.0	1,4,1	0,3,17	1.0	39.46455383300781	0.9867399465659091
7296.0	25646.0	36.0	4.0	4.0	4,4,4	0,3,11	1.0	39.46455383300781	0.9083631630495722
7138.0	25648.0	41.0	4.0	4.0	4,4,4	0,4,12	1.0	39.46455383300781	0.896318218969975
7286.0	25649.0	37.0	4.0	4.0	4,4,4	0,3,10	1.0	39.46455383300781	0.9059412942954581
7401.0	25650.0	5.0	4.0	4.0	1,4,1	0,7,31	1.0	39.464542388916016	0.986739942746311
3496.0	25651.0	28.0	4.0	4.0	4,4,4	0,3,7	1.0	39.464542388916016	0.9279726319725293
7293.0	25652.0	36.0	4.0	4.0	4,4,4	0,3,11	1.0	39.46455383300781	0.9083631630495722
7196.0	25653.0	36.0	4.0	5.0	4,1,4,4	0,5,3,11	1.0	39.464542388916016	0.90836313773288
3627.0	25654.0	18.0	4.0	3.0	4,4	0,5	1.0	39.46455383300781	0.9530808795949964
6977.0	25655.0	26.0	4.0	7.0	4,4,4,1,4,4	0,3,11,35,2,7	1.0	39.46455383300781	0.9329408151012373
7005.0	25656.0	20.0	4.0	6.0	1,4,1,4,4	0,12,42,2,6	1.0	39.46455383300781	0.9480054652732826
139.0	25657.0	22.0	4.0	5.0	1,1,4,4	0,5,2,6	1.0	39.464542388916016	0.9429570628496304
3706.0	25658.0	9.0	4.0	2.0	4	0	1.0	39.46455383300781	0.9762586130708382
327.0	25659.0	9.0	4.0	2.0	1	0	1.0	39.46455383300781	0.9762586130708382
6938.0	25660.0	20.0	4.0	3.0	4,4	0,5	1.0	39.46455383300781	0.9480054652732826
178.0	25661.0	5.0	4.0	8.0	1,1,1,4,1,4,1	0,4,1,2,6,2,11	1.0	39.46455383300781	0.9867399465659091
3644.0	25662.0	16.0	4.0	3.0	4,4	0,4	1.0	39.46455383300781	0.9581834665770808
3692.0	25663.0	5.0	4.0	3.0	4,1	0,11	1.0	39.46455383300781	0.9867399465659091
3615.0	25664.0	19.0	4.0	3.0	4,4	0,5	1.0	39.46455383300781	0.9505397849135637
336.0	25665.0	5.0	4.0	2.0	1	0	1.0	39.46455383300781	0.9867399465659091
339.0	25666.0	5.0	4.0	2.0	1	0	1.0	39.46455383300781	0.9867399465659091
235.0	25667.0	19.0	4.0	3.0	4,4	0,5	1.0	39.46455383300781	0.9505397849135637
7841.0	25694.0	2.0	4.0	3.0	3,3	0,18	1.0	39.46455383300781	0.9946747286296723
7840.0	25696.0	2.0	4.0	3.0	3,3	0,18	1.0	39.46455383300781	0.9946747286296723
340.0	25717.0	6.0	4.0	2.0	4	0	1.0	39.46455383300781	0.9841091104177311
3714.0	25718.0	6.0	4.0	2.0	4	0	1.0	39.46455383300781	0.9841091104177311
3551.0	25719.0	21.0	4.0	5.0	4,1,4,4	0,3,3,6	1.0	39.464542388916016	0.9454778872391282
3719.0	25720.0	6.0	4.0	2.0	4	0	1.0	39.46455383300781	0.9841091104177311
333.0	25721.0	6.0	4.0	2.0	4	0	1.0	39.46455383300781	0.9841091104177311
3595.0	25723.0	21.0	4.0	3.0	4,4	0,6	1.0	39.46455383300781	0.9454779026106062
7193.0	25724.0	37.0	4.0	5.0	1,1,4,4	0,5,3,11	1.0	39.464542388916016	0.9059412683448986
144.0	25725.0	6.0	4.0	5.0	1,4,1,2	0,5,18,6	1.0	39.46455383300781	0.9841091104177311
6969.0	25726.0	64.0	4.0	4.0	4,4,4	0,4,18	1.0	39.46455383300781	0.8429361734744907
6960.0	25728.0	64.0	4.0	4.0	4,4,4	0,4,18	1.0	39.46455383300781	0.8429361734744907
253.0	25729.0	18.0	4.0	3.0	4,4	0,5	1.0	39.46455383300781	0.9530808795949964
7363.0	25730.0	33.0	4.0	4.0	4,4,4	0,3,10	1.0	39.46455383300781	0.9156676851363017
3723.0	25731.0	6.0	4.0	2.0	4	0	1.0	39.46455383300781	0.9841091104177311
244.0	25733.0	19.0	4.0	3.0	4,4	0,5	1.0	39.46455383300781	0.9505397849135637
243.0	25734.0	19.0	4.0	3.0	1,4	0,5	1.0	39.46455383300781	0.9505397849135637
3613.0	25735.0	21.0	4.0	3.0	4,4	0,5	1.0	39.46455383300781	0.9454779026106062
3673.0	25736.0	10.0	2.0	3.0	4,2	0,9	1.0	39.46455383300781	0.9736557221488931
6864.0	25738.0	18.0	1.0	8.0	2,2,1,1,1,4,4	0,1,1889,4,2,2,5	0.0	39.46455383300781	0.9530808795949964
7307.0	25739.0	39.0	4.0	4.0	4,4,4	0,5,6	1.0	39.464542388916016	0.9011168838501202
7280.0	25740.0	37.0	4.0	4.0	4,4,4	0,3,11	1.0	39.46455383300781	0.9059412942954581
138.0	25741.0	18.0	4.0	7.0	1,1,4,1,4,4	0,3,2,6,2,5	1.0	39.46455383300781	0.9530808795949964
179.0	25743.0	4.0	1.0	4.0	4,4,1	0,5,23	0.0	39.464542388916016	0.989377812710665
7195.0	25745.0	24.0	4.0	6.0	1,4,1,4,4	0,5,18,2,7	1.0	39.46455383300781	0.9379355765743806
240.0	25746.0	20.0	4.0	3.0	4,4	0,5	1.0	39.46455383300781	0.9480054652732826
231.0	25748.0	4.0	1.0	7.0	1,1,1,1,1,1	0,4,2,2,5,8	0.0	39.46455383300781	0.9893778157745123
7396.0	25750.0	33.0	4.0	4.0	4,4,4	0,3,9	1.0	39.46455383300781	0.9156676851363017
311.0	25751.0	4.0	4.0	3.0	1,1	0,8	1.0	39.46455383300781	0.9893778157745123
3639.0	25753.0	18.0	4.0	3.0	4,4	0,5	1.0	39.46455383300781	0.9530808795949964
251.0	25754.0	18.0	4.0	3.0	4,4	0,5	1.0	39.46455383300781	0.9530808795949964
7369.0	25755.0	34.0	4.0	4.0	1,4,4	0,3,9	1.0	39.46455383300781	0.913226341138667
7245.0	25756.0	4.0	4.0	13.0	1,1,4,1,4,1,1,1,1,4,4,1	0,5,2,7,2,6,2,2,2,2,5,14	1.0	39.46455383300781	0.9893778157745123
332.0	25758.0	6.0	1.0	2.0	1	0	0.0	39.46455383300781	0.9841091104177311
3547.0	25759.0	23.0	4.0	4.0	4,4,4	0,3,7	1.0	39.464542388916016	0.9404429594587815
3611.0	25760.0	4.0	4.0	5.0	4,2,1,1	0,5,11,6	1.0	39.46455383300781	0.9893778157745123
277.0	25761.0	4.0	4.0	5.0	1,1,1,1	0,3,7,6	1.0	39.46455383300781	0.9893778157745123
222.0	25764.0	4.0	4.0	6.0	1,1,4,1,1	0,3,2,9,8	1.0	39.46455383300781	0.9893778157745123
128.0	25765.0	4.0	4.0	6.0	1,1,4,4,1	0,4,2,6,21	1.0	39.46455383300781	0.9893778157745123
7302.0	25766.0	39.0	4.0	4.0	4,4,4	0,4,7	1.0	39.46455383300781	0.9011169110577489
3717.0	25768.0	6.0	4.0	2.0	4	0	1.0	39.46455383300781	0.9841091104177311
241.0	25769.0	19.0	4.0	3.0	4,4	0,5	1.0	39.46455383300781	0.9505397849135637
7233.0	25770.0	36.0	4.0	5.0	4,2,4,4	0,3,4,11	1.0	39.464542388916016	0.90836313773288
6952.0	25771.0	64.0	4.0	4.0	4,4,4	0,4,18	1.0	39.46455383300781	0.8429361734744907
3537.0	25773.0	23.0	4.0	5.0	4,1,4,4	0,3,2,6	1.0	39.464542388916016	0.9404429594587815
272.0	25774.0	4.0	4.0	5.0	1,1,1,1	0,3,7,6	1.0	39.46455383300781	0.9893778157745123
7362.0	25775.0	34.0	4.0	4.0	4,4,4	0,3,9	1.0	39.46455383300781	0.913226341138667
216.0	25776.0	21.0	4.0	3.0	4,4	0,6	1.0	39.46455383300781	0.9454779026106062
3716.0	25778.0	6.0	4.0	2.0	4	0	1.0	39.46455383300781	0.9841091104177311
168.0	25779.0	21.0	4.0	5.0	1,1,4,4	0,4,2,6	1.0	39.464542388916016	0.9454778872391282
6970.0	25780.0	64.0	4.0	4.0	4,4,4	0,4,18	1.0	39.46455383300781	0.8429361734744907
331.0	25781.0	6.0	4.0	2.0	4	0	1.0	39.46455383300781	0.9841091104177311
3617.0	25783.0	20.0	4.0	3.0	4,4	0,5	1.0	39.46455383300781	0.9480054652732826
3614.0	25784.0	12.0	4.0	6.0	1,1,1,1,4	0,4,2,2,5	1.0	39.46455383300781	0.9684707412071779
3721.0	25786.0	6.0	4.0	2.0	4	0	1.0	39.46455383300781	0.9841091104177311
334.0	25788.0	6.0	4.0	2.0	4	0	1.0	39.46455383300781	0.9841091104177311
3724.0	25790.0	4.0	4.0	2.0	4	0	1.0	39.46455383300781	0.9893778157745123
7308.0	25791.0	39.0	4.0	4.0	4,4,4	0,5,6	1.0	39.464542388916016	0.9011168838501202
3505.0	25793.0	27.0	4.0	4.0	4,4,4	0,3,8	1.0	39.46455383300781	0.9304534176577458
346.0	25794.0	4.0	1.0	2.0	1	0	0.0	39.46455383300781	0.9893778157745123
345.0	25795.0	4.0	1.0	2.0	1	0	0.0	39.46455383300781	0.9893778157745123
347.0	25796.0	4.0	1.0	2.0	4	0	0.0	39.46455383300781	0.9893778157745123
7275.0	25798.0	38.0	4.0	4.0	1,4,4	0,3,11	1.0	39.46455383300781	0.9035258827035241
3731.0	25799.0	4.0	1.0	2.0	4	0	0.0	39.46455383300781	0.9893778157745123
7313.0	25800.0	19.0	4.0	6.0	4,4,1,4,4	0,5,18,2,6	1.0	39.46455383300781	0.9505397849135637
335.0	25801.0	6.0	1.0	2.0	1	0	0.0	39.46455383300781	0.9841091104177311
3602.0	25803.0	21.0	4.0	3.0	4,4	0,6	1.0	39.46455383300781	0.9454779026106062
7348.0	25804.0	35.0	4.0	4.0	4,4,4	0,3,9	1.0	39.46455383300781	0.9107915062279112
3635.0	25805.0	18.0	4.0	3.0	4,4	0,5	1.0	39.46455383300781	0.9530808795949964
3715.0	25806.0	6.0	4.0	2.0	4	0	1.0	39.46455383300781	0.9841091104177311
337.0	25808.0	6.0	4.0	2.0	1	0	1.0	39.46455383300781	0.9841091104177311
3722.0	25809.0	6.0	4.0	2.0	4	0	1.0	39.46455383300781	0.9841091104177311
344.0	25810.0	4.0	4.0	2.0	4	0	1.0	39.46455383300781	0.9893778157745123
3725.0	25811.0	4.0	4.0	2.0	4	0	1.0	39.46455383300781	0.9893778157745123
7051.0	25813.0	50.0	4.0	4.0	1,3,4	0,7,14	1.0	39.464542388916016	0.8750383474496573
349.0	25814.0	4.0	4.0	2.0	1	0	1.0	39.46455383300781	0.9893778157745123
7199.0	25815.0	39.0	4.0	6.0	1,1,4,4,4	0,3,2,5,6	1.0	39.46455383300781	0.9011169110577489
217.0	25816.0	21.0	4.0	3.0	4,4	0,6	1.0	39.46455383300781	0.9454779026106062
350.0	25818.0	4.0	4.0	2.0	1	0	1.0	39.46455383300781	0.9893778157745123
3726.0	25819.0	4.0	4.0	2.0	1	0	1.0	39.46455383300781	0.9893778157745123
220.0	25820.0	21.0	4.0	3.0	4,4	0,6	1.0	39.46455383300781	0.9454779026106062
7067.0	25821.0	47.0	4.0	4.0	1,4,4	0,4,13	1.0	39.46455383300781	0.8820749251217471
3532.0	25823.0	24.0	4.0	4.0	4,4,4	0,3,8	1.0	39.46455383300781	0.9379355765743806
6948.0	25824.0	64.0	4.0	4.0	3,4,4	0,4,18	1.0	39.46455383300781	0.8429361734744907
7310.0	25825.0	39.0	4.0	4.0	4,4,4	0,5,6	1.0	39.464542388916016	0.9011168838501202
188.0	25826.0	19.0	4.0	6.0	1,1,4,4,4	0,3,1,2,6	1.0	39.464542388916016	0.9505397709315783
312.0	25827.0	4.0	4.0	3.0	1,2	0,8	1.0	39.46455383300781	0.9893778157745123
127.0	25828.0	26.0	4.0	4.0	4,4,4	0,3,8	1.0	39.46455383300781	0.9329408151012373
3643.0	25829.0	18.0	4.0	3.0	4,4	0,5	1.0	39.46455383300781	0.9530808795949964
3548.0	25830.0	21.0	4.0	5.0	4,1,4,4	0,4,2,6	1.0	39.464542388916016	0.9454778872391282
338.0	25831.0	6.0	4.0	2.0	1	0	1.0	39.46455383300781	0.9841091104177311
3718.0	25832.0	6.0	4.0	2.0	4	0	1.0	39.46455383300781	0.9841091104177311
3728.0	25833.0	4.0	4.0	2.0	4	0	1.0	39.46455383300781	0.9893778157745123
341.0	25834.0	4.0	4.0	2.0	1	0	1.0	39.46455383300781	0.9893778157745123
348.0	25836.0	4.0	2.0	2.0	1	0	1.0	39.46455383300781	0.9893778157745123
3720.0	25837.0	6.0	4.0	2.0	4	0	1.0	39.46455383300781	0.9841091104177311
3732.0	25838.0	4.0	4.0	2.0	4	0	1.0	39.46455383300781	0.9893778157745123
7294.0	25839.0	38.0	4.0	4.0	4,4,4	0,3,10	1.0	39.46455383300781	0.9035258827035241
3597.0	25840.0	21.0	4.0	3.0	4,4	0,6	1.0	39.46455383300781	0.9454779026106062
3730.0	25842.0	4.0	4.0	2.0	4	0	1.0	39.46455383300781	0.9893778157745123
8310.0	25859.0	3.0	4.0	2.0	4	0	1.0	39.46455383300781	0.9920227368451446
8291.0	25860.0	3.0	4.0	2.0	3	0	1.0	39.46455383300781	0.9920227368451446
8294.0	25862.0	3.0	4.0	2.0	3	0	1.0	39.46455383300781	0.9920227368451446
8292.0	25864.0	3.0	4.0	2.0	3	0	1.0	39.46455383300781	0.9920227368451446
8301.0	25866.0	3.0	4.0	2.0	4	0	1.0	39.46455383300781	0.9920227368451446
8314.0	25868.0	3.0	4.0	2.0	4	0	1.0	39.46455383300781	0.9920227368451446
8297.0	25870.0	3.0	4.0	2.0	1	0	1.0	39.46455383300781	0.9920227368451446
7856.0	25889.0	3.0	4.0	2.0	4	0	1.0	39.46455383300781	0.9920227368451446
7863.0	25890.0	3.0	4.0	2.0	4	0	1.0	39.46455383300781	0.9920227368451446
7857.0	25892.0	3.0	4.0	2.0	4	0	1.0	39.46455383300781	0.9920227368451446
7861.0	25894.0	3.0	4.0	2.0	4	0	1.0	39.46455383300781	0.9920227368451446
7845.0	25896.0	3.0	4.0	2.0	3	0	1.0	39.46455383300781	0.9920227368451446
7862.0	25898.0	3.0	4.0	2.0	1	0	1.0	39.46455383300781	0.9920227368451446
7846.0	25900.0	3.0	4.0	2.0	4	0	1.0	39.46455383300781	0.9920227368451446
7859.0	25902.0	3.0	4.0	2.0	4	0	1.0	39.46455383300781	0.9920227368451446
7852.0	25904.0	3.0	1.0	2.0	4	0	0.0	39.46455383300781	0.9920227368451446
8304.0	25920.0	5.0	4.0	2.0	4	0	1.0	39.46455383300781	0.9867399465659091
8309.0	25921.0	5.0	4.0	2.0	4	0	1.0	39.46455383300781	0.9867399465659091
8293.0	25923.0	5.0	4.0	2.0	3	0	1.0	39.46455383300781	0.9867399465659091
8311.0	25925.0	5.0	4.0	2.0	4	0	1.0	39.46455383300781	0.9867399465659091
8308.0	25927.0	5.0	4.0	2.0	1	0	1.0	39.46455383300781	0.9867399465659091
8298.0	25929.0	5.0	4.0	2.0	4	0	1.0	39.46455383300781	0.9867399465659091
8303.0	25931.0	5.0	4.0	2.0	1	0	1.0	39.46455383300781	0.9867399465659091
8302.0	25933.0	5.0	4.0	2.0	4	0	1.0	39.46455383300781	0.9867399465659091
8305.0	25935.0	5.0	4.0	2.0	4	0	1.0	39.46455383300781	0.9867399465659091
8307.0	25937.0	5.0	4.0	2.0	1	0	1.0	39.46455383300781	0.9867399465659091
8296.0	25939.0	5.0	4.0	2.0	4	0	1.0	39.46455383300781	0.9867399465659091
8306.0	25943.0	5.0	4.0	2.0	4	0	1.0	39.46455383300781	0.9867399465659091
8325.0	25945.0	3.0	4.0	2.0	4	0	1.0	39.46455383300781	0.9920227368451446
8322.0	25949.0	3.0	4.0	2.0	1	0	1.0	39.46455383300781	0.9920227368451446
8317.0	25951.0	3.0	4.0	2.0	4	0	1.0	39.46455383300781	0.9920227368451446
8312.0	25953.0	5.0	4.0	2.0	4	0	1.0	39.46455383300781	0.9867399465659091
8299.0	25955.0	5.0	4.0	2.0	4	0	1.0	39.46455383300781	0.9867399465659091
8313.0	25957.0	5.0	4.0	2.0	4	0	1.0	39.46455383300781	0.9867399465659091
8334.0	25959.0	3.0	4.0	2.0	4	0	1.0	39.46455383300781	0.9920227368451446
8300.0	25961.0	5.0	4.0	2.0	1	0	1.0	39.46455383300781	0.9867399465659091
8321.0	25963.0	3.0	1.0	2.0	1	0	0.0	39.46455383300781	0.9920227368451446
8295.0	25965.0	5.0	1.0	2.0	4	0	0.0	39.46455383300781	0.9867399465659091
8327.0	25966.0	3.0	4.0	2.0	4	0	1.0	39.46455383300781	0.9920227368451446
7853.0	25969.0	5.0	4.0	2.0	4	0	1.0	39.46455383300781	0.9867399465659091
7854.0	25971.0	5.0	4.0	2.0	4	0	1.0	39.46455383300781	0.9867399465659091
7864.0	25973.0	5.0	4.0	2.0	4	0	1.0	39.46455383300781	0.9867399465659091
7855.0	25975.0	5.0	4.0	2.0	4	0	1.0	39.46455383300781	0.9867399465659091
7844.0	25977.0	5.0	4.0	2.0	3	0	1.0	39.46455383300781	0.9867399465659091
7848.0	25979.0	5.0	4.0	2.0	4	0	1.0	39.46455383300781	0.9867399465659091
7842.0	25981.0	5.0	4.0	2.0	3	0	1.0	39.46455383300781	0.9867399465659091
7872.0	25983.0	3.0	4.0	2.0	4	0	1.0	39.46455383300781	0.9920227368451446
7882.0	25985.0	3.0	4.0	2.0	4	0	1.0	39.46455383300781	0.9920227368451446
7849.0	25987.0	5.0	4.0	2.0	4	0	1.0	39.46455383300781	0.9867399465659091
7858.0	25989.0	5.0	4.0	2.0	4	0	1.0	39.46455383300781	0.9867399465659091
7850.0	25991.0	5.0	4.0	2.0	4	0	1.0	39.46455383300781	0.9867399465659091
7843.0	25993.0	5.0	4.0	2.0	3	0	1.0	39.46455383300781	0.9867399465659091
7871.0	25995.0	3.0	4.0	2.0	4	0	1.0	39.46455383300781	0.9920227368451446
7874.0	25997.0	3.0	4.0	2.0	4	0	1.0	39.46455383300781	0.9920227368451446
7884.0	25999.0	3.0	4.0	2.0	4	0	1.0	39.46455383300781	0.9920227368451446
7852.0	26001.0	2.0	1.0	3.0	4,1	0,3	0.0	39.46455383300781	0.9946747286296723
7851.0	26003.0	5.0	4.0	2.0	4	0	1.0	39.46455383300781	0.9867399465659091
7865.0	26005.0	5.0	1.0	2.0	4	0	0.0	39.46455383300781	0.9867399465659091
7873.0	26007.0	3.0	1.0	2.0	4	0	0.0	39.46455383300781	0.9920227368451446
7878.0	26009.0	3.0	4.0	2.0	4	0	1.0	39.46455383300781	0.9920227368451446
7860.0	26010.0	5.0	4.0	2.0	4	0	1.0	39.46455383300781	0.9867399465659091
7847.0	26011.0	5.0	4.0	2.0	4	0	1.0	39.46455383300781	0.9867399465659091
7284.0	26064.0	39.0	4.0	4.0	4,4,4	0,3,11	1.0	39.46455383300781	0.9011169110577489
6961.0	26065.0	66.0	4.0	4.0	4,4,4	0,4,18	1.0	39.46455383300781	0.8384473096028734
306.0	26066.0	8.0	1.0	3.0	1,2	0,11	0.0	39.46455383300781	0.9788684623467448
309.0	26068.0	3.0	1.0	4.0	1,1,1	0,11,5	0.0	39.464542388916016	0.9920227345411162
342.0	26069.0	6.0	4.0	2.0	4	0	1.0	39.46455383300781	0.9841091104177311
7159.0	26071.0	41.0	4.0	6.0	1,1,4,4,4	0,3,2,6,7	1.0	39.46455383300781	0.896318218969975
7287.0	26072.0	41.0	2.0	5.0	1,1,4,4	0,5,2,5	1.0	39.464542388916016	0.8963181905194015
323.0	26074.0	3.0	4.0	3.0	1,1	0,9	1.0	39.46455383300781	0.9920227368451446
3729.0	26078.0	6.0	4.0	2.0	2	0	1.0	39.46455383300781	0.9841091104177311
3727.0	26080.0	6.0	4.0	2.0	4	0	1.0	39.46455383300781	0.9841091104177311
343.0	26081.0	6.0	4.0	2.0	1	0	1.0	39.46455383300781	0.9841091104177311
228.0	26083.0	3.0	4.0	6.0	1,1,4,2,1	0,3,2,9,11	1.0	39.46455383300781	0.9920227368451446
7380.0	26084.0	34.0	4.0	4.0	4,4,4	0,3,10	1.0	39.46455383300781	0.913226341138667
6993.0	26087.0	14.0	4.0	13.0	1,3,1,1,4,4,1,1,1,4,1,4	0,2,12,7,3,8,23,3,2,2,5,6	1.0	39.46455383300781	0.9633133716960274
3733.0	26090.0	6.0	4.0	2.0	4	0	1.0	39.46455383300781	0.9841091104177311
7057.0	26092.0	39.0	4.0	6.0	1,4,1,4,4	0,3,10,3,11	1.0	39.464542388916016	0.9011168838501202
352.0	26093.0	3.0	4.0	2.0	4	0	1.0	39.46455383300781	0.9920227368451446
345.0	26096.0	2.0	1.0	3.0	1,1	0,4	0.0	39.46455383300781	0.9946747286296723
157.0	26098.0	23.0	4.0	5.0	1,1,4,4	0,4,2,7	1.0	39.464542388916016	0.9404429594587815
3741.0	26099.0	3.0	4.0	2.0	4	0	1.0	39.46455383300781	0.9920227368451446
3736.0	26101.0	3.0	4.0	2.0	4	0	1.0	39.46455383300781	0.9920227368451446
209.0	26104.0	21.0	4.0	4.0	1,4,4	0,3,7	1.0	39.46455383300781	0.9454779026106062
332.0	26107.0	2.0	4.0	3.0	1,1	0,6	1.0	39.46455383300781	0.9946747286296723
360.0	26108.0	3.0	4.0	2.0	4	0	1.0	39.46455383300781	0.9920227368451446
335.0	26110.0	2.0	4.0	3.0	1,1	0,6	1.0	39.46455383300781	0.9946747286296723
7472.0	26111.0	29.0	4.0	4.0	4,4,4	0,3,9	1.0	39.46455383300781	0.9254985007112695
347.0	26113.0	2.0	4.0	3.0	4,1	0,4	1.0	39.46455383300781	0.9946747286296723
7278.0	26116.0	39.0	4.0	4.0	4,4,4	0,3,11	1.0	39.46455383300781	0.9011169110577489
351.0	26117.0	3.0	4.0	2.0	4	0	1.0	39.46455383300781	0.9920227368451446
7297.0	26119.0	38.0	4.0	4.0	1,4,4	0,3,11	1.0	39.46455383300781	0.9035258827035241
7254.0	26120.0	41.0	4.0	5.0	4,4,4,4	0,3,8,3	1.0	39.46455383300781	0.896318218969975
7061.0	26122.0	19.0	4.0	11.0	1,1,4,4,1,4,1,1,4,4	0,3,2,6,17,2,7,2,2,6	1.0	39.46455383300781	0.9505397849135637
231.0	26123.0	2.0	1.0	8.0	1,1,1,1,1,1,1	0,4,2,2,5,8,4	0.0	39.46455383300781	0.9946747286296723
179.0	26126.0	2.0	4.0	5.0	4,4,1,1	0,5,23,4	1.0	39.46455383300781	0.9946747286296723
3731.0	26128.0	2.0	4.0	3.0	4,1	0,4	1.0	39.46455383300781	0.9946747286296723
3541.0	26129.0	23.0	4.0	4.0	4,3,3	0,4,9	1.0	39.464542388916016	0.9404429594587815
346.0	26131.0	2.0	1.0	3.0	1,1	0,4	0.0	39.46455383300781	0.9946747286296723
6864.0	26132.0	2.0	4.0	9.0	2,2,1,1,1,4,4,1	0,1,1889,4,2,2,5,18	1.0	39.46455383300781	0.9946747286296723
7881.0	26145.0	4.0	4.0	2.0	4	0	1.0	39.46455383300781	0.9893778157745123
7877.0	26146.0	4.0	4.0	2.0	1	0	1.0	39.46455383300781	0.9893778157745123
7903.0	26148.0	3.0	4.0	2.0	4	0	1.0	39.46455383300781	0.9920227368451446
7866.0	26150.0	4.0	4.0	2.0	4	0	1.0	39.46455383300781	0.9893778157745123
7883.0	26152.0	4.0	4.0	2.0	4	0	1.0	39.46455383300781	0.9893778157745123
7875.0	26154.0	4.0	1.0	2.0	4	0	0.0	39.46455383300781	0.9893778157745123
7902.0	26156.0	3.0	4.0	2.0	4	0	1.0	39.46455383300781	0.9920227368451446
7901.0	26158.0	3.0	4.0	2.0	4	0	1.0	39.46455383300781	0.9920227368451446
7905.0	26160.0	3.0	4.0	2.0	4	0	1.0	39.46455383300781	0.9920227368451446
7880.0	26162.0	4.0	4.0	2.0	4	0	1.0	39.46455383300781	0.9893778157745123
7898.0	26164.0	3.0	4.0	2.0	4	0	1.0	39.46455383300781	0.9920227368451446
7887.0	26166.0	3.0	4.0	2.0	4	0	1.0	39.46455383300781	0.9920227368451446
7899.0	26168.0	3.0	4.0	2.0	4	0	1.0	39.46455383300781	0.9920227368451446
7879.0	26170.0	4.0	4.0	2.0	4	0	1.0	39.46455383300781	0.9893778157745123
7870.0	26172.0	4.0	4.0	2.0	4	0	1.0	39.46455383300781	0.9893778157745123
8326.0	26182.0	4.0	4.0	2.0	4	0	1.0	39.46455383300781	0.9893778157745123
8346.0	26184.0	3.0	4.0	2.0	4	0	1.0	39.46455383300781	0.9920227368451446
8347.0	26186.0	3.0	4.0	2.0	4	0	1.0	39.46455383300781	0.9920227368451446
8351.0	26188.0	3.0	4.0	2.0	4	0	1.0	39.46455383300781	0.9920227368451446
8318.0	26190.0	4.0	4.0	2.0	4	0	1.0	39.46455383300781	0.9893778157745123
8330.0	26192.0	4.0	4.0	2.0	4	0	1.0	39.46455383300781	0.9893778157745123
8336.0	26194.0	3.0	4.0	2.0	4	0	1.0	39.46455383300781	0.9920227368451446
8354.0	26196.0	3.0	4.0	2.0	4	0	1.0	39.46455383300781	0.9920227368451446
8316.0	26198.0	4.0	4.0	2.0	4	0	1.0	39.46455383300781	0.9893778157745123
8320.0	26200.0	4.0	4.0	2.0	4	0	1.0	39.46455383300781	0.9893778157745123
8343.0	26202.0	3.0	4.0	2.0	4	0	1.0	39.46455383300781	0.9920227368451446
8324.0	26204.0	4.0	4.0	2.0	4	0	1.0	39.46455383300781	0.9893778157745123
8332.0	26206.0	4.0	4.0	2.0	4	0	1.0	39.46455383300781	0.9893778157745123
8315.0	26208.0	4.0	4.0	2.0	1	0	1.0	39.46455383300781	0.9893778157745123
8333.0	26210.0	4.0	4.0	2.0	4	0	1.0	39.46455383300781	0.9893778157745123
8340.0	26212.0	3.0	4.0	2.0	2	0	1.0	39.46455383300781	0.9920227368451446
8339.0	26214.0	3.0	4.0	2.0	4	0	1.0	39.46455383300781	0.9920227368451446
7868.0	26221.0	5.0	4.0	2.0	4	0	1.0	39.46455383300781	0.9867399465659091
7869.0	26222.0	5.0	4.0	2.0	4	0	1.0	39.46455383300781	0.9867399465659091
7896.0	26224.0	4.0	4.0	2.0	1	0	1.0	39.46455383300781	0.9893778157745123
7885.0	26226.0	5.0	4.0	2.0	4	0	1.0	39.46455383300781	0.9867399465659091
7904.0	26228.0	4.0	4.0	2.0	4	0	1.0	39.46455383300781	0.9893778157745123
7867.0	26230.0	5.0	4.0	2.0	4	0	1.0	39.46455383300781	0.9867399465659091
7892.0	26232.0	4.0	4.0	2.0	4	0	1.0	39.46455383300781	0.9893778157745123
7889.0	26234.0	4.0	4.0	2.0	4	0	1.0	39.46455383300781	0.9893778157745123
7876.0	26236.0	5.0	4.0	2.0	4	0	1.0	39.46455383300781	0.9867399465659091
7886.0	26238.0	4.0	4.0	2.0	4	0	1.0	39.46455383300781	0.9893778157745123
8328.0	26255.0	5.0	4.0	2.0	4	0	1.0	39.46455383300781	0.9867399465659091
8331.0	26256.0	5.0	4.0	2.0	4	0	1.0	39.46455383300781	0.9867399465659091
8352.0	26258.0	4.0	4.0	2.0	4	0	1.0	39.46455383300781	0.9893778157745123
8342.0	26260.0	4.0	4.0	2.0	4	0	1.0	39.46455383300781	0.9893778157745123
8345.0	26262.0	4.0	4.0	2.0	1	0	1.0	39.46455383300781	0.9893778157745123
8353.0	26264.0	4.0	4.0	2.0	4	0	1.0	39.46455383300781	0.9893778157745123
8323.0	26266.0	5.0	4.0	2.0	4	0	1.0	39.46455383300781	0.9867399465659091
8321.0	26268.0	2.0	4.0	3.0	1,1	0,3	1.0	39.46455383300781	0.9946747286296723
8319.0	26270.0	5.0	4.0	2.0	4	0	1.0	39.46455383300781	0.9867399465659091
8329.0	26272.0	5.0	4.0	2.0	4	0	1.0	39.46455383300781	0.9867399465659091
8295.0	26274.0	2.0	4.0	3.0	4,1	0,5	1.0	39.46455383300781	0.9946747286296723
8350.0	26276.0	4.0	4.0	2.0	4	0	1.0	39.46455383300781	0.9893778157745123
8348.0	26278.0	4.0	4.0	2.0	4	0	1.0	39.46455383300781	0.9893778157745123
7897.0	26288.0	5.0	4.0	2.0	4	0	1.0	39.46455383300781	0.9867399465659091
7909.0	26289.0	3.0	4.0	2.0	4	0	1.0	39.46455383300781	0.9920227368451446
7875.0	26291.0	2.0	4.0	3.0	4,1	0,4	1.0	39.46455383300781	0.9946747286296723
7915.0	26293.0	3.0	4.0	2.0	4	0	1.0	39.46455383300781	0.9920227368451446
7921.0	26295.0	3.0	4.0	2.0	4	0	1.0	39.46455383300781	0.9920227368451446
7916.0	26297.0	3.0	4.0	2.0	4	0	1.0	39.46455383300781	0.9920227368451446
7913.0	26299.0	3.0	4.0	2.0	4	0	1.0	39.46455383300781	0.9920227368451446
7840.0	26301.0	6.0	4.0	4.0	3,3,4	0,18,2	1.0	39.46455383300781	0.9841091104177311
7918.0	26303.0	3.0	4.0	2.0	4	0	1.0	39.46455383300781	0.9920227368451446
7900.0	26305.0	5.0	4.0	2.0	4	0	1.0	39.46455383300781	0.9867399465659091
7895.0	26307.0	5.0	4.0	2.0	4	0	1.0	39.46455383300781	0.9867399465659091
7888.0	26309.0	5.0	4.0	2.0	4	0	1.0	39.46455383300781	0.9867399465659091
7891.0	26311.0	5.0	4.0	2.0	4	0	1.0	39.46455383300781	0.9867399465659091
7893.0	26313.0	5.0	4.0	2.0	4	0	1.0	39.46455383300781	0.9867399465659091
7919.0	26317.0	3.0	4.0	2.0	4	0	1.0	39.46455383300781	0.9920227368451446
7841.0	26319.0	6.0	4.0	4.0	3,3,4	0,18,2	1.0	39.46455383300781	0.9841091104177311
7894.0	26321.0	5.0	4.0	2.0	4	0	1.0	39.46455383300781	0.9867399465659091
7890.0	26323.0	5.0	4.0	2.0	4	0	1.0	39.46455383300781	0.9867399465659091
8359.0	26328.0	3.0	4.0	2.0	1	0	1.0	39.46455383300781	0.9920227368451446
8365.0	26329.0	3.0	4.0	2.0	4	0	1.0	39.46455383300781	0.9920227368451446
8338.0	26331.0	5.0	4.0	2.0	4	0	1.0	39.46455383300781	0.9867399465659091
8364.0	26333.0	3.0	4.0	2.0	4	0	1.0	39.46455383300781	0.9920227368451446
8349.0	26335.0	5.0	4.0	2.0	4	0	1.0	39.46455383300781	0.9867399465659091
8363.0	26337.0	3.0	4.0	2.0	4	0	1.0	39.46455383300781	0.9920227368451446
8337.0	26339.0	5.0	4.0	2.0	4	0	1.0	39.46455383300781	0.9867399465659091
8371.0	26341.0	3.0	4.0	2.0	4	0	1.0	39.46455383300781	0.9920227368451446
8367.0	26343.0	3.0	4.0	2.0	4	0	1.0	39.46455383300781	0.9920227368451446
8341.0	26345.0	5.0	4.0	2.0	4	0	1.0	39.46455383300781	0.9867399465659091
8344.0	26349.0	5.0	2.0	2.0	1	0	1.0	39.46455383300781	0.9867399465659091
8357.0	26351.0	3.0	4.0	2.0	4	0	1.0	39.46455383300781	0.9920227368451446
8335.0	26353.0	5.0	4.0	2.0	4	0	1.0	39.46455383300781	0.9867399465659091
7381.0	26366.0	37.0	4.0	4.0	1,4,4	0,3,10	1.0	39.46455383300781	0.9059412942954581
7408.0	26367.0	25.0	2.0	4.0	4,4,2	0,6,18	1.0	39.464542388916016	0.9354348440429495
363.0	26369.0	5.0	4.0	2.0	4	0	1.0	39.46455383300781	0.9867399465659091
3753.0	26370.0	5.0	4.0	2.0	4	0	1.0	39.46455383300781	0.9867399465659091
7216.0	26371.0	44.0	4.0	5.0	4,4,4,4	0,3,8,5	1.0	39.464542388916016	0.8891680223780019
3739.0	26372.0	6.0	4.0	2.0	4	0	1.0	39.46455383300781	0.9841091104177311
6998.0	26374.0	52.0	4.0	5.0	4,1,4,4	0,12,7,17	1.0	39.46455383300781	0.8703785644817611
353.0	26375.0	6.0	1.0	2.0	1	0	0.0	39.46455383300781	0.9841091104177311
3735.0	26376.0	6.0	4.0	2.0	4	0	1.0	39.46455383300781	0.9841091104177311
3752.0	26377.0	5.0	4.0	2.0	4	0	1.0	39.46455383300781	0.9867399465659091
7086.0	26379.0	48.0	4.0	4.0	4,4,4	0,4,14	1.0	39.46455383300781	0.8797231458039158
7336.0	26380.0	40.0	4.0	4.0	4,4,4	0,3,10	1.0	39.46455383300781	0.8987143621880129
354.0	26381.0	6.0	4.0	2.0	4	0	1.0	39.46455383300781	0.9841091104177311
3518.0	26382.0	29.0	4.0	4.0	4,4,4	0,3,9	1.0	39.46455383300781	0.9254985007112695
364.0	26384.0	5.0	1.0	2.0	1	0	0.0	39.46455383300781	0.9867399465659091
210.0	26386.0	24.0	4.0	4.0	4,4,4	0,3,7	1.0	39.464542388916016	0.9379355591471171
7096.0	26387.0	48.0	4.0	4.0	4,4,4	0,4,14	1.0	39.46455383300781	0.8797231458039158
7295.0	26389.0	42.0	4.0	4.0	1,4,4	0,3,11	1.0	39.46455383300781	0.8939284643249509
7285.0	26390.0	44.0	1.0	4.0	1,4,4	0,5,7	0.0	39.464542388916016	0.8891680223780019
7366.0	26391.0	37.0	4.0	4.0	4,4,4	0,3,11	1.0	39.46455383300781	0.9059412942954581
359.0	26392.0	6.0	4.0	2.0	4	0	1.0	39.46455383300781	0.9841091104177311
7300.0	26394.0	39.0	4.0	4.0	4,4,4	0,4,12	1.0	39.46455383300781	0.9011169110577489
3745.0	26395.0	5.0	4.0	2.0	4	0	1.0	39.46455383300781	0.9867399465659091
365.0	26396.0	5.0	4.0	2.0	4	0	1.0	39.46455383300781	0.9867399465659091
7291.0	26397.0	42.0	4.0	4.0	1,4,4	0,3,11	1.0	39.46455383300781	0.8939284643249509
355.0	26399.0	6.0	4.0	2.0	4	0	1.0	39.46455383300781	0.9841091104177311
7466.0	26400.0	32.0	4.0	4.0	4,4,4	0,3,9	1.0	39.46455383300781	0.9181155556216716
3734.0	26401.0	6.0	4.0	2.0	4	0	1.0	39.46455383300781	0.9841091104177311
368.0	26402.0	5.0	4.0	2.0	4	0	1.0	39.46455383300781	0.9867399465659091
7273.0	26404.0	42.0	4.0	4.0	1,4,4	0,4,11	1.0	39.46455383300781	0.8939284643249509
345.0	26406.0	3.0	4.0	4.0	1,1,1	0,4,2	1.0	39.464542388916016	0.9920227345411162
7229.0	26407.0	42.0	4.0	4.0	1,4,4	0,4,13	1.0	39.46455383300781	0.8939284643249509
163.0	26410.0	26.0	4.0	5.0	1,1,4,4	0,4,2,7	1.0	39.464542388916016	0.9329407963222405
7204.0	26412.0	44.0	4.0	5.0	4,4,4,4	0,3,10,3	1.0	39.46455383300781	0.8891680526667602
3743.0	26414.0	6.0	4.0	2.0	4	0	1.0	39.46455383300781	0.9841091104177311
357.0	26415.0	6.0	4.0	2.0	4	0	1.0	39.46455383300781	0.9841091104177311
7393.0	26416.0	36.0	4.0	4.0	1,4,4	0,3,11	1.0	39.46455383300781	0.9083631630495722
348.0	26417.0	5.0	4.0	3.0	1,2	0,4	1.0	39.46455383300781	0.9867399465659091
7252.0	26419.0	43.0	4.0	4.0	4,4,4	0,3,12	1.0	39.46455383300781	0.8915450812197911
3495.0	26420.0	32.0	4.0	4.0	4,4,4	0,3,9	1.0	39.46455383300781	0.9181155556216716
361.0	26421.0	5.0	4.0	2.0	4	0	1.0	39.46455383300781	0.9867399465659091
7288.0	26422.0	40.0	4.0	4.0	4,4,4	0,4,12	1.0	39.46455383300781	0.8987143621880129
358.0	26424.0	6.0	4.0	2.0	4	0	1.0	39.46455383300781	0.9841091104177311
3749.0	26425.0	5.0	4.0	2.0	4	0	1.0	39.46455383300781	0.9867399465659091
346.0	26426.0	3.0	1.0	4.0	1,1,1	0,4,2	0.0	39.464542388916016	0.9920227345411162
3737.0	26427.0	6.0	4.0	2.0	4	0	1.0	39.46455383300781	0.9841091104177311
3738.0	26429.0	6.0	4.0	2.0	4	0	1.0	39.46455383300781	0.9841091104177311
3744.0	26430.0	5.0	4.0	2.0	4	0	1.0	39.46455383300781	0.9867399465659091
370.0	26431.0	5.0	1.0	2.0	1	0	0.0	39.46455383300781	0.9867399465659091
3740.0	26432.0	6.0	4.0	2.0	4	0	1.0	39.46455383300781	0.9841091104177311
3750.0	26434.0	5.0	4.0	2.0	4	0	1.0	39.46455383300781	0.9867399465659091
369.0	26435.0	5.0	1.0	2.0	1	0	0.0	39.46455383300781	0.9867399465659091
356.0	26436.0	6.0	4.0	2.0	4	0	1.0	39.46455383300781	0.9841091104177311
231.0	26437.0	3.0	1.0	9.0	1,1,1,1,1,1,1,1	0,4,2,2,5,8,4,2	0.0	39.46455383300781	0.9920227368451446
306.0	26439.0	3.0	4.0	4.0	1,2,1	0,11,8	1.0	39.464542388916016	0.9920227345411162
3742.0	26440.0	6.0	4.0	2.0	4	0	1.0	39.46455383300781	0.9841091104177311
3747.0	26441.0	5.0	4.0	2.0	4	0	1.0	39.46455383300781	0.9867399465659091
366.0	26442.0	5.0	4.0	2.0	4	0	1.0	39.46455383300781	0.9867399465659091
309.0	26444.0	3.0	1.0	5.0	1,1,1,1	0,11,5,3	0.0	39.46455383300781	0.9920227368451446
374.0	26445.0	3.0	4.0	2.0	4	0	1.0	39.46455383300781	0.9920227368451446
7060.0	26446.0	49.0	4.0	4.0	4,4,4	0,5,15	1.0	39.464542388916016	0.8773776034931201
378.0	26447.0	3.0	1.0	2.0	1	0	0.0	39.46455383300781	0.9920227368451446
3758.0	26449.0	3.0	4.0	2.0	4	0	1.0	39.46455383300781	0.9920227368451446
373.0	26450.0	3.0	4.0	2.0	4	0	1.0	39.46455383300781	0.9920227368451446
3748.0	26451.0	5.0	4.0	2.0	4	0	1.0	39.46455383300781	0.9867399465659091
291.0	26452.0	17.0	4.0	3.0	4,4	0,6	1.0	39.46455383300781	0.9556287674294172
295.0	26454.0	17.0	4.0	3.0	4,4	0,6	1.0	39.46455383300781	0.9556287674294172
376.0	26456.0	3.0	4.0	2.0	1	0	1.0	39.46455383300781	0.9920227368451446
3751.0	26457.0	5.0	4.0	2.0	4	0	1.0	39.46455383300781	0.9867399465659091
7184.0	26459.0	44.0	4.0	5.0	4,4,4,4	0,3,10,4	1.0	39.46455383300781	0.8891680526667602
362.0	26460.0	5.0	4.0	2.0	1	0	1.0	39.46455383300781	0.9867399465659091
3535.0	26462.0	28.0	4.0	4.0	4,4,4	0,3,9	1.0	39.46455383300781	0.9279726520883685
3755.0	26464.0	3.0	4.0	2.0	4	0	1.0	39.46455383300781	0.9920227368451446
3746.0	26465.0	5.0	4.0	2.0	4	0	1.0	39.46455383300781	0.9867399465659091
3754.0	26466.0	3.0	1.0	2.0	1	0	0.0	39.46455383300781	0.9920227368451446
7207.0	26467.0	30.0	4.0	9.0	1,1,1,1,1,4,4,4	0,5,2,2,2,2,5,12	1.0	39.46455383300781	0.9230309458917554
7314.0	26469.0	41.0	4.0	4.0	4,4,4	0,3,11	1.0	39.46455383300781	0.896318218969975
196.0	26470.0	24.0	4.0	4.0	4,4,4	0,3,8	1.0	39.46455383300781	0.9379355765743806
3760.0	26471.0	3.0	4.0	2.0	4	0	1.0	39.46455383300781	0.9920227368451446
367.0	26472.0	5.0	4.0	2.0	4	0	1.0	39.46455383300781	0.9867399465659091
375.0	26473.0	3.0	4.0	2.0	1	0	1.0	39.46455383300781	0.9920227368451446
7914.0	26482.0	4.0	4.0	2.0	4	0	1.0	39.46455383300781	0.9893778157745123
7924.0	26483.0	4.0	4.0	2.0	4	0	1.0	39.46455383300781	0.9893778157745123
7908.0	26485.0	4.0	4.0	2.0	4	0	1.0	39.46455383300781	0.9893778157745123
7920.0	26487.0	4.0	4.0	2.0	4	0	1.0	39.46455383300781	0.9893778157745123
7939.0	26489.0	3.0	4.0	2.0	4	0	1.0	39.46455383300781	0.9920227368451446
7922.0	26491.0	4.0	4.0	2.0	4	0	1.0	39.46455383300781	0.9893778157745123
7906.0	26493.0	4.0	4.0	2.0	4	0	1.0	39.46455383300781	0.9893778157745123
7926.0	26495.0	3.0	4.0	2.0	4	0	1.0	39.46455383300781	0.9920227368451446
7928.0	26497.0	3.0	4.0	2.0	4	0	1.0	39.46455383300781	0.9920227368451446
7911.0	26499.0	4.0	4.0	2.0	4	0	1.0	39.46455383300781	0.9893778157745123
7938.0	26501.0	3.0	4.0	2.0	4	0	1.0	39.46455383300781	0.9920227368451446
8372.0	26517.0	4.0	4.0	2.0	4	0	1.0	39.46455383300781	0.9893778157745123
8378.0	26519.0	3.0	4.0	2.0	4	0	1.0	39.46455383300781	0.9920227368451446
8381.0	26521.0	3.0	4.0	2.0	4	0	1.0	39.46455383300781	0.9920227368451446
8366.0	26523.0	4.0	4.0	2.0	4	0	1.0	39.46455383300781	0.9893778157745123
8358.0	26525.0	4.0	1.0	2.0	4	0	0.0	39.46455383300781	0.9893778157745123
8361.0	26527.0	4.0	4.0	2.0	4	0	1.0	39.46455383300781	0.9893778157745123
8391.0	26529.0	3.0	4.0	2.0	4	0	1.0	39.46455383300781	0.9920227368451446
8385.0	26531.0	3.0	4.0	2.0	4	0	1.0	39.46455383300781	0.9920227368451446
8375.0	26533.0	3.0	4.0	2.0	1	0	1.0	39.46455383300781	0.9920227368451446
8388.0	26537.0	3.0	4.0	2.0	4	0	1.0	39.46455383300781	0.9920227368451446
3681.0	26551.0	18.0	4.0	3.0	4,4	0,6	1.0	39.46455383300781	0.9530808795949964
372.0	26553.0	4.0	4.0	2.0	4	0	1.0	39.46455383300781	0.9893778157745123
3762.0	26555.0	4.0	4.0	2.0	4	0	1.0	39.46455383300781	0.9893778157745123
7171.0	26557.0	45.0	2.0	6.0	1,1,4,4,4	0,3,2,6,7	1.0	39.46455383300781	0.886797361723415
6990.0	26559.0	58.0	4.0	4.0	4,3,4	0,14,19	1.0	39.464542388916016	0.8565474363574709
6951.0	26561.0	63.0	4.0	5.0	3,4,3,4	0,1,10,18	1.0	39.464542388916016	0.8451895683108703
3510.0	26563.0	31.0	4.0	4.0	4,4,4	0,3,9	1.0	39.46455383300781	0.9205699700421506
7322.0	26565.0	40.0	4.0	4.0	4,4,4	0,3,11	1.0	39.46455383300781	0.8987143621880129
6983.0	26567.0	23.0	4.0	10.0	1,4,4,1,1,4,1,4,4	0,3,11,34,2,2,7,2,7	1.0	39.46455383300781	0.9404429762045564
377.0	26569.0	4.0	1.0	2.0	1	0	0.0	39.46455383300781	0.9893778157745123
205.0	26571.0	25.0	1.0	4.0	4,4,4	0,3,7	0.0	39.464542388916016	0.9354348440429495
7091.0	26575.0	49.0	4.0	4.0	1,4,4	0,4,14	1.0	39.46455383300781	0.8773776367765125
3594.0	26577.0	12.0	2.0	4.0	1,4,2	0,3,18	1.0	39.46455383300781	0.9684707412071779
379.0	26579.0	4.0	4.0	2.0	1	0	1.0	39.46455383300781	0.9893778157745123
7955.0	26589.0	3.0	4.0	2.0	4	0	1.0	39.46455383300781	0.9920227368451446
7923.0	26590.0	5.0	4.0	2.0	4	0	1.0	39.46455383300781	0.9867399465659091
7943.0	26592.0	4.0	4.0	2.0	4	0	1.0	39.46455383300781	0.9893778157745123
7925.0	26594.0	5.0	4.0	2.0	4	0	1.0	39.46455383300781	0.9867399465659091
7947.0	26596.0	3.0	4.0	2.0	4	0	1.0	39.46455383300781	0.9920227368451446
7954.0	26598.0	3.0	4.0	2.0	4	0	1.0	39.46455383300781	0.9920227368451446
7952.0	26600.0	3.0	4.0	2.0	4	0	1.0	39.46455383300781	0.9920227368451446
7940.0	26602.0	4.0	4.0	2.0	4	0	1.0	39.46455383300781	0.9893778157745123
7945.0	26604.0	4.0	4.0	2.0	4	0	1.0	39.46455383300781	0.9893778157745123
7907.0	26606.0	5.0	4.0	2.0	4	0	1.0	39.46455383300781	0.9867399465659091
7936.0	26608.0	4.0	4.0	2.0	4	0	1.0	39.46455383300781	0.9893778157745123
7861.0	26610.0	7.0	4.0	3.0	4,4	0,3	1.0	39.46455383300781	0.981485288578503
7944.0	26612.0	4.0	4.0	2.0	4	0	1.0	39.46455383300781	0.9893778157745123
7948.0	26614.0	3.0	4.0	2.0	4	0	1.0	39.46455383300781	0.9920227368451446
7930.0	26616.0	4.0	4.0	2.0	4	0	1.0	39.46455383300781	0.9893778157745123
7910.0	26618.0	5.0	1.0	2.0	4	0	0.0	39.46455383300781	0.9867399465659091
7912.0	26620.0	5.0	4.0	2.0	4	0	1.0	39.46455383300781	0.9867399465659091
7950.0	26622.0	3.0	4.0	2.0	4	0	1.0	39.46455383300781	0.9920227368451446
7942.0	26624.0	4.0	4.0	2.0	4	0	1.0	39.46455383300781	0.9893778157745123
7949.0	26626.0	3.0	4.0	2.0	4	0	1.0	39.46455383300781	0.9920227368451446
7946.0	26628.0	3.0	4.0	2.0	2	0	1.0	39.46455383300781	0.9920227368451446
7917.0	26630.0	5.0	4.0	2.0	4	0	1.0	39.46455383300781	0.9867399465659091
8409.0	26634.0	3.0	4.0	2.0	4	0	1.0	39.46455383300781	0.9920227368451446
8398.0	26636.0	3.0	4.0	2.0	4	0	1.0	39.46455383300781	0.9920227368451446
8362.0	26638.0	5.0	4.0	2.0	1	0	1.0	39.46455383300781	0.9867399465659091
8383.0	26640.0	4.0	4.0	2.0	4	0	1.0	39.46455383300781	0.9893778157745123
8368.0	26642.0	5.0	4.0	2.0	4	0	1.0	39.46455383300781	0.9867399465659091
8397.0	26644.0	3.0	4.0	2.0	4	0	1.0	39.46455383300781	0.9920227368451446
8401.0	26648.0	3.0	4.0	2.0	4	0	1.0	39.46455383300781	0.9920227368451446
8310.0	26650.0	7.0	4.0	3.0	4,4	0,3	1.0	39.46455383300781	0.981485288578503
8414.0	26652.0	3.0	4.0	2.0	4	0	1.0	39.46455383300781	0.9920227368451446
8369.0	26654.0	5.0	4.0	2.0	4	0	1.0	39.46455383300781	0.9867399465659091
8355.0	26656.0	5.0	4.0	2.0	4	0	1.0	39.46455383300781	0.9867399465659091
8370.0	26658.0	5.0	4.0	2.0	4	0	1.0	39.46455383300781	0.9867399465659091
8387.0	26660.0	4.0	4.0	2.0	4	0	1.0	39.46455383300781	0.9893778157745123
8373.0	26664.0	5.0	4.0	2.0	4	0	1.0	39.46455383300781	0.9867399465659091
8395.0	26666.0	3.0	4.0	2.0	4	0	1.0	39.46455383300781	0.9920227368451446
8360.0	26668.0	5.0	4.0	2.0	4	0	1.0	39.46455383300781	0.9867399465659091
8291.0	26670.0	7.0	4.0	3.0	3,4	0,3	1.0	39.46455383300781	0.981485288578503
8374.0	26672.0	5.0	4.0	2.0	4	0	1.0	39.46455383300781	0.9867399465659091
8393.0	26674.0	4.0	4.0	2.0	4	0	1.0	39.46455383300781	0.9893778157745123
8356.0	26676.0	5.0	1.0	2.0	1	0	0.0	39.46455383300781	0.9867399465659091
3660.0	26678.0	12.0	4.0	5.0	1,1,2,3	0,3,5,8	1.0	39.46455383300781	0.9684707412071779
347.0	26679.0	6.0	4.0	4.0	4,1,4	0,4,2	1.0	39.46455383300781	0.9841091104177311
179.0	26680.0	6.0	4.0	6.0	4,4,1,1,4	0,5,23,4,2	1.0	39.46455383300781	0.9841091104177311
378.0	26682.0	3.0	1.0	3.0	1,1	0,3	0.0	39.46455383300781	0.9920227368451446
332.0	26683.0	6.0	1.0	4.0	1,1,4	0,6,2	0.0	39.46455383300781	0.9841091104177311
296.0	26685.0	20.0	2.0	3.0	4,4	0,6	1.0	39.46455383300781	0.9480054652732826
309.0	26686.0	3.0	4.0	6.0	1,1,1,1,1	0,11,5,3,3	1.0	39.46455383300781	0.9920227368451446
364.0	26688.0	3.0	1.0	3.0	1,1	0,5	0.0	39.46455383300781	0.9920227368451446
3756.0	26689.0	6.0	4.0	2.0	4	0	1.0	39.46455383300781	0.9841091104177311
3757.0	26691.0	6.0	4.0	2.0	4	0	1.0	39.46455383300781	0.9841091104177311
371.0	26692.0	6.0	1.0	2.0	1	0	0.0	39.46455383300781	0.9841091104177311
7462.0	26694.0	34.0	4.0	4.0	4,4,4	0,3,10	1.0	39.46455383300781	0.913226341138667
3731.0	26695.0	6.0	4.0	4.0	4,1,4	0,4,2	1.0	39.46455383300781	0.9841091104177311
3763.0	26697.0	6.0	4.0	2.0	4	0	1.0	39.46455383300781	0.9841091104177311
3516.0	26698.0	31.0	4.0	4.0	4,4,4	0,3,10	1.0	39.46455383300781	0.9205699700421506
7245.0	26700.0	8.0	4.0	14.0	1,1,4,1,4,1,1,1,1,4,4,1,4	0,5,2,7,2,6,2,2,2,2,5,14,4	1.0	39.46455383300781	0.9788684623467448
7064.0	26701.0	53.0	4.0	4.0	4,4,4	0,4,15	1.0	39.46455383300781	0.8680579698833494
335.0	26703.0	6.0	4.0	4.0	1,1,4	0,6,2	1.0	39.46455383300781	0.9841091104177311
7345.0	26704.0	20.0	1.0	8.0	1,1,4,1,4,1,4	0,5,4,12,2,6,6	0.0	39.46455383300781	0.9480054652732826
370.0	26706.0	3.0	4.0	3.0	1,1	0,5	1.0	39.46455383300781	0.9920227368451446
7285.0	26707.0	3.0	4.0	5.0	1,4,4,1	0,5,7,44	1.0	39.46455383300781	0.9920227368451446
6975.0	26709.0	29.0	4.0	7.0	4,4,4,1,4,4	0,3,12,41,2,7	1.0	39.46455383300781	0.9254985007112695
3759.0	26710.0	6.0	4.0	2.0	4	0	1.0	39.46455383300781	0.9841091104177311
3667.0	26712.0	20.0	4.0	3.0	4,4	0,7	1.0	39.46455383300781	0.9480054652732826
353.0	26713.0	3.0	4.0	3.0	1,1	0,6	1.0	39.46455383300781	0.9920227368451446
369.0	26715.0	3.0	4.0	3.0	1,1	0,5	1.0	39.46455383300781	0.9920227368451446
346.0	26716.0	3.0	4.0	5.0	1,1,1,1	0,4,2,3	1.0	39.46455383300781	0.9920227368451446
384.0	26718.0	3.0	4.0	2.0	4	0	1.0	39.46455383300781	0.9920227368451446
3769.0	26719.0	3.0	4.0	2.0	4	0	1.0	39.46455383300781	0.9920227368451446
381.0	26721.0	3.0	1.0	2.0	1	0	0.0	39.46455383300781	0.9920227368451446
3770.0	26724.0	3.0	4.0	2.0	4	0	1.0	39.46455383300781	0.9920227368451446
383.0	26725.0	3.0	4.0	2.0	4	0	1.0	39.46455383300781	0.9920227368451446
7282.0	26727.0	42.0	4.0	4.0	4,4,4	0,4,13	1.0	39.46455383300781	0.8939284643249509
277.0	26728.0	8.0	4.0	6.0	1,1,1,1,4	0,3,7,6,4	1.0	39.46455383300781	0.9788684623467448
3761.0	26729.0	6.0	1.0	2.0	1	0	0.0	39.46455383300781	0.9841091104177311
380.0	26730.0	6.0	4.0	2.0	4	0	1.0	39.46455383300781	0.9841091104177311
3754.0	26731.0	3.0	4.0	3.0	1,1	0,3	1.0	39.46455383300781	0.9920227368451446
388.0	26732.0	3.0	4.0	2.0	4	0	1.0	39.46455383300781	0.9920227368451446
3669.0	26734.0	20.0	4.0	3.0	4,4	0,7	1.0	39.46455383300781	0.9480054652732826
272.0	26735.0	8.0	2.0	6.0	1,1,1,1,4	0,3,7,6,4	1.0	39.46455383300781	0.9788684623467448
205.0	26736.0	2.0	4.0	5.0	4,4,4,1	0,3,7,25	1.0	39.464542388916016	0.9946747270895472
7264.0	26737.0	44.0	4.0	4.0	4,4,4	0,4,12	1.0	39.46455383300781	0.8891680526667602
6864.0	26739.0	6.0	4.0	10.0	2,2,1,1,1,4,4,1,4	0,1,1889,4,2,2,5,18,2	1.0	39.46455383300781	0.9841091104177311
113.0	26740.0	33.0	4.0	4.0	4,4,4	0,3,11	1.0	39.46455383300781	0.9156676851363017
7470.0	26742.0	35.0	4.0	4.0	4,4,4	0,3,9	1.0	39.46455383300781	0.9107915062279112
297.0	26743.0	20.0	4.0	3.0	4,4	0,6	1.0	39.46455383300781	0.9480054652732826
3765.0	26744.0	3.0	4.0	2.0	4	0	1.0	39.46455383300781	0.9920227368451446
3523.0	26746.0	31.0	4.0	4.0	4,4,4	0,3,10	1.0	39.46455383300781	0.9205699700421506
7469.0	26747.0	35.0	4.0	4.0	4,4,4	0,3,9	1.0	39.46455383300781	0.9107915062279112
7980.0	26757.0	3.0	4.0	2.0	4	0	1.0	39.46455383300781	0.9920227368451446
7852.0	26758.0	6.0	1.0	4.0	4,1,1	0,3,2	0.0	39.464542388916016	0.9841091058464339
7941.0	26760.0	5.0	4.0	2.0	1	0	1.0	39.46455383300781	0.9867399465659091
7933.0	26762.0	5.0	4.0	2.0	4	0	1.0	39.46455383300781	0.9867399465659091
7927.0	26764.0	5.0	3.0	2.0	4	0	1.0	39.46455383300781	0.9867399465659091
7934.0	26766.0	5.0	4.0	2.0	4	0	1.0	39.46455383300781	0.9867399465659091
7931.0	26770.0	5.0	4.0	2.0	4	0	1.0	39.46455383300781	0.9867399465659091
7937.0	26772.0	5.0	4.0	2.0	4	0	1.0	39.46455383300781	0.9867399465659091
7929.0	26774.0	5.0	4.0	2.0	4	0	1.0	39.46455383300781	0.9867399465659091
7932.0	26776.0	5.0	4.0	2.0	4	0	1.0	39.46455383300781	0.9867399465659091
7965.0	26780.0	4.0	4.0	2.0	4	0	1.0	39.46455383300781	0.9893778157745123
7935.0	26782.0	5.0	4.0	2.0	4	0	1.0	39.46455383300781	0.9867399465659091
7951.0	26784.0	4.0	4.0	2.0	4	0	1.0	39.46455383300781	0.9893778157745123
7964.0	26786.0	4.0	4.0	2.0	4	0	1.0	39.46455383300781	0.9893778157745123
7966.0	26788.0	3.0	4.0	2.0	4	0	1.0	39.46455383300781	0.9920227368451446
7959.0	26790.0	4.0	4.0	2.0	4	0	1.0	39.46455383300781	0.9893778157745123
7956.0	26794.0	4.0	4.0	2.0	4	0	1.0	39.46455383300781	0.9893778157745123
8358.0	26804.0	2.0	1.0	3.0	4,1	0,4	0.0	39.46455383300781	0.9946747286296723
8412.0	26806.0	4.0	4.0	2.0	4	0	1.0	39.46455383300781	0.9893778157745123
8386.0	26808.0	5.0	4.0	2.0	4	0	1.0	39.46455383300781	0.9867399465659091
8377.0	26810.0	5.0	4.0	2.0	4	0	1.0	39.46455383300781	0.9867399465659091
8399.0	26812.0	4.0	4.0	2.0	4	0	1.0	39.46455383300781	0.9893778157745123
8392.0	26814.0	5.0	4.0	2.0	4	0	1.0	39.46455383300781	0.9867399465659091
8389.0	26816.0	5.0	4.0	2.0	4	0	1.0	39.46455383300781	0.9867399465659091
8408.0	26818.0	4.0	4.0	2.0	4	0	1.0	39.46455383300781	0.9893778157745123
8384.0	26820.0	5.0	4.0	2.0	2	0	1.0	39.46455383300781	0.9867399465659091
8423.0	26822.0	3.0	4.0	2.0	4	0	1.0	39.46455383300781	0.9920227368451446
8394.0	26824.0	5.0	4.0	2.0	4	0	1.0	39.46455383300781	0.9867399465659091
8380.0	26826.0	5.0	4.0	2.0	4	0	1.0	39.46455383300781	0.9867399465659091
8379.0	26828.0	5.0	2.0	2.0	4	0	1.0	39.46455383300781	0.9867399465659091
8416.0	26830.0	3.0	4.0	2.0	4	0	1.0	39.46455383300781	0.9920227368451446
8407.0	26832.0	4.0	4.0	2.0	4	0	1.0	39.46455383300781	0.9893778157745123
8297.0	26834.0	8.0	4.0	3.0	1,4	0,3	1.0	39.46455383300781	0.9788684623467448
8406.0	26836.0	4.0	4.0	2.0	4	0	1.0	39.46455383300781	0.9893778157745123
8411.0	26838.0	4.0	4.0	2.0	4	0	1.0	39.46455383300781	0.9893778157745123
8396.0	26842.0	4.0	4.0	2.0	4	0	1.0	39.46455383300781	0.9893778157745123
8376.0	26846.0	5.0	4.0	2.0	4	0	1.0	39.46455383300781	0.9867399465659091
8382.0	26847.0	5.0	4.0	2.0	4	0	1.0	39.46455383300781	0.9867399465659091
8413.0	26848.0	4.0	4.0	2.0	4	0	1.0	39.46455383300781	0.9893778157745123
8390.0	26849.0	5.0	1.0	2.0	4	0	0.0	39.46455383300781	0.9867399465659091
8428.0	26850.0	3.0	4.0	2.0	4	0	1.0	39.46455383300781	0.9920227368451446
7971.0	26853.0	4.0	4.0	2.0	4	0	1.0	39.46455383300781	0.9893778157745123
7984.0	26854.0	4.0	4.0	2.0	4	0	1.0	39.46455383300781	0.9893778157745123
7910.0	26856.0	2.0	4.0	3.0	4,1	0,5	1.0	39.46455383300781	0.9946747286296723
7979.0	26858.0	4.0	4.0	2.0	4	0	1.0	39.46455383300781	0.9893778157745123
7871.0	26860.0	7.0	4.0	3.0	4,4	0,3	1.0	39.46455383300781	0.981485288578503
7991.0	26862.0	3.0	4.0	2.0	4	0	1.0	39.46455383300781	0.9920227368451446
7978.0	26864.0	4.0	4.0	2.0	4	0	1.0	39.46455383300781	0.9893778157745123
7963.0	26866.0	5.0	1.0	2.0	1	0	0.0	39.46455383300781	0.9867399465659091
7994.0	26870.0	3.0	4.0	2.0	4	0	1.0	39.46455383300781	0.9920227368451446
7857.0	26872.0	9.0	4.0	3.0	4,4	0,3	1.0	39.46455383300781	0.9762586130708382
7998.0	26874.0	3.0	4.0	2.0	4	0	1.0	39.46455383300781	0.9920227368451446
7957.0	26876.0	5.0	4.0	2.0	1	0	1.0	39.46455383300781	0.9867399465659091
7882.0	26878.0	7.0	4.0	3.0	4,4	0,3	1.0	39.46455383300781	0.981485288578503
7977.0	26880.0	4.0	4.0	2.0	4	0	1.0	39.46455383300781	0.9893778157745123
7960.0	26882.0	5.0	4.0	2.0	4	0	1.0	39.46455383300781	0.9867399465659091
7961.0	26884.0	5.0	4.0	2.0	2	0	1.0	39.46455383300781	0.9867399465659091
7999.0	26886.0	3.0	4.0	2.0	4	0	1.0	39.46455383300781	0.9920227368451446
7982.0	26888.0	4.0	4.0	2.0	4	0	1.0	39.46455383300781	0.9893778157745123
7970.0	26890.0	4.0	4.0	2.0	4	0	1.0	39.46455383300781	0.9893778157745123
7873.0	26892.0	7.0	1.0	3.0	4,1	0,3	0.0	39.46455383300781	0.981485288578503
7975.0	26894.0	4.0	4.0	2.0	4	0	1.0	39.46455383300781	0.9893778157745123
7958.0	26896.0	5.0	4.0	2.0	4	0	1.0	39.46455383300781	0.9867399465659091
7953.0	26898.0	5.0	4.0	2.0	4	0	1.0	39.46455383300781	0.9867399465659091
8005.0	26900.0	3.0	4.0	2.0	4	0	1.0	39.46455383300781	0.9920227368451446
7846.0	26901.0	9.0	4.0	3.0	4,4	0,3	1.0	39.46455383300781	0.9762586130708382
7973.0	26902.0	4.0	4.0	2.0	1	0	1.0	39.46455383300781	0.9893778157745123
7985.0	26903.0	4.0	4.0	2.0	4	0	1.0	39.46455383300781	0.9893778157745123
7962.0	26904.0	5.0	4.0	2.0	4	0	1.0	39.46455383300781	0.9867399465659091
7997.0	26905.0	3.0	4.0	2.0	4	0	1.0	39.46455383300781	0.9920227368451446
8450.0	26909.0	3.0	4.0	2.0	4	0	1.0	39.46455383300781	0.9920227368451446
8442.0	26910.0	3.0	4.0	2.0	4	0	1.0	39.46455383300781	0.9920227368451446
8400.0	26912.0	5.0	4.0	2.0	4	0	1.0	39.46455383300781	0.9867399465659091
8426.0	26914.0	4.0	4.0	2.0	1	0	1.0	39.46455383300781	0.9893778157745123
8422.0	26916.0	4.0	4.0	2.0	4	0	1.0	39.46455383300781	0.9893778157745123
8410.0	26918.0	5.0	2.0	2.0	4	0	1.0	39.46455383300781	0.9867399465659091
8454.0	26920.0	3.0	4.0	2.0	4	0	1.0	39.46455383300781	0.9920227368451446
8449.0	26922.0	3.0	1.0	2.0	4	0	0.0	39.46455383300781	0.9920227368451446
8425.0	26926.0	4.0	4.0	2.0	4	0	1.0	39.46455383300781	0.9893778157745123
8421.0	26928.0	4.0	4.0	2.0	4	0	1.0	39.46455383300781	0.9893778157745123
8295.0	26930.0	5.0	4.0	4.0	4,1,4	0,5,2	1.0	39.46455383300781	0.9867399465659091
8415.0	26932.0	4.0	4.0	2.0	4	0	1.0	39.46455383300781	0.9893778157745123
8405.0	26934.0	5.0	4.0	2.0	4	0	1.0	39.46455383300781	0.9867399465659091
8403.0	26936.0	5.0	4.0	2.0	4	0	1.0	39.46455383300781	0.9867399465659091
8446.0	26940.0	3.0	4.0	2.0	4	0	1.0	39.46455383300781	0.9920227368451446
8321.0	26942.0	5.0	4.0	4.0	1,1,4	0,3,2	1.0	39.46455383300781	0.9867399465659091
8404.0	26944.0	5.0	4.0	2.0	4	0	1.0	39.46455383300781	0.9867399465659091
8448.0	26948.0	3.0	4.0	2.0	4	0	1.0	39.46455383300781	0.9920227368451446
8427.0	26952.0	4.0	4.0	2.0	4	0	1.0	39.46455383300781	0.9893778157745123
8356.0	26958.0	2.0	1.0	3.0	1,1	0,5	0.0	39.46455383300781	0.9946747286296723
8424.0	26960.0	4.0	4.0	2.0	1	0	1.0	39.46455383300781	0.9893778157745123
8402.0	26962.0	5.0	4.0	2.0	4	0	1.0	39.46455383300781	0.9867399465659091
304.0	26971.0	19.0	4.0	3.0	4,4	0,7	1.0	39.46455383300781	0.9505397849135637
390.0	26972.0	4.0	4.0	2.0	4	0	1.0	39.46455383300781	0.9893778157745123
382.0	26974.0	4.0	1.0	2.0	1	0	0.0	39.46455383300781	0.9893778157745123
300.0	26976.0	21.0	4.0	3.0	4,4	0,6	1.0	39.46455383300781	0.9454779026106062
308.0	26979.0	19.0	4.0	3.0	1,4	0,7	1.0	39.46455383300781	0.9505397849135637
3766.0	26983.0	4.0	4.0	2.0	4	0	1.0	39.46455383300781	0.9893778157745123
386.0	26985.0	4.0	1.0	2.0	1	0	0.0	39.46455383300781	0.9893778157745123
3781.0	26987.0	3.0	4.0	2.0	4	0	1.0	39.46455383300781	0.9920227368451446
3783.0	26989.0	3.0	4.0	2.0	4	0	1.0	39.46455383300781	0.9920227368451446
385.0	26991.0	4.0	4.0	2.0	1	0	1.0	39.46455383300781	0.9893778157745123
7213.0	26993.0	46.0	4.0	4.0	1,4,4	0,4,14	1.0	39.46455383300781	0.884432991492484
3773.0	26995.0	4.0	4.0	2.0	4	0	1.0	39.46455383300781	0.9893778157745123
393.0	26997.0	3.0	4.0	2.0	4	0	1.0	39.46455383300781	0.9920227368451446
391.0	26999.0	3.0	4.0	2.0	4	0	1.0	39.46455383300781	0.9920227368451446
7201.0	27001.0	46.0	4.0	4.0	1,4,4	0,4,14	1.0	39.46455383300781	0.884432991492484
7228.0	27003.0	47.0	4.0	4.0	4,4,4	0,3,13	1.0	39.46455383300781	0.8820749251217471
397.0	27005.0	3.0	4.0	2.0	4	0	1.0	39.46455383300781	0.9920227368451446
287.0	27009.0	21.0	4.0	3.0	4,4	0,7	1.0	39.46455383300781	0.9454779026106062
3772.0	27011.0	4.0	4.0	2.0	4	0	1.0	39.46455383300781	0.9893778157745123
3764.0	27013.0	4.0	2.0	2.0	4	0	1.0	39.46455383300781	0.9893778157745123
3673.0	27015.0	9.0	4.0	4.0	4,2,2	0,9,10	1.0	39.464542388916016	0.9762586062685921
7173.0	27017.0	48.0	4.0	5.0	1,4,1,4	0,4,11,3	1.0	39.464542388916016	0.8797231131126152
181.0	27019.0	30.0	4.0	4.0	1,4,4	0,3,8	1.0	39.46455383300781	0.9230309458917554
7465.0	27020.0	35.0	4.0	4.0	4,4,4	0,3,10	1.0	39.46455383300781	0.9107915062279112
400.0	27021.0	3.0	4.0	2.0	1	0	1.0	39.46455383300781	0.9920227368451446
8464.0	27024.0	3.0	4.0	2.0	1	0	1.0	39.46455383300781	0.9920227368451446
8465.0	27025.0	3.0	4.0	2.0	4	0	1.0	39.46455383300781	0.9920227368451446
8462.0	27027.0	3.0	4.0	2.0	4	0	1.0	39.46455383300781	0.9920227368451446
8294.0	27029.0	10.0	4.0	3.0	3,4	0,3	1.0	39.46455383300781	0.9736557221488931
8419.0	27031.0	5.0	4.0	2.0	4	0	1.0	39.46455383300781	0.9867399465659091
8460.0	27033.0	3.0	4.0	2.0	4	0	1.0	39.46455383300781	0.9920227368451446
8443.0	27035.0	4.0	4.0	2.0	4	0	1.0	39.46455383300781	0.9893778157745123
8468.0	27037.0	3.0	4.0	2.0	1	0	1.0	39.46455383300781	0.9920227368451446
8418.0	27039.0	5.0	1.0	2.0	1	0	0.0	39.46455383300781	0.9867399465659091
8351.0	27043.0	7.0	4.0	3.0	4,4	0,3	1.0	39.46455383300781	0.981485288578503
8358.0	27045.0	2.0	4.0	4.0	4,1,1	0,4,2	1.0	39.464542388916016	0.9946747270895472
8451.0	27049.0	4.0	4.0	2.0	4	0	1.0	39.46455383300781	0.9893778157745123
8453.0	27051.0	4.0	4.0	2.0	4	0	1.0	39.46455383300781	0.9893778157745123
8447.0	27055.0	4.0	1.0	2.0	4	0	0.0	39.46455383300781	0.9893778157745123
8455.0	27059.0	3.0	4.0	2.0	1	0	1.0	39.46455383300781	0.9920227368451446
8420.0	27061.0	5.0	1.0	2.0	4	0	0.0	39.46455383300781	0.9867399465659091
8470.0	27065.0	3.0	1.0	2.0	1	0	0.0	39.46455383300781	0.9920227368451446
8467.0	27067.0	3.0	4.0	2.0	4	0	1.0	39.46455383300781	0.9920227368451446
8430.0	27069.0	5.0	4.0	2.0	4	0	1.0	39.46455383300781	0.9867399465659091
8439.0	27073.0	4.0	1.0	2.0	1	0	0.0	39.46455383300781	0.9893778157745123
8459.0	27074.0	3.0	4.0	2.0	4	0	1.0	39.46455383300781	0.9920227368451446
8314.0	27075.0	10.0	4.0	3.0	4,4	0,3	1.0	39.46455383300781	0.9736557221488931
8432.0	27079.0	5.0	4.0	2.0	4	0	1.0	39.46455383300781	0.9867399465659091
8436.0	27080.0	4.0	4.0	2.0	4	0	1.0	39.46455383300781	0.9893778157745123
8301.0	27081.0	10.0	4.0	3.0	4,4	0,3	1.0	39.46455383300781	0.9736557221488931
8463.0	27082.0	3.0	4.0	2.0	4	0	1.0	39.46455383300781	0.9920227368451446
8390.0	27083.0	2.0	4.0	3.0	4,1	0,5	1.0	39.46455383300781	0.9946747286296723
8431.0	27084.0	5.0	4.0	2.0	4	0	1.0	39.46455383300781	0.9867399465659091
8429.0	27085.0	5.0	4.0	2.0	4	0	1.0	39.46455383300781	0.9867399465659091
8433.0	27086.0	5.0	4.0	2.0	4	0	1.0	39.46455383300781	0.9867399465659091
8434.0	27087.0	5.0	4.0	2.0	4	0	1.0	39.46455383300781	0.9867399465659091
8417.0	27088.0	5.0	4.0	2.0	1	0	1.0	39.46455383300781	0.9867399465659091
8452.0	27089.0	4.0	4.0	2.0	4	0	1.0	39.46455383300781	0.9893778157745123
7974.0	27095.0	5.0	4.0	2.0	4	0	1.0	39.46455383300781	0.9867399465659091
8008.0	27097.0	3.0	4.0	2.0	4	0	1.0	39.46455383300781	0.9920227368451446
7967.0	27099.0	5.0	4.0	2.0	4	0	1.0	39.46455383300781	0.9867399465659091
7856.0	27101.0	10.0	4.0	3.0	4,4	0,3	1.0	39.46455383300781	0.9736557221488931
7972.0	27103.0	5.0	4.0	2.0	4	0	1.0	39.46455383300781	0.9867399465659091
7845.0	27105.0	10.0	4.0	3.0	3,4	0,3	1.0	39.46455383300781	0.9736557221488931
7976.0	27107.0	5.0	4.0	2.0	4	0	1.0	39.46455383300781	0.9867399465659091
8000.0	27109.0	4.0	4.0	2.0	4	0	1.0	39.46455383300781	0.9893778157745123
7969.0	27111.0	5.0	4.0	2.0	4	0	1.0	39.46455383300781	0.9867399465659091
7990.0	27113.0	4.0	4.0	2.0	1	0	1.0	39.46455383300781	0.9893778157745123
8011.0	27115.0	3.0	4.0	2.0	4	0	1.0	39.46455383300781	0.9920227368451446
7983.0	27117.0	5.0	1.0	2.0	4	0	0.0	39.46455383300781	0.9867399465659091
8199.0	27119.0	3.0	4.0	2.0	4	0	1.0	39.46455383300781	0.9920227368451446
7854.0	27121.0	8.0	4.0	3.0	4,4	0,5	1.0	39.46455383300781	0.9788684623467448
7981.0	27123.0	5.0	1.0	2.0	1	0	0.0	39.46455383300781	0.9867399465659091
8200.0	27125.0	3.0	4.0	2.0	4	0	1.0	39.46455383300781	0.9920227368451446
7875.0	27127.0	5.0	4.0	4.0	4,1,4	0,4,2	1.0	39.46455383300781	0.9867399465659091
8002.0	27129.0	4.0	4.0	2.0	4	0	1.0	39.46455383300781	0.9893778157745123
7987.0	27131.0	4.0	4.0	2.0	4	0	1.0	39.46455383300781	0.9893778157745123
7992.0	27133.0	4.0	1.0	2.0	1	0	0.0	39.46455383300781	0.9893778157745123
8192.0	27135.0	3.0	4.0	2.0	4	0	1.0	39.46455383300781	0.9920227368451446
7878.0	27137.0	8.0	4.0	3.0	4,4	0,3	1.0	39.46455383300781	0.9788684623467448
7995.0	27138.0	4.0	4.0	2.0	4	0	1.0	39.46455383300781	0.9893778157745123
7859.0	27139.0	10.0	4.0	3.0	4,4	0,3	1.0	39.46455383300781	0.9736557221488931
8004.0	27140.0	4.0	4.0	2.0	4	0	1.0	39.46455383300781	0.9893778157745123
7905.0	27141.0	7.0	4.0	3.0	4,4	0,3	1.0	39.46455383300781	0.981485288578503
7968.0	27142.0	5.0	4.0	2.0	4	0	1.0	39.46455383300781	0.9867399465659091
7852.0	27143.0	2.0	4.0	5.0	4,1,1,1	0,3,2,6	1.0	39.46455383300781	0.9946747286296723
162.0	27151.0	31.0	4.0	4.0	4,4,4	0,3,10	1.0	39.46455383300781	0.9205699700421506
7359.0	27152.0	37.0	4.0	5.0	1,1,4,4	0,4,4,11	1.0	39.464542388916016	0.9059412683448986
364.0	27153.0	2.0	4.0	4.0	1,1,1	0,5,3	1.0	39.464542388916016	0.9946747270895472
3777.0	27155.0	4.0	4.0	2.0	4	0	1.0	39.46455383300781	0.9893778157745123
3741.0	27156.0	8.0	4.0	3.0	4,4	0,3	1.0	39.46455383300781	0.9788684623467448
3589.0	27158.0	27.0	4.0	4.0	4,4,4	0,3,9	1.0	39.46455383300781	0.9304534176577458
392.0	27159.0	4.0	4.0	2.0	4	0	1.0	39.46455383300781	0.9893778157745123
7323.0	27161.0	14.0	4.0	10.0	1,1,1,1,1,4,4,1,4	0,5,4,2,2,2,6,17,6	1.0	39.46455383300781	0.9633133716960274
6967.0	27162.0	36.0	2.0	11.0	3,3,1,1,4,1,4,1,4,4	0,3,12,7,3,10,3,6,4,12	1.0	39.46455383300781	0.9083631630495722
132.0	27164.0	34.0	4.0	4.0	4,4,4	0,3,10	1.0	39.46455383300781	0.913226341138667
7190.0	27165.0	48.0	4.0	4.0	4,4,4	0,4,14	1.0	39.46455383300781	0.8797231458039158
389.0	27167.0	5.0	4.0	2.0	4	0	1.0	39.46455383300781	0.9867399465659091
332.0	27168.0	2.0	4.0	5.0	1,1,4,1	0,6,2,6	1.0	39.464542388916016	0.9946747270895472
3767.0	27170.0	5.0	4.0	2.0	4	0	1.0	39.46455383300781	0.9867399465659091
7164.0	27171.0	49.0	4.0	5.0	4,4,4,4	0,3,10,5	1.0	39.464542388916016	0.8773776034931201
395.0	27173.0	4.0	4.0	2.0	4	0	1.0	39.46455383300781	0.9893778157745123
7027.0	27174.0	44.0	4.0	4.0	1,4,2	0,11,37	1.0	39.464542388916016	0.8891680223780019
3771.0	27177.0	5.0	4.0	2.0	4	0	1.0	39.46455383300781	0.9867399465659091
3544.0	27179.0	31.0	4.0	4.0	4,4,4	0,3,10	1.0	39.46455383300781	0.9205699700421506
124.0	27180.0	34.0	4.0	4.0	1,4,4	0,3,10	1.0	39.46455383300781	0.913226341138667
426.0	27181.0	1.0	4.0	2.0	1	0	1.0	39.46455383300781	0.997333810030359
427.0	27182.0	1.0	4.0	2.0	1	0	1.0	39.46455383300781	0.997333810030359
371.0	27183.0	3.0	4.0	3.0	1,1	0,6	1.0	39.46455383300781	0.9920227368451446
396.0	27184.0	5.0	2.0	2.0	1	0	1.0	39.46455383300781	0.9867399465659091
7224.0	27186.0	48.0	4.0	4.0	4,4,4	0,4,13	1.0	39.46455383300781	0.8797231458039158
310.0	27187.0	21.0	4.0	3.0	1,4	0,7	1.0	39.46455383300781	0.9454779026106062
3780.0	27188.0	5.0	4.0	2.0	4	0	1.0	39.46455383300781	0.9867399465659091
7283.0	27190.0	46.0	4.0	4.0	1,4,4	0,4,12	1.0	39.46455383300781	0.884432991492484
3768.0	27191.0	6.0	4.0	2.0	4	0	1.0	39.46455383300781	0.9841091104177311
3672.0	27192.0	23.0	4.0	3.0	4,4	0,7	1.0	39.46455383300781	0.9404429762045564
228.0	27194.0	9.0	4.0	7.0	1,1,4,2,1,4	0,3,2,9,11,3	1.0	39.46455383300781	0.9762586130708382
290.0	27195.0	17.0	4.0	4.0	1,1,4	0,7,6	1.0	39.464542388916016	0.9556287548522426
283.0	27198.0	23.0	4.0	3.0	4,4	0,7	1.0	39.46455383300781	0.9404429762045564
387.0	27199.0	6.0	4.0	2.0	4	0	1.0	39.46455383300781	0.9841091104177311
3691.0	27201.0	21.0	4.0	3.0	4,4	0,7	1.0	39.46455383300781	0.9454779026106062
222.0	27202.0	11.0	4.0	7.0	1,1,4,1,1,4	0,3,2,9,8,4	1.0	39.46455383300781	0.9710597710286163
7345.0	27203.0	3.0	4.0	9.0	1,1,4,1,4,1,4,1	0,5,4,12,2,6,6,20	1.0	39.46455383300781	0.9920227368451446
3761.0	27206.0	3.0	2.0	3.0	1,1	0,6	1.0	39.46455383300781	0.9920227368451446
381.0	27207.0	3.0	4.0	3.0	1,1	0,3	1.0	39.46455383300781	0.9920227368451446
288.0	27209.0	23.0	4.0	3.0	4,4	0,7	1.0	39.46455383300781	0.9404429762045564
214.0	27210.0	28.0	4.0	5.0	1,1,4,4	0,1,3,7	1.0	39.46455383300781	0.9279726520883685
282.0	27211.0	17.0	4.0	4.0	1,1,4	0,7,6	1.0	39.464542388916016	0.9556287548522426
3779.0	27213.0	5.0	4.0	2.0	4	0	1.0	39.46455383300781	0.9867399465659091
208.0	27214.0	21.0	4.0	6.0	4,1,4,1,4	0,4,2,6,7	1.0	39.46455383300781	0.9454779026106062
128.0	27215.0	11.0	4.0	7.0	1,1,4,4,1,4	0,4,2,6,21,4	1.0	39.46455383300781	0.9710597710286163
7419.0	27217.0	23.0	1.0	4.0	1,4,2	0,6,25	0.0	39.464542388916016	0.9404429594587815
3776.0	27218.0	5.0	4.0	2.0	4	0	1.0	39.46455383300781	0.9867399465659091
203.0	27219.0	28.0	4.0	4.0	1,4,4	0,3,9	1.0	39.46455383300781	0.9279726520883685
281.0	27221.0	23.0	2.0	3.0	4,4	0,7	1.0	39.46455383300781	0.9404429762045564
7202.0	27222.0	47.0	4.0	4.0	4,4,4	0,4,15	1.0	39.46455383300781	0.8820749251217471
3685.0	27223.0	21.0	4.0	3.0	4,4	0,7	1.0	39.46455383300781	0.9454779026106062
404.0	27225.0	3.0	4.0	2.0	4	0	1.0	39.46455383300781	0.9920227368451446
116.0	27226.0	34.0	2.0	4.0	4,4,4	0,4,11	1.0	39.46455383300781	0.913226341138667
3775.0	27227.0	5.0	4.0	2.0	4	0	1.0	39.46455383300781	0.9867399465659091
408.0	27229.0	3.0	4.0	2.0	4	0	1.0	39.46455383300781	0.9920227368451446
382.0	27230.0	2.0	4.0	3.0	1,1	0,4	1.0	39.46455383300781	0.9946747286296723
3782.0	27231.0	5.0	4.0	2.0	4	0	1.0	39.46455383300781	0.9867399465659091
6936.0	27233.0	35.0	4.0	4.0	4,4,4	0,3,11	1.0	39.46455383300781	0.9107915062279112
3736.0	27234.0	9.0	4.0	3.0	4,4	0,3	1.0	39.46455383300781	0.9762586130708382
7188.0	27235.0	49.0	4.0	4.0	4,4,4	0,4,14	1.0	39.46455383300781	0.8773776367765125
3730.0	27237.0	11.0	4.0	3.0	4,4	0,4	1.0	39.46455383300781	0.9710597710286163
7461.0	27238.0	37.0	4.0	4.0	4,4,4	0,3,10	1.0	39.46455383300781	0.9059412942954581
386.0	27239.0	2.0	4.0	3.0	1,1	0,4	1.0	39.46455383300781	0.9946747286296723
3728.0	27241.0	11.0	4.0	3.0	4,4	0,4	1.0	39.46455383300781	0.9710597710286163
7267.0	27242.0	46.0	4.0	4.0	4,4,4	0,4,13	1.0	39.46455383300781	0.884432991492484
394.0	27245.0	5.0	4.0	2.0	4	0	1.0	39.46455383300781	0.9867399465659091
3553.0	27246.0	32.0	4.0	4.0	4,4,4	0,3,9	1.0	39.46455383300781	0.9181155556216716
7215.0	27247.0	48.0	4.0	4.0	1,4,4	0,4,14	1.0	39.46455383300781	0.8797231458039158
3611.0	27249.0	11.0	4.0	6.0	4,2,1,1,4	0,5,11,6,4	1.0	39.46455383300781	0.9710597710286163
279.0	27251.0	23.0	4.0	3.0	4,4	0,8	1.0	39.46455383300781	0.9404429762045564
3726.0	27253.0	11.0	4.0	3.0	1,4	0,4	1.0	39.46455383300781	0.9710597710286163
398.0	27254.0	5.0	4.0	2.0	4	0	1.0	39.46455383300781	0.9867399465659091
360.0	27255.0	9.0	4.0	3.0	4,4	0,3	1.0	39.46455383300781	0.9762586130708382
3503.0	27257.0	36.0	4.0	4.0	4,4,4	0,3,10	1.0	39.46455383300781	0.9083631630495722
406.0	27258.0	3.0	4.0	2.0	4	0	1.0	39.46455383300781	0.9920227368451446
172.0	27259.0	23.0	4.0	7.0	1,1,1,1,4,4	0,6,2,2,2,9	1.0	39.46455383300781	0.9404429762045564
7203.0	27261.0	47.0	4.0	4.0	4,4,4	0,4,15	1.0	39.46455383300781	0.8820749251217471
3774.0	27262.0	5.0	4.0	2.0	4	0	1.0	39.46455383300781	0.9867399465659091
275.0	27263.0	23.0	4.0	3.0	4,4	0,8	1.0	39.46455383300781	0.9404429762045564
7304.0	27264.0	44.0	4.0	4.0	3,4,4	0,4,13	1.0	39.46455383300781	0.8891680526667602
378.0	27265.0	3.0	1.0	4.0	1,1,1	0,3,3	0.0	39.464542388916016	0.9920227345411162
399.0	27266.0	5.0	4.0	2.0	4	0	1.0	39.46455383300781	0.9867399465659091
3665.0	27267.0	23.0	4.0	3.0	4,4	0,7	1.0	39.46455383300781	0.9404429762045564
3778.0	27268.0	5.0	4.0	2.0	4	0	1.0	39.46455383300781	0.9867399465659091
8327.0	27272.0	9.0	4.0	3.0	4,4	0,3	1.0	39.46455383300781	0.9762586130708382
8292.0	27273.0	11.0	4.0	3.0	3,4	0,3	1.0	39.46455383300781	0.9710597710286163
8440.0	27275.0	5.0	4.0	2.0	1	0	1.0	39.46455383300781	0.9867399465659091
8437.0	27277.0	5.0	4.0	2.0	4	0	1.0	39.46455383300781	0.9867399465659091
8494.0	27279.0	3.0	4.0	2.0	4	0	1.0	39.46455383300781	0.9920227368451446
8356.0	27281.0	2.0	1.0	4.0	1,1,1	0,5,2	0.0	39.464542388916016	0.9946747270895472
8457.0	27283.0	4.0	4.0	2.0	4	0	1.0	39.46455383300781	0.9893778157745123
8347.0	27289.0	8.0	4.0	3.0	4,4	0,3	1.0	39.46455383300781	0.9788684623467448
8435.0	27295.0	5.0	4.0	2.0	4	0	1.0	39.46455383300781	0.9867399465659091
8491.0	27299.0	3.0	1.0	2.0	4	0	0.0	39.46455383300781	0.9920227368451446
8438.0	27303.0	5.0	1.0	2.0	1	0	0.0	39.46455383300781	0.9867399465659091
8471.0	27307.0	4.0	4.0	2.0	4	0	1.0	39.46455383300781	0.9893778157745123
8461.0	27309.0	4.0	4.0	2.0	4	0	1.0	39.46455383300781	0.9893778157745123
8483.0	27315.0	3.0	4.0	2.0	4	0	1.0	39.46455383300781	0.9920227368451446
8487.0	27317.0	3.0	1.0	2.0	4	0	0.0	39.46455383300781	0.9920227368451446
8444.0	27319.0	5.0	4.0	2.0	4	0	1.0	39.46455383300781	0.9867399465659091
8472.0	27323.0	4.0	4.0	2.0	4	0	1.0	39.46455383300781	0.9893778157745123
8441.0	27325.0	5.0	4.0	2.0	4	0	1.0	39.46455383300781	0.9867399465659091
8474.0	27327.0	4.0	4.0	2.0	4	0	1.0	39.46455383300781	0.9893778157745123
8449.0	27329.0	2.0	4.0	3.0	4,1	0,3	1.0	39.46455383300781	0.9946747286296723
8445.0	27333.0	5.0	4.0	2.0	4	0	1.0	39.46455383300781	0.9867399465659091
8486.0	27334.0	3.0	4.0	2.0	4	0	1.0	39.46455383300781	0.9920227368451446
8479.0	27336.0	3.0	4.0	2.0	4	0	1.0	39.46455383300781	0.9920227368451446
8207.0	27347.0	3.0	4.0	2.0	1	0	1.0	39.46455383300781	0.9920227368451446
8219.0	27349.0	3.0	4.0	2.0	4	0	1.0	39.46455383300781	0.9920227368451446
8006.0	27351.0	4.0	4.0	2.0	4	0	1.0	39.46455383300781	0.9893778157745123
7993.0	27353.0	5.0	4.0	2.0	4	0	1.0	39.46455383300781	0.9867399465659091
8220.0	27355.0	3.0	4.0	2.0	4	0	1.0	39.46455383300781	0.9920227368451446
7996.0	27357.0	5.0	4.0	2.0	1	0	1.0	39.46455383300781	0.9867399465659091
7988.0	27359.0	5.0	4.0	2.0	4	0	1.0	39.46455383300781	0.9867399465659091
7874.0	27361.0	9.0	4.0	3.0	4,4	0,3	1.0	39.46455383300781	0.9762586130708382
8010.0	27363.0	4.0	4.0	2.0	4	0	1.0	39.46455383300781	0.9893778157745123
7989.0	27365.0	5.0	4.0	2.0	4	0	1.0	39.46455383300781	0.9867399465659091
7903.0	27367.0	8.0	4.0	3.0	4,4	0,3	1.0	39.46455383300781	0.9788684623467448
8009.0	27369.0	4.0	4.0	2.0	4	0	1.0	39.46455383300781	0.9893778157745123
7963.0	27371.0	2.0	4.0	3.0	1,1	0,5	1.0	39.46455383300781	0.9946747286296723
7884.0	27373.0	9.0	4.0	3.0	4,4	0,3	1.0	39.46455383300781	0.9762586130708382
7844.0	27375.0	9.0	4.0	3.0	3,4	0,5	1.0	39.46455383300781	0.9762586130708382
7864.0	27377.0	9.0	4.0	3.0	4,4	0,5	1.0	39.46455383300781	0.9762586130708382
7862.0	27379.0	11.0	4.0	3.0	1,4	0,3	1.0	39.46455383300781	0.9710597710286163
8194.0	27381.0	4.0	4.0	2.0	4	0	1.0	39.46455383300781	0.9893778157745123
7986.0	27383.0	5.0	4.0	2.0	4	0	1.0	39.46455383300781	0.9867399465659091
8001.0	27385.0	5.0	4.0	2.0	4	0	1.0	39.46455383300781	0.9867399465659091
7873.0	27387.0	2.0	1.0	4.0	4,1,1	0,3,7	0.0	39.464542388916016	0.9946747270895472
8217.0	27389.0	3.0	4.0	2.0	4	0	1.0	39.46455383300781	0.9920227368451446
8003.0	27391.0	5.0	1.0	2.0	4	0	0.0	39.46455383300781	0.9867399465659091
8202.0	27393.0	3.0	4.0	2.0	4	0	1.0	39.46455383300781	0.9920227368451446
7863.0	27395.0	11.0	4.0	3.0	4,4	0,3	1.0	39.46455383300781	0.9710597710286163
8193.0	27396.0	4.0	4.0	2.0	4	0	1.0	39.46455383300781	0.9893778157745123
8191.0	27398.0	4.0	4.0	2.0	4	0	1.0	39.46455383300781	0.9893778157745123
8216.0	27399.0	3.0	1.0	2.0	1	0	0.0	39.46455383300781	0.9920227368451446
8189.0	27404.0	5.0	4.0	2.0	4	0	1.0	39.46455383300781	0.9867399465659091
7983.0	27405.0	2.0	4.0	3.0	4,1	0,5	1.0	39.46455383300781	0.9946747286296723
8206.0	27407.0	4.0	4.0	2.0	4	0	1.0	39.46455383300781	0.9893778157745123
7901.0	27409.0	9.0	4.0	3.0	4,4	0,3	1.0	39.46455383300781	0.9762586130708382
7887.0	27411.0	9.0	4.0	3.0	4,4	0,3	1.0	39.46455383300781	0.9762586130708382
7992.0	27413.0	2.0	4.0	3.0	1,1	0,4	1.0	39.46455383300781	0.9946747286296723
8234.0	27415.0	3.0	4.0	2.0	4	0	1.0	39.46455383300781	0.9920227368451446
8208.0	27417.0	4.0	4.0	2.0	4	0	1.0	39.46455383300781	0.9893778157745123
8214.0	27419.0	4.0	4.0	2.0	4	0	1.0	39.46455383300781	0.9893778157745123
8221.0	27421.0	3.0	4.0	2.0	4	0	1.0	39.46455383300781	0.9920227368451446
8232.0	27423.0	3.0	4.0	2.0	4	0	1.0	39.46455383300781	0.9920227368451446
8212.0	27425.0	4.0	4.0	2.0	4	0	1.0	39.46455383300781	0.9893778157745123
8195.0	27427.0	5.0	4.0	2.0	4	0	1.0	39.46455383300781	0.9867399465659091
8196.0	27431.0	5.0	4.0	2.0	4	0	1.0	39.46455383300781	0.9867399465659091
8198.0	27433.0	5.0	4.0	2.0	4	0	1.0	39.46455383300781	0.9867399465659091
8007.0	27435.0	5.0	4.0	2.0	4	0	1.0	39.46455383300781	0.9867399465659091
7981.0	27437.0	2.0	1.0	3.0	1,1	0,5	0.0	39.46455383300781	0.9946747286296723
7899.0	27439.0	9.0	1.0	3.0	4,4	0,3	0.0	39.46455383300781	0.9762586130708382
7872.0	27441.0	10.0	4.0	3.0	4,4	0,3	1.0	39.46455383300781	0.9736557221488931
7902.0	27443.0	9.0	4.0	3.0	4,4	0,3	1.0	39.46455383300781	0.9762586130708382
8197.0	27445.0	5.0	4.0	2.0	4	0	1.0	39.46455383300781	0.9867399465659091
8204.0	27447.0	4.0	4.0	2.0	1	0	1.0	39.46455383300781	0.9893778157745123
8188.0	27449.0	5.0	4.0	2.0	4	0	1.0	39.46455383300781	0.9867399465659091
8211.0	27450.0	4.0	4.0	2.0	1	0	1.0	39.46455383300781	0.9893778157745123
8012.0	27451.0	5.0	4.0	2.0	2	0	1.0	39.46455383300781	0.9867399465659091
8238.0	27452.0	3.0	4.0	2.0	4	0	1.0	39.46455383300781	0.9920227368451446
8209.0	27453.0	4.0	4.0	2.0	1	0	1.0	39.46455383300781	0.9893778157745123
8190.0	27455.0	5.0	4.0	2.0	4	0	1.0	39.46455383300781	0.9867399465659091
8340.0	27459.0	9.0	4.0	3.0	2,4	0,3	1.0	39.46455383300781	0.9762586130708382
8317.0	27461.0	10.0	4.0	3.0	4,4	0,3	1.0	39.46455383300781	0.9736557221488931
8365.0	27463.0	7.0	4.0	3.0	4,4	0,3	1.0	39.46455383300781	0.981485288578503
8466.0	27465.0	5.0	4.0	2.0	4	0	1.0	39.46455383300781	0.9867399465659091
8504.0	27467.0	3.0	1.0	2.0	1	0	0.0	39.46455383300781	0.9920227368451446
8418.0	27469.0	2.0	1.0	3.0	1,1	0,5	0.0	39.46455383300781	0.9946747286296723
8470.0	27471.0	2.0	1.0	3.0	1,1	0,3	0.0	39.46455383300781	0.9946747286296723
8511.0	27473.0	3.0	4.0	2.0	4	0	1.0	39.46455383300781	0.9920227368451446
8514.0	27475.0	3.0	1.0	2.0	1	0	0.0	39.46455383300781	0.9920227368451446
8503.0	27477.0	3.0	1.0	2.0	4	0	0.0	39.46455383300781	0.9920227368451446
8322.0	27479.0	10.0	4.0	3.0	1,4	0,3	1.0	39.46455383300781	0.9736557221488931
8334.0	27483.0	10.0	4.0	3.0	4,4	0,3	1.0	39.46455383300781	0.9736557221488931
8507.0	27485.0	3.0	4.0	2.0	1	0	1.0	39.46455383300781	0.9920227368451446
8492.0	27487.0	4.0	4.0	2.0	4	0	1.0	39.46455383300781	0.9893778157745123
8458.0	27493.0	5.0	2.0	2.0	4	0	1.0	39.46455383300781	0.9867399465659091
8478.0	27495.0	4.0	4.0	2.0	4	0	1.0	39.46455383300781	0.9893778157745123
8473.0	27497.0	5.0	4.0	2.0	4	0	1.0	39.46455383300781	0.9867399465659091
8475.0	27499.0	4.0	4.0	2.0	4	0	1.0	39.46455383300781	0.9893778157745123
8469.0	27501.0	5.0	4.0	2.0	4	0	1.0	39.46455383300781	0.9867399465659091
8508.0	27503.0	3.0	1.0	2.0	1	0	0.0	39.46455383300781	0.9920227368451446
8325.0	27505.0	10.0	4.0	3.0	4,4	0,3	1.0	39.46455383300781	0.9736557221488931
8476.0	27509.0	4.0	4.0	2.0	4	0	1.0	39.46455383300781	0.9893778157745123
8420.0	27511.0	2.0	4.0	3.0	4,1	0,5	1.0	39.46455383300781	0.9946747286296723
8344.0	27512.0	7.0	4.0	3.0	1,2	0,5	1.0	39.46455383300781	0.981485288578503
8456.0	27513.0	5.0	4.0	2.0	4	0	1.0	39.46455383300781	0.9867399465659091
8439.0	27515.0	2.0	1.0	3.0	1,1	0,4	0.0	39.46455383300781	0.9946747286296723
8447.0	27517.0	2.0	4.0	3.0	4,1	0,4	1.0	39.46455383300781	0.9946747286296723
8482.0	27518.0	4.0	4.0	2.0	4	0	1.0	39.46455383300781	0.9893778157745123
8488.0	27519.0	4.0	4.0	2.0	1	0	1.0	39.46455383300781	0.9893778157745123
7271.0	27530.0	47.0	4.0	4.0	1,4,4	0,4,13	1.0	39.46455383300781	0.8820749251217471
311.0	27531.0	12.0	4.0	4.0	1,1,4	0,8,4	1.0	39.464542388916016	0.9684707322098676
344.0	27533.0	12.0	4.0	3.0	4,4	0,4	1.0	39.46455383300781	0.9684707412071779
402.0	27535.0	4.0	4.0	2.0	4	0	1.0	39.46455383300781	0.9893778157745123
417.0	27539.0	3.0	4.0	2.0	1	0	1.0	39.46455383300781	0.9920227368451446
3794.0	27545.0	3.0	4.0	2.0	4	0	1.0	39.46455383300781	0.9920227368451446
3670.0	27549.0	24.0	4.0	3.0	4,4	0,7	1.0	39.46455383300781	0.9379355765743806
407.0	27551.0	4.0	4.0	2.0	4	0	1.0	39.46455383300781	0.9893778157745123
409.0	27553.0	4.0	4.0	2.0	4	0	1.0	39.46455383300781	0.9893778157745123
412.0	27557.0	3.0	4.0	2.0	4	0	1.0	39.46455383300781	0.9920227368451446
414.0	27559.0	3.0	4.0	2.0	4	0	1.0	39.46455383300781	0.9920227368451446
159.0	27561.0	33.0	4.0	4.0	1,4,4	0,3,10	1.0	39.46455383300781	0.9156676851363017
7167.0	27563.0	50.0	4.0	4.0	4,4,4	0,4,15	1.0	39.46455383300781	0.8750383813217516
418.0	27565.0	3.0	4.0	2.0	1	0	1.0	39.46455383300781	0.9920227368451446
350.0	27567.0	12.0	4.0	3.0	1,4	0,4	1.0	39.46455383300781	0.9684707412071779
351.0	27569.0	10.0	1.0	3.0	4,4	0,3	0.0	39.46455383300781	0.9736557221488931
3798.0	27571.0	3.0	4.0	2.0	4	0	1.0	39.46455383300781	0.9920227368451446
7157.0	27573.0	50.0	4.0	4.0	4,4,4	0,4,15	1.0	39.46455383300781	0.8750383813217516
3799.0	27575.0	3.0	4.0	2.0	4	0	1.0	39.46455383300781	0.9920227368451446
7176.0	27577.0	50.0	4.0	4.0	4,4,4	0,4,15	1.0	39.46455383300781	0.8750383813217516
306.0	27578.0	7.0	4.0	5.0	1,2,1,4	0,11,8,3	1.0	39.464542388916016	0.9814852832595423
323.0	27579.0	10.0	4.0	4.0	1,1,4	0,9,3	1.0	39.46455383300781	0.9736557221488931
151.0	27580.0	22.0	4.0	8.0	1,1,4,1,1,4,4	0,4,2,5,3,2,9	1.0	39.46455383300781	0.9429570789101486
352.0	27581.0	10.0	4.0	3.0	4,4	0,3	1.0	39.46455383300781	0.9736557221488931
153.0	27582.0	18.0	4.0	5.0	4,4,1,4	0,4,19,6	1.0	39.46455383300781	0.9530808795949964
3793.0	27583.0	4.0	4.0	2.0	4	0	1.0	39.46455383300781	0.9893778157745123
303.0	27584.0	22.0	4.0	3.0	4,4	0,7	1.0	39.46455383300781	0.9429570789101486
7276.0	27585.0	47.0	4.0	4.0	4,4,4	0,4,13	1.0	39.46455383300781	0.8820749251217471
178.0	27586.0	13.0	1.0	9.0	1,1,1,4,1,4,1,4	0,4,1,2,6,2,11,5	0.0	39.46455383300781	0.9658886142310806
3785.0	27587.0	4.0	4.0	2.0	4	0	1.0	39.46455383300781	0.9893778157745123
416.0	27588.0	3.0	4.0	2.0	1	0	1.0	39.46455383300781	0.9920227368451446
411.0	27589.0	3.0	1.0	2.0	1	0	0.0	39.46455383300781	0.9920227368451446
3792.0	27590.0	4.0	4.0	2.0	4	0	1.0	39.46455383300781	0.9893778157745123
3790.0	27591.0	4.0	4.0	2.0	4	0	1.0	39.46455383300781	0.9893778157745123
3800.0	27592.0	3.0	4.0	2.0	4	0	1.0	39.46455383300781	0.9920227368451446
410.0	27593.0	4.0	4.0	2.0	1	0	1.0	39.46455383300781	0.9893778157745123
8233.0	27598.0	4.0	3.0	2.0	1	0	1.0	39.46455383300781	0.9893778157745123
8259.0	27599.0	3.0	4.0	2.0	4	0	1.0	39.46455383300781	0.9920227368451446
8249.0	27601.0	3.0	4.0	2.0	4	0	1.0	39.46455383300781	0.9920227368451446
8226.0	27603.0	4.0	4.0	2.0	4	0	1.0	39.46455383300781	0.9893778157745123
7873.0	27605.0	2.0	1.0	5.0	4,1,1,1	0,3,7,2	0.0	39.46455383300781	0.9946747286296723
8225.0	27607.0	4.0	4.0	2.0	4	0	1.0	39.46455383300781	0.9893778157745123
7915.0	27609.0	8.0	4.0	3.0	4,4	0,3	1.0	39.46455383300781	0.9788684623467448
8237.0	27611.0	4.0	4.0	2.0	4	0	1.0	39.46455383300781	0.9893778157745123
8258.0	27613.0	3.0	4.0	2.0	4	0	1.0	39.46455383300781	0.9920227368451446
8003.0	27617.0	2.0	4.0	3.0	4,1	0,5	1.0	39.46455383300781	0.9946747286296723
7855.0	27619.0	11.0	4.0	3.0	4,4	0,5	1.0	39.46455383300781	0.9710597710286163
8230.0	27623.0	4.0	4.0	2.0	4	0	1.0	39.46455383300781	0.9893778157745123
8215.0	27627.0	5.0	4.0	2.0	1	0	1.0	39.46455383300781	0.9867399465659091
8240.0	27629.0	4.0	4.0	2.0	4	0	1.0	39.46455383300781	0.9893778157745123
8210.0	27631.0	5.0	4.0	2.0	4	0	1.0	39.46455383300781	0.9867399465659091
8203.0	27635.0	5.0	4.0	2.0	4	0	1.0	39.46455383300781	0.9867399465659091
8216.0	27637.0	2.0	1.0	3.0	1,1	0,3	0.0	39.46455383300781	0.9946747286296723
7918.0	27641.0	8.0	4.0	3.0	4,4	0,3	1.0	39.46455383300781	0.9788684623467448
8255.0	27647.0	3.0	4.0	2.0	4	0	1.0	39.46455383300781	0.9920227368451446
8223.0	27649.0	4.0	4.0	2.0	1	0	1.0	39.46455383300781	0.9893778157745123
7913.0	27651.0	8.0	4.0	3.0	4,4	0,3	1.0	39.46455383300781	0.9788684623467448
7919.0	27656.0	8.0	4.0	3.0	4,4	0,3	1.0	39.46455383300781	0.9788684623467448
8218.0	27657.0	5.0	4.0	2.0	4	0	1.0	39.46455383300781	0.9867399465659091
8213.0	27658.0	5.0	4.0	2.0	4	0	1.0	39.46455383300781	0.9867399465659091
8222.0	27660.0	4.0	4.0	2.0	4	0	1.0	39.46455383300781	0.9893778157745123
8205.0	27661.0	5.0	4.0	2.0	4	0	1.0	39.46455383300781	0.9867399465659091
8201.0	27662.0	5.0	1.0	2.0	1	0	0.0	39.46455383300781	0.9867399465659091
8505.0	27668.0	4.0	1.0	2.0	4	0	0.0	39.46455383300781	0.9893778157745123
8367.0	27669.0	8.0	1.0	3.0	4,4	0,3	0.0	39.46455383300781	0.9788684623467448
8512.0	27671.0	4.0	4.0	2.0	1	0	1.0	39.46455383300781	0.9893778157745123
8491.0	27673.0	2.0	1.0	3.0	4,1	0,3	0.0	39.46455383300781	0.9946747286296723
8522.0	27675.0	3.0	4.0	2.0	1	0	1.0	39.46455383300781	0.9920227368451446
8356.0	27677.0	2.0	4.0	5.0	1,1,1,1	0,5,2,2	1.0	39.46455383300781	0.9946747286296723
8529.0	27681.0	3.0	1.0	2.0	1	0	0.0	39.46455383300781	0.9920227368451446
8490.0	27683.0	5.0	4.0	2.0	4	0	1.0	39.46455383300781	0.9867399465659091
8354.0	27689.0	10.0	4.0	3.0	4,4	0,3	1.0	39.46455383300781	0.9736557221488931
8513.0	27691.0	4.0	1.0	2.0	1	0	0.0	39.46455383300781	0.9893778157745123
8487.0	27695.0	2.0	4.0	3.0	4,1	0,3	1.0	39.46455383300781	0.9946747286296723
8477.0	27701.0	5.0	4.0	2.0	4	0	1.0	39.46455383300781	0.9867399465659091
8526.0	27705.0	3.0	4.0	2.0	1	0	1.0	39.46455383300781	0.9920227368451446
8480.0	27707.0	5.0	4.0	2.0	4	0	1.0	39.46455383300781	0.9867399465659091
8346.0	27709.0	10.0	4.0	3.0	4,4	0,3	1.0	39.46455383300781	0.9736557221488931
8501.0	27711.0	4.0	1.0	2.0	1	0	0.0	39.46455383300781	0.9893778157745123
8531.0	27715.0	3.0	4.0	2.0	1	0	1.0	39.46455383300781	0.9920227368451446
8524.0	27717.0	3.0	4.0	2.0	1	0	1.0	39.46455383300781	0.9920227368451446
8418.0	27719.0	1.0	4.0	4.0	1,1,1	0,5,2	1.0	39.464542388916016	0.9973338092582379
8489.0	27721.0	5.0	1.0	2.0	1	0	0.0	39.46455383300781	0.9867399465659091
8343.0	27726.0	10.0	4.0	3.0	4,4	0,3	1.0	39.46455383300781	0.9736557221488931
8520.0	27727.0	3.0	4.0	2.0	4	0	1.0	39.46455383300781	0.9920227368451446
8532.0	27728.0	3.0	4.0	2.0	4	0	1.0	39.46455383300781	0.9920227368451446
8438.0	27729.0	2.0	4.0	3.0	1,1	0,5	1.0	39.46455383300781	0.9946747286296723
8481.0	27730.0	5.0	1.0	2.0	1	0	0.0	39.46455383300781	0.9867399465659091
8519.0	27731.0	3.0	1.0	2.0	1	0	0.0	39.46455383300781	0.9920227368451446
8485.0	27732.0	5.0	1.0	2.0	4	0	0.0	39.46455383300781	0.9867399465659091
8517.0	27734.0	3.0	1.0	2.0	1	0	0.0	39.46455383300781	0.9920227368451446
8523.0	27735.0	3.0	4.0	2.0	1	0	1.0	39.46455383300781	0.9920227368451446
8493.0	27736.0	5.0	1.0	2.0	4	0	0.0	39.46455383300781	0.9867399465659091
8484.0	27737.0	5.0	1.0	2.0	1	0	0.0	39.46455383300781	0.9867399465659091
8509.0	27738.0	4.0	1.0	2.0	1	0	0.0	39.46455383300781	0.9893778157745123
8496.0	27739.0	4.0	4.0	2.0	1	0	1.0	39.46455383300781	0.9893778157745123
8510.0	27762.0	5.0	4.0	2.0	4	0	1.0	39.46455383300781	0.9867399465659091
8364.0	27763.0	9.0	4.0	3.0	4,4	0,3	1.0	39.46455383300781	0.9762586130708382
8357.0	27765.0	9.0	4.0	3.0	4,4	0,3	1.0	39.46455383300781	0.9762586130708382
8553.0	27767.0	3.0	4.0	2.0	1	0	1.0	39.46455383300781	0.9920227368451446
8538.0	27769.0	3.0	4.0	2.0	1	0	1.0	39.46455383300781	0.9920227368451446
8498.0	27771.0	5.0	4.0	2.0	4	0	1.0	39.46455383300781	0.9867399465659091
8508.0	27773.0	2.0	4.0	3.0	1,1	0,3	1.0	39.46455383300781	0.9946747286296723
8336.0	27775.0	11.0	4.0	3.0	4,4	0,3	1.0	39.46455383300781	0.9710597710286163
8503.0	27781.0	2.0	4.0	3.0	4,1	0,3	1.0	39.46455383300781	0.9946747286296723
8500.0	27785.0	5.0	4.0	2.0	1	0	1.0	39.46455383300781	0.9867399465659091
8495.0	27789.0	5.0	1.0	2.0	1	0	0.0	39.46455383300781	0.9867399465659091
8318.0	27791.0	11.0	4.0	3.0	4,4	0,4	1.0	39.46455383300781	0.9710597710286163
8388.0	27793.0	8.0	1.0	3.0	4,4	0,3	0.0	39.46455383300781	0.9788684623467448
8439.0	27795.0	2.0	4.0	4.0	1,1,1	0,4,2	1.0	39.464542388916016	0.9946747270895472
8371.0	27797.0	9.0	4.0	3.0	4,4	0,3	1.0	39.46455383300781	0.9762586130708382
8502.0	27799.0	5.0	4.0	2.0	1	0	1.0	39.46455383300781	0.9867399465659091
8499.0	27803.0	5.0	4.0	2.0	4	0	1.0	39.46455383300781	0.9867399465659091
8533.0	27805.0	4.0	4.0	2.0	4	0	1.0	39.46455383300781	0.9893778157745123
8504.0	27807.0	2.0	4.0	3.0	1,1	0,3	1.0	39.46455383300781	0.9946747286296723
8515.0	27808.0	4.0	4.0	2.0	1	0	1.0	39.46455383300781	0.9893778157745123
8506.0	27809.0	5.0	4.0	2.0	1	0	1.0	39.46455383300781	0.9867399465659091
8497.0	27810.0	5.0	1.0	2.0	1	0	0.0	39.46455383300781	0.9867399465659091
8525.0	27811.0	4.0	4.0	2.0	4	0	1.0	39.46455383300781	0.9893778157745123
8514.0	27814.0	2.0	4.0	3.0	1,1	0,3	1.0	39.46455383300781	0.9946747286296723
8339.0	27815.0	11.0	1.0	3.0	4,4	0,3	0.0	39.46455383300781	0.9710597710286163
8363.0	27816.0	9.0	4.0	3.0	4,4	0,3	1.0	39.46455383300781	0.9762586130708382
8470.0	27817.0	2.0	4.0	4.0	1,1,1	0,3,2	1.0	39.464542388916016	0.9946747270895472
8518.0	27818.0	4.0	4.0	2.0	4	0	1.0	39.46455383300781	0.9893778157745123
8530.0	27819.0	4.0	4.0	2.0	1	0	1.0	39.46455383300781	0.9893778157745123
8228.0	27824.0	5.0	1.0	2.0	1	0	0.0	39.46455383300781	0.9867399465659091
8244.0	27825.0	4.0	4.0	2.0	4	0	1.0	39.46455383300781	0.9893778157745123
8231.0	27827.0	5.0	4.0	2.0	4	0	1.0	39.46455383300781	0.9867399465659091
8248.0	27829.0	4.0	4.0	2.0	4	0	1.0	39.46455383300781	0.9893778157745123
7921.0	27831.0	9.0	4.0	3.0	4,4	0,3	1.0	39.46455383300781	0.9762586130708382
8227.0	27833.0	5.0	1.0	2.0	4	0	0.0	39.46455383300781	0.9867399465659091
8236.0	27835.0	5.0	1.0	2.0	1	0	0.0	39.46455383300781	0.9867399465659091
8239.0	27837.0	5.0	1.0	2.0	4	0	0.0	39.46455383300781	0.9867399465659091
8246.0	27839.0	4.0	4.0	2.0	4	0	1.0	39.46455383300781	0.9893778157745123
7898.0	27841.0	11.0	4.0	3.0	4,4	0,3	1.0	39.46455383300781	0.9710597710286163
8272.0	27845.0	3.0	4.0	2.0	4	0	1.0	39.46455383300781	0.9920227368451446
8224.0	27849.0	5.0	4.0	2.0	4	0	1.0	39.46455383300781	0.9867399465659091
8235.0	27851.0	5.0	1.0	2.0	4	0	0.0	39.46455383300781	0.9867399465659091
8252.0	27853.0	4.0	4.0	2.0	4	0	1.0	39.46455383300781	0.9893778157745123
7899.0	27855.0	2.0	4.0	4.0	4,4,1	0,3,9	1.0	39.46455383300781	0.9946747286296723
7883.0	27857.0	11.0	4.0	3.0	4,4	0,4	1.0	39.46455383300781	0.9710597710286163
7946.0	27859.0	7.0	4.0	3.0	2,4	0,3	1.0	39.46455383300781	0.981485288578503
8242.0	27863.0	4.0	4.0	2.0	4	0	1.0	39.46455383300781	0.9893778157745123
7981.0	27865.0	2.0	4.0	4.0	1,1,1	0,5,2	1.0	39.464542388916016	0.9946747270895472
8229.0	27867.0	5.0	4.0	2.0	4	0	1.0	39.46455383300781	0.9867399465659091
8261.0	27869.0	3.0	4.0	2.0	1	0	1.0	39.46455383300781	0.9920227368451446
7842.0	27871.0	12.0	4.0	3.0	3,4	0,5	1.0	39.46455383300781	0.9684707412071779
8268.0	27886.0	4.0	4.0	2.0	4	0	1.0	39.46455383300781	0.9893778157745123
7909.0	27887.0	10.0	4.0	3.0	4,4	0,3	1.0	39.46455383300781	0.9736557221488931
8279.0	27889.0	4.0	4.0	2.0	4	0	1.0	39.46455383300781	0.9893778157745123
8289.0	27891.0	3.0	4.0	2.0	4	0	1.0	39.46455383300781	0.9920227368451446
8567.0	27893.0	3.0	4.0	2.0	4	0	1.0	39.46455383300781	0.9920227368451446
8283.0	27895.0	3.0	1.0	2.0	1	0	0.0	39.46455383300781	0.9920227368451446
8254.0	27897.0	5.0	4.0	2.0	4	0	1.0	39.46455383300781	0.9867399465659091
8251.0	27899.0	5.0	1.0	2.0	1	0	0.0	39.46455383300781	0.9867399465659091
8266.0	27903.0	4.0	4.0	2.0	4	0	1.0	39.46455383300781	0.9893778157745123
8275.0	27905.0	4.0	4.0	2.0	4	0	1.0	39.46455383300781	0.9893778157745123
8280.0	27907.0	4.0	4.0	2.0	4	0	1.0	39.46455383300781	0.9893778157745123
7886.0	27909.0	11.0	4.0	3.0	4,4	0,4	1.0	39.46455383300781	0.9710597710286163
8247.0	27911.0	5.0	1.0	2.0	4	0	0.0	39.46455383300781	0.9867399465659091
8260.0	27913.0	5.0	1.0	2.0	1	0	0.0	39.46455383300781	0.9867399465659091
7910.0	27915.0	6.0	1.0	4.0	4,1,4	0,5,2	0.0	39.46455383300781	0.9841091104177311
8241.0	27919.0	5.0	4.0	2.0	4	0	1.0	39.46455383300781	0.9867399465659091
7928.0	27921.0	9.0	4.0	3.0	4,4	0,3	1.0	39.46455383300781	0.9762586130708382
8245.0	27925.0	5.0	4.0	2.0	4	0	1.0	39.46455383300781	0.9867399465659091
8253.0	27927.0	5.0	4.0	2.0	4	0	1.0	39.46455383300781	0.9867399465659091
8287.0	27929.0	3.0	1.0	2.0	1	0	0.0	39.46455383300781	0.9920227368451446
7916.0	27931.0	10.0	4.0	3.0	4,4	0,3	1.0	39.46455383300781	0.9736557221488931
8256.0	27932.0	5.0	4.0	2.0	4	0	1.0	39.46455383300781	0.9867399465659091
8263.0	27933.0	4.0	4.0	2.0	4	0	1.0	39.46455383300781	0.9893778157745123
8271.0	27934.0	4.0	1.0	2.0	1	0	0.0	39.46455383300781	0.9893778157745123
8262.0	27935.0	4.0	4.0	2.0	4	0	1.0	39.46455383300781	0.9893778157745123
7866.0	27936.0	12.0	4.0	3.0	4,4	0,4	1.0	39.46455383300781	0.9684707412071779
8216.0	27937.0	2.0	4.0	4.0	1,1,1	0,3,2	1.0	39.464542388916016	0.9946747270895472
8250.0	27938.0	5.0	4.0	2.0	4	0	1.0	39.46455383300781	0.9867399465659091
8267.0	27940.0	4.0	1.0	2.0	1	0	0.0	39.46455383300781	0.9893778157745123
8201.0	27941.0	2.0	4.0	3.0	1,1	0,5	1.0	39.46455383300781	0.9946747286296723
8243.0	27942.0	5.0	4.0	2.0	4	0	1.0	39.46455383300781	0.9867399465659091
7870.0	27944.0	12.0	4.0	3.0	4,4	0,4	1.0	39.46455383300781	0.9684707412071779
7952.0	27945.0	8.0	1.0	3.0	4,4	0,3	0.0	39.46455383300781	0.9788684623467448
7873.0	27946.0	2.0	4.0	6.0	4,1,1,1,1	0,3,7,2,2	1.0	39.46455383300781	0.9946747286296723
8270.0	27947.0	4.0	4.0	2.0	4	0	1.0	39.46455383300781	0.9893778157745123
8257.0	27948.0	5.0	4.0	2.0	4	0	1.0	39.46455383300781	0.9867399465659091
8290.0	27949.0	3.0	4.0	2.0	4	0	1.0	39.46455383300781	0.9920227368451446
8501.0	27963.0	2.0	1.0	3.0	1,1	0,4	0.0	39.46455383300781	0.9946747286296723
8549.0	27964.0	4.0	4.0	2.0	4	0	1.0	39.46455383300781	0.9893778157745123
8528.0	27965.0	5.0	4.0	2.0	1	0	1.0	39.46455383300781	0.9867399465659091
8516.0	27966.0	5.0	1.0	2.0	1	0	0.0	39.46455383300781	0.9867399465659091
8505.0	27967.0	2.0	1.0	3.0	4,1	0,4	0.0	39.46455383300781	0.9946747286296723
8379.0	27968.0	7.0	4.0	3.0	4,2	0,5	1.0	39.46455383300781	0.981485288578503
8546.0	27969.0	4.0	4.0	2.0	4	0	1.0	39.46455383300781	0.9893778157745123
8315.0	27970.0	12.0	4.0	3.0	1,4	0,4	1.0	39.46455383300781	0.9684707412071779
8599.0	27971.0	3.0	4.0	2.0	1	0	1.0	39.46455383300781	0.9920227368451446
8540.0	27972.0	4.0	1.0	2.0	1	0	0.0	39.46455383300781	0.9893778157745123
8390.0	27973.0	5.0	4.0	4.0	4,1,4	0,5,2	1.0	39.46455383300781	0.9867399465659091
8491.0	27974.0	2.0	4.0	4.0	4,1,1	0,3,2	1.0	39.464542388916016	0.9946747270895472
8597.0	27975.0	3.0	1.0	2.0	1	0	0.0	39.46455383300781	0.9920227368451446
8536.0	27976.0	4.0	1.0	2.0	1	0	0.0	39.46455383300781	0.9893778157745123
8513.0	27977.0	2.0	4.0	3.0	1,1	0,4	1.0	39.46455383300781	0.9946747286296723
8529.0	27978.0	2.0	4.0	3.0	1,1	0,3	1.0	39.46455383300781	0.9946747286296723
8552.0	27979.0	4.0	1.0	2.0	1	0	0.0	39.46455383300781	0.9893778157745123
8564.0	27980.0	3.0	4.0	2.0	4	0	1.0	39.46455383300781	0.9920227368451446
8385.0	27981.0	9.0	4.0	3.0	4,4	0,3	1.0	39.46455383300781	0.9762586130708382
8485.0	27982.0	2.0	4.0	3.0	4,1	0,5	1.0	39.46455383300781	0.9946747286296723
8527.0	27983.0	5.0	1.0	2.0	4	0	0.0	39.46455383300781	0.9867399465659091
8545.0	27984.0	4.0	4.0	2.0	1	0	1.0	39.46455383300781	0.9893778157745123
8561.0	27985.0	3.0	4.0	2.0	4	0	1.0	39.46455383300781	0.9920227368451446
8484.0	27986.0	2.0	4.0	3.0	1,1	0,5	1.0	39.46455383300781	0.9946747286296723
8397.0	27987.0	8.0	4.0	3.0	4,4	0,3	1.0	39.46455383300781	0.9788684623467448
8367.0	27988.0	2.0	4.0	4.0	4,4,1	0,3,8	1.0	39.46455383300781	0.9946747286296723
8521.0	27989.0	5.0	4.0	2.0	1	0	1.0	39.46455383300781	0.9867399465659091
8489.0	27990.0	2.0	4.0	3.0	1,1	0,5	1.0	39.46455383300781	0.9946747286296723
8359.0	27991.0	10.0	1.0	3.0	1,4	0,3	0.0	39.46455383300781	0.9736557221488931
8519.0	27992.0	2.0	4.0	3.0	1,1	0,3	1.0	39.46455383300781	0.9946747286296723
8593.0	27993.0	3.0	1.0	2.0	4	0	0.0	39.46455383300781	0.9920227368451446
8534.0	27994.0	5.0	4.0	2.0	4	0	1.0	39.46455383300781	0.9867399465659091
8558.0	27995.0	3.0	1.0	2.0	1	0	0.0	39.46455383300781	0.9920227368451446
8481.0	27996.0	2.0	1.0	3.0	1,1	0,5	0.0	39.46455383300781	0.9946747286296723
8410.0	27997.0	6.0	4.0	3.0	4,2	0,5	1.0	39.46455383300781	0.9841091104177311
8324.0	27998.0	12.0	4.0	3.0	4,4	0,4	1.0	39.46455383300781	0.9684707412071779
8509.0	27999.0	2.0	4.0	3.0	1,1	0,4	1.0	39.46455383300781	0.9946747286296723
8517.0	28000.0	2.0	4.0	3.0	1,1	0,3	1.0	39.46455383300781	0.9946747286296723
8539.0	28001.0	4.0	1.0	2.0	1	0	0.0	39.46455383300781	0.9893778157745123
8535.0	28002.0	4.0	4.0	2.0	1	0	1.0	39.46455383300781	0.9893778157745123
8493.0	28003.0	2.0	4.0	3.0	4,1	0,5	1.0	39.46455383300781	0.9946747286296723
8414.0	28004.0	8.0	4.0	3.0	4,4	0,3	1.0	39.46455383300781	0.9788684623467448
8550.0	28005.0	4.0	4.0	2.0	4	0	1.0	39.46455383300781	0.9893778157745123
7858.0	28028.0	14.0	4.0	3.0	4,4	0,5	1.0	39.46455383300781	0.9633133716960274
8587.0	28029.0	3.0	4.0	2.0	1	0	1.0	39.46455383300781	0.9920227368451446
8573.0	28030.0	4.0	4.0	2.0	1	0	1.0	39.46455383300781	0.9893778157745123
8584.0	28031.0	3.0	4.0	2.0	1	0	1.0	39.46455383300781	0.9920227368451446
8265.0	28032.0	5.0	4.0	2.0	4	0	1.0	39.46455383300781	0.9867399465659091
7950.0	28033.0	9.0	4.0	3.0	4,4	0,3	1.0	39.46455383300781	0.9762586130708382
7949.0	28034.0	9.0	4.0	3.0	4,4	0,3	1.0	39.46455383300781	0.9762586130708382
8269.0	28035.0	5.0	4.0	2.0	4	0	1.0	39.46455383300781	0.9867399465659091
8579.0	28036.0	3.0	4.0	2.0	1	0	1.0	39.46455383300781	0.9920227368451446
8273.0	28037.0	5.0	4.0	2.0	4	0	1.0	39.46455383300781	0.9867399465659091
8585.0	28038.0	3.0	4.0	2.0	4	0	1.0	39.46455383300781	0.9920227368451446
8276.0	28039.0	5.0	4.0	2.0	4	0	1.0	39.46455383300781	0.9867399465659091
8586.0	28040.0	3.0	1.0	2.0	1	0	0.0	39.46455383300781	0.9920227368451446
7926.0	28041.0	10.0	4.0	3.0	4,4	0,3	1.0	39.46455383300781	0.9736557221488931
8228.0	28042.0	2.0	4.0	3.0	1,1	0,5	1.0	39.46455383300781	0.9946747286296723
7880.0	28043.0	13.0	4.0	3.0	4,4	0,4	1.0	39.46455383300781	0.9658886142310806
7852.0	28044.0	6.0	1.0	6.0	4,1,1,1,4	0,3,2,6,2	0.0	39.46455383300781	0.9841091104177311
8566.0	28045.0	4.0	4.0	2.0	4	0	1.0	39.46455383300781	0.9893778157745123
8239.0	28046.0	2.0	4.0	3.0	4,1	0,5	1.0	39.46455383300781	0.9946747286296723
7896.0	28047.0	12.0	4.0	3.0	1,4	0,4	1.0	39.46455383300781	0.9684707412071779
8274.0	28048.0	5.0	4.0	2.0	4	0	1.0	39.46455383300781	0.9867399465659091
8278.0	28049.0	5.0	4.0	2.0	1	0	1.0	39.46455383300781	0.9867399465659091
8236.0	28050.0	2.0	1.0	3.0	1,1	0,5	0.0	39.46455383300781	0.9946747286296723
8615.0	28051.0	3.0	4.0	2.0	4	0	1.0	39.46455383300781	0.9920227368451446
8614.0	28052.0	3.0	1.0	2.0	1	0	0.0	39.46455383300781	0.9920227368451446
8581.0	28053.0	3.0	1.0	2.0	4	0	0.0	39.46455383300781	0.9920227368451446
7939.0	28054.0	10.0	4.0	3.0	4,4	0,3	1.0	39.46455383300781	0.9736557221488931
8235.0	28055.0	2.0	4.0	3.0	4,1	0,5	1.0	39.46455383300781	0.9946747286296723
8227.0	28056.0	2.0	1.0	3.0	4,1	0,5	0.0	39.46455383300781	0.9946747286296723
8591.0	28057.0	3.0	4.0	2.0	1	0	1.0	39.46455383300781	0.9920227368451446
7904.0	28058.0	12.0	4.0	3.0	4,4	0,4	1.0	39.46455383300781	0.9684707412071779
8583.0	28059.0	3.0	4.0	2.0	1	0	1.0	39.46455383300781	0.9920227368451446
8575.0	28060.0	4.0	4.0	2.0	4	0	1.0	39.46455383300781	0.9893778157745123
8264.0	28061.0	5.0	1.0	2.0	1	0	0.0	39.46455383300781	0.9867399465659091
7838.0	28062.0	19.0	4.0	3.0	3,3	0,18	1.0	39.46455383300781	0.9505397849135637
8277.0	28063.0	5.0	4.0	2.0	4	0	1.0	39.46455383300781	0.9867399465659091
8568.0	28064.0	4.0	4.0	2.0	4	0	1.0	39.46455383300781	0.9893778157745123
8282.0	28065.0	4.0	4.0	2.0	4	0	1.0	39.46455383300781	0.9893778157745123
8285.0	28066.0	4.0	4.0	2.0	4	0	1.0	39.46455383300781	0.9893778157745123
8607.0	28077.0	3.0	1.0	2.0	1	0	0.0	39.46455383300781	0.9920227368451446
8601.0	28078.0	3.0	1.0	2.0	1	0	0.0	39.46455383300781	0.9920227368451446
8398.0	28079.0	9.0	4.0	3.0	4,4	0,3	1.0	39.46455383300781	0.9762586130708382
8613.0	28080.0	3.0	4.0	2.0	4	0	1.0	39.46455383300781	0.9920227368451446
8543.0	28081.0	5.0	1.0	2.0	1	0	0.0	39.46455383300781	0.9867399465659091
8416.0	28082.0	8.0	4.0	3.0	4,4	0,3	1.0	39.46455383300781	0.9788684623467448
8565.0	28083.0	4.0	4.0	2.0	1	0	1.0	39.46455383300781	0.9893778157745123
8547.0	28084.0	5.0	4.0	2.0	4	0	1.0	39.46455383300781	0.9867399465659091
8596.0	28085.0	4.0	1.0	2.0	1	0	0.0	39.46455383300781	0.9893778157745123
8554.0	28086.0	5.0	4.0	2.0	1	0	1.0	39.46455383300781	0.9867399465659091
8442.0	28087.0	7.0	4.0	3.0	4,4	0,3	1.0	39.46455383300781	0.981485288578503
8497.0	28088.0	2.0	4.0	3.0	1,1	0,5	1.0	39.46455383300781	0.9946747286296723
8339.0	28089.0	2.0	4.0	4.0	4,4,1	0,3,11	1.0	39.46455383300781	0.9946747286296723
8662.0	28090.0	3.0	4.0	2.0	4	0	1.0	39.46455383300781	0.9920227368451446
8316.0	28091.0	13.0	4.0	3.0	4,4	0,4	1.0	39.46455383300781	0.9658886142310806
8559.0	28092.0	4.0	4.0	2.0	4	0	1.0	39.46455383300781	0.9893778157745123
8594.0	28093.0	4.0	4.0	2.0	1	0	1.0	39.46455383300781	0.9893778157745123
8449.0	28094.0	5.0	4.0	4.0	4,1,4	0,3,2	1.0	39.46455383300781	0.9867399465659091
8555.0	28095.0	4.0	4.0	2.0	4	0	1.0	39.46455383300781	0.9893778157745123
8544.0	28096.0	5.0	4.0	2.0	1	0	1.0	39.46455383300781	0.9867399465659091
8381.0	28097.0	10.0	4.0	3.0	4,4	0,3	1.0	39.46455383300781	0.9736557221488931
8551.0	28098.0	5.0	1.0	2.0	1	0	0.0	39.46455383300781	0.9867399465659091
8548.0	28099.0	5.0	1.0	2.0	1	0	0.0	39.46455383300781	0.9867399465659091
8358.0	28100.0	6.0	2.0	5.0	4,1,1,4	0,4,2,2	1.0	39.464542388916016	0.9841091058464339
8537.0	28101.0	5.0	4.0	2.0	1	0	1.0	39.46455383300781	0.9867399465659091
8395.0	28102.0	9.0	4.0	3.0	4,4	0,3	1.0	39.46455383300781	0.9762586130708382
8378.0	28103.0	10.0	4.0	3.0	4,4	0,3	1.0	39.46455383300781	0.9736557221488931
8595.0	28104.0	4.0	4.0	2.0	1	0	1.0	39.46455383300781	0.9893778157745123
8375.0	28105.0	10.0	4.0	3.0	1,4	0,3	1.0	39.46455383300781	0.9736557221488931
8663.0	28106.0	3.0	1.0	2.0	1	0	0.0	39.46455383300781	0.9920227368451446
8592.0	28107.0	4.0	1.0	2.0	1	0	0.0	39.46455383300781	0.9893778157745123
8542.0	28108.0	5.0	4.0	2.0	1	0	1.0	39.46455383300781	0.9867399465659091
8353.0	28109.0	12.0	4.0	3.0	4,4	0,4	1.0	39.46455383300781	0.9684707412071779
8388.0	28110.0	2.0	4.0	4.0	4,4,1	0,3,8	1.0	39.46455383300781	0.9946747286296723
8495.0	28111.0	2.0	2.0	3.0	1,1	0,5	1.0	39.46455383300781	0.9946747286296723
8602.0	28112.0	3.0	1.0	2.0	1	0	0.0	39.46455383300781	0.9920227368451446
8303.0	28113.0	14.0	1.0	3.0	1,4	0,5	0.0	39.46455383300781	0.9633133716960274
8541.0	28114.0	5.0	4.0	2.0	1	0	1.0	39.46455383300781	0.9867399465659091
8409.0	28115.0	9.0	4.0	3.0	4,4	0,3	1.0	39.46455383300781	0.9762586130708382
8562.0	28116.0	4.0	1.0	2.0	1	0	0.0	39.46455383300781	0.9893778157745123
8660.0	28117.0	3.0	1.0	2.0	1	0	0.0	39.46455383300781	0.9920227368451446
8569.0	28132.0	5.0	4.0	2.0	1	0	1.0	39.46455383300781	0.9867399465659091
7865.0	28133.0	15.0	4.0	3.0	4,1	0,5	1.0	39.46455383300781	0.9607449952467905
7952.0	28134.0	2.0	4.0	4.0	4,4,1	0,3,8	1.0	39.46455383300781	0.9946747286296723
8251.0	28135.0	2.0	4.0	3.0	1,1	0,5	1.0	39.46455383300781	0.9946747286296723
8571.0	28136.0	5.0	4.0	2.0	4	0	1.0	39.46455383300781	0.9867399465659091
7954.0	28137.0	10.0	4.0	3.0	4,4	0,3	1.0	39.46455383300781	0.9736557221488931
8618.0	28138.0	3.0	1.0	2.0	1	0	0.0	39.46455383300781	0.9920227368451446
8267.0	28139.0	2.0	4.0	3.0	1,1	0,4	1.0	39.46455383300781	0.9946747286296723
8617.0	28140.0	3.0	4.0	2.0	4	0	1.0	39.46455383300781	0.9920227368451446
8572.0	28141.0	5.0	4.0	2.0	4	0	1.0	39.46455383300781	0.9867399465659091
7892.0	28142.0	13.0	4.0	3.0	4,4	0,4	1.0	39.46455383300781	0.9658886142310806
7881.0	28143.0	14.0	4.0	3.0	4,4	0,4	1.0	39.46455383300781	0.9633133716960274
7963.0	28144.0	6.0	4.0	4.0	1,1,4	0,5,2	1.0	39.46455383300781	0.9841091104177311
8578.0	28145.0	4.0	4.0	2.0	1	0	1.0	39.46455383300781	0.9893778157745123
8271.0	28146.0	2.0	4.0	3.0	1,1	0,4	1.0	39.46455383300781	0.9946747286296723
8260.0	28147.0	2.0	4.0	3.0	1,1	0,5	1.0	39.46455383300781	0.9946747286296723
8582.0	28148.0	4.0	4.0	2.0	1	0	1.0	39.46455383300781	0.9893778157745123
8622.0	28149.0	3.0	1.0	2.0	1	0	0.0	39.46455383300781	0.9920227368451446
7850.0	28150.0	15.0	4.0	3.0	4,4	0,5	1.0	39.46455383300781	0.9607449952467905
8609.0	28151.0	4.0	4.0	2.0	4	0	1.0	39.46455383300781	0.9893778157745123
8619.0	28152.0	3.0	4.0	2.0	4	0	1.0	39.46455383300781	0.9920227368451446
7966.0	28153.0	9.0	4.0	3.0	4,4	0,3	1.0	39.46455383300781	0.9762586130708382
8589.0	28154.0	4.0	1.0	2.0	1	0	0.0	39.46455383300781	0.9893778157745123
8281.0	28155.0	5.0	1.0	2.0	4	0	0.0	39.46455383300781	0.9867399465659091
7920.0	28156.0	11.0	4.0	3.0	4,4	0,4	1.0	39.46455383300781	0.9710597710286163
7955.0	28157.0	10.0	4.0	3.0	4,4	0,3	1.0	39.46455383300781	0.9736557221488931
8638.0	28158.0	3.0	4.0	2.0	1	0	1.0	39.46455383300781	0.9920227368451446
7992.0	28159.0	5.0	4.0	4.0	1,1,4	0,4,2	1.0	39.46455383300781	0.9867399465659091
7879.0	28160.0	14.0	4.0	3.0	4,4	0,4	1.0	39.46455383300781	0.9633133716960274
7938.0	28161.0	11.0	4.0	3.0	4,4	0,3	1.0	39.46455383300781	0.9710597710286163
7910.0	28162.0	2.0	4.0	5.0	4,1,4,1	0,5,2,6	1.0	39.464542388916016	0.9946747270895472
8283.0	28163.0	2.0	4.0	3.0	1,1	0,3	1.0	39.46455383300781	0.9946747286296723
8636.0	28164.0	3.0	1.0	2.0	1	0	0.0	39.46455383300781	0.9920227368451446
8286.0	28165.0	5.0	4.0	2.0	4	0	1.0	39.46455383300781	0.9867399465659091
8284.0	28166.0	5.0	4.0	2.0	4	0	1.0	39.46455383300781	0.9867399465659091
8620.0	28167.0	3.0	4.0	2.0	1	0	1.0	39.46455383300781	0.9920227368451446
8005.0	28168.0	8.0	4.0	3.0	4,4	0,3	1.0	39.46455383300781	0.9788684623467448
7877.0	28169.0	14.0	4.0	3.0	1,4	0,4	1.0	39.46455383300781	0.9633133716960274
7999.0	28170.0	8.0	4.0	3.0	4,4	0,3	1.0	39.46455383300781	0.9788684623467448
8570.0	28171.0	5.0	4.0	2.0	4	0	1.0	39.46455383300781	0.9867399465659091
8574.0	28172.0	5.0	4.0	2.0	1	0	1.0	39.46455383300781	0.9867399465659091
8580.0	28173.0	4.0	1.0	2.0	1	0	0.0	39.46455383300781	0.9893778157745123
8247.0	28174.0	2.0	4.0	3.0	4,1	0,5	1.0	39.46455383300781	0.9946747286296723
7843.0	28175.0	15.0	4.0	3.0	3,4	0,5	1.0	39.46455383300781	0.9607449952467905
8588.0	28176.0	4.0	1.0	2.0	1	0	0.0	39.46455383300781	0.9893778157745123
8616.0	28177.0	4.0	4.0	2.0	4	0	1.0	39.46455383300781	0.9893778157745123
8287.0	28178.0	2.0	1.0	3.0	1,1	0,3	0.0	39.46455383300781	0.9946747286296723
8288.0	28179.0	5.0	1.0	2.0	4	0	0.0	39.46455383300781	0.9867399465659091
8391.0	28192.0	11.0	4.0	3.0	4,4	0,3	1.0	39.46455383300781	0.9710597710286163
8326.0	28193.0	14.0	4.0	3.0	4,4	0,4	1.0	39.46455383300781	0.9633133716960274
8481.0	28194.0	2.0	4.0	4.0	1,1,1	0,5,2	1.0	39.464542388916016	0.9946747270895472
8536.0	28195.0	2.0	1.0	3.0	1,1	0,4	0.0	39.46455383300781	0.9946747286296723
8306.0	28196.0	15.0	4.0	3.0	4,4	0,5	1.0	39.46455383300781	0.9607449952467905
8664.0	28197.0	3.0	4.0	2.0	1	0	1.0	39.46455383300781	0.9920227368451446
8668.0	28198.0	3.0	1.0	2.0	1	0	0.0	39.46455383300781	0.9920227368451446
8352.0	28199.0	13.0	4.0	3.0	4,4	0,4	1.0	39.46455383300781	0.9658886142310806
8605.0	28200.0	4.0	1.0	2.0	1	0	0.0	39.46455383300781	0.9893778157745123
8597.0	28201.0	2.0	4.0	3.0	1,1	0,3	1.0	28.91390609741211	0.9927386138028701
8630.0	28202.0	4.0	1.0	2.0	1	0	0.0	28.91390609741211	0.985529955335244
8539.0	28203.0	2.0	1.0	3.0	1,1	0,4	0.0	28.91390609741211	0.9927386138028701
8304.0	28204.0	15.0	4.0	3.0	4,4	0,5	1.0	28.91390609741211	0.9468078712013169
8302.0	28205.0	15.0	4.0	3.0	4,4	0,5	1.0	28.91390609741211	0.9468078712013169
8552.0	28206.0	2.0	1.0	3.0	1,1	0,4	0.0	28.91390609741211	0.9927386138028701
8556.0	28207.0	5.0	4.0	2.0	4	0	1.0	28.91390609741211	0.9819452792422783
8320.0	28208.0	14.0	4.0	3.0	4,4	0,4	1.0	28.91390609741211	0.9502642751499627
8313.0	28209.0	15.0	4.0	3.0	4,4	0,5	1.0	28.91390609741211	0.9468078712013169
8560.0	28210.0	5.0	1.0	2.0	1	0	0.0	28.91390609741211	0.9819452792422783
8501.0	28211.0	2.0	1.0	4.0	1,1,1	0,4,2	0.0	28.91390609741211	0.9927386138028701
8667.0	28212.0	3.0	1.0	2.0	1	0	0.0	28.91390609741211	0.9891277175980433
8604.0	28213.0	4.0	1.0	2.0	1	0	0.0	28.91390609741211	0.985529955335244
8359.0	28214.0	2.0	1.0	4.0	1,4,1	0,3,10	0.0	28.91390609741211	0.9927386138028701
8631.0	28215.0	4.0	4.0	2.0	1	0	1.0	28.91390609741211	0.985529955335244
8611.0	28216.0	4.0	1.0	2.0	1	0	0.0	28.91390609741211	0.985529955335244
8527.0	28217.0	2.0	4.0	3.0	4,1	0,5	1.0	28.91390609741211	0.9927386138028701
8557.0	28218.0	5.0	4.0	2.0	4	0	1.0	28.91390609741211	0.9819452792422783
8305.0	28219.0	15.0	4.0	3.0	4,4	0,5	1.0	28.91390609741211	0.9468078712013169
8540.0	28220.0	2.0	4.0	3.0	1,1	0,4	1.0	28.91390609741211	0.9927386138028701
8593.0	28221.0	2.0	4.0	3.0	4,1	0,3	1.0	28.91390609741211	0.9927386138028701
8558.0	28222.0	2.0	4.0	3.0	1,1	0,3	1.0	28.91390609741211	0.9927386138028701
8308.0	28223.0	15.0	4.0	3.0	1,4	0,5	1.0	28.91390609741211	0.9468078712013169
8666.0	28224.0	3.0	1.0	2.0	1	0	0.0	28.91390609741211	0.9891277175980433
8311.0	28225.0	15.0	4.0	3.0	4,4	0,5	1.0	28.91390609741211	0.9468078712013169
8672.0	28226.0	3.0	1.0	2.0	1	0	0.0	28.91390609741211	0.9891277175980433
8610.0	28227.0	4.0	4.0	2.0	1	0	1.0	28.91390609741211	0.985529955335244
8563.0	28228.0	5.0	1.0	2.0	1	0	0.0	28.91390609741211	0.9819452792422783
8401.0	28229.0	10.0	4.0	3.0	4,4	0,3	1.0	28.91390609741211	0.9642165314261959
8598.0	28230.0	5.0	4.0	2.0	1	0	1.0	28.91390609741211	0.9819452792422783
8680.0	28231.0	3.0	4.0	2.0	4	0	1.0	28.91390609741211	0.9891277175980433
8345.0	28232.0	13.0	4.0	3.0	1,4	0,4	1.0	28.91390609741211	0.9537332969998952
8677.0	28233.0	3.0	1.0	2.0	4	0	0.0	28.91390609741211	0.9891277175980433
8516.0	28234.0	2.0	1.0	3.0	1,1	0,5	0.0	28.91390609741211	0.9927386138028701
8600.0	28235.0	5.0	1.0	2.0	4	0	0.0	28.91390609741211	0.9819452792422783
8330.0	28236.0	14.0	4.0	3.0	4,4	0,4	1.0	28.91390609741211	0.9502642751499627
8629.0	28237.0	4.0	4.0	2.0	1	0	1.0	28.91390609741211	0.985529955335244
8505.0	28238.0	2.0	4.0	4.0	4,1,1	0,4,2	1.0	28.91390609741211	0.9927386138028701
8418.0	28239.0	4.0	1.0	5.0	1,1,1,4	0,5,2,1	0.0	28.91390609741211	0.985529955335244
8645.0	28291.0	3.0	4.0	2.0	4	0	1.0	28.91390609741211	0.9891277175980433
8577.0	28292.0	5.0	1.0	2.0	1	0	0.0	28.91390609741211	0.9819452792422783
8614.0	28293.0	2.0	4.0	3.0	1,1	0,3	1.0	28.91390609741211	0.9927386138028701
8651.0	28294.0	3.0	4.0	2.0	4	0	1.0	28.91390609741211	0.9891277175980433
7839.0	28295.0	21.0	2.0	3.0	3,3	0,18	1.0	28.91390609741211	0.9263318649570698
8586.0	28297.0	2.0	1.0	3.0	1,1	0,3	0.0	28.91390609741211	0.9927386138028701
8628.0	28298.0	4.0	1.0	2.0	1	0	0.0	28.91390609741211	0.985529955335244
7853.0	28299.0	16.0	4.0	3.0	4,4	0,5	1.0	28.91390609741211	0.9433640392587631
8200.0	28300.0	8.0	4.0	3.0	4,4	0,3	1.0	28.91390609741211	0.971269292863088
8640.0	28302.0	4.0	4.0	2.0	4	0	1.0	28.91390609741211	0.985529955335244
8626.0	28303.0	4.0	4.0	2.0	1	0	1.0	28.91390609741211	0.985529955335244
8635.0	28304.0	4.0	1.0	2.0	1	0	0.0	28.91390609741211	0.985529955335244
8624.0	28305.0	4.0	4.0	2.0	4	0	1.0	28.91390609741211	0.985529955335244
8581.0	28307.0	2.0	4.0	3.0	4,1	0,3	1.0	28.91390609741211	0.9927386138028701
8236.0	28309.0	2.0	1.0	4.0	1,1,1	0,5,2	0.0	28.91390609741211	0.9927386138028701
7998.0	28310.0	9.0	4.0	3.0	4,4	0,3	1.0	28.91390609741211	0.9677364871932962
8652.0	28312.0	3.0	1.0	2.0	1	0	0.0	28.91390609741211	0.9891277175980433
8644.0	28313.0	3.0	4.0	2.0	4	0	1.0	28.91390609741211	0.9891277175980433
7851.0	28314.0	16.0	4.0	3.0	4,4	0,5	1.0	28.91390609741211	0.9433640392587631
7980.0	28315.0	10.0	4.0	3.0	4,4	0,3	1.0	28.91390609741211	0.9642165314261959
7889.0	28317.0	14.0	4.0	3.0	4,4	0,4	1.0	28.91390609741211	0.9502642751499627
8576.0	28318.0	5.0	1.0	2.0	1	0	0.0	28.91390609741211	0.9819452792422783
7860.0	28319.0	16.0	4.0	3.0	4,4	0,5	1.0	28.91390609741211	0.9433640392587631
8264.0	28320.0	2.0	4.0	3.0	1,1	0,5	1.0	28.91390609741211	0.9927386138028701
7948.0	28322.0	11.0	4.0	3.0	4,4	0,3	1.0	28.91390609741211	0.9607093788227318
8639.0	28324.0	4.0	4.0	2.0	1	0	1.0	28.91390609741211	0.985529955335244
7947.0	28325.0	11.0	4.0	3.0	4,4	0,3	1.0	28.91390609741211	0.9607093788227318
8590.0	28327.0	5.0	4.0	2.0	1	0	1.0	28.91390609741211	0.9819452792422783
7983.0	28328.0	6.0	4.0	4.0	4,1,4	0,5,2	1.0	28.91390609741211	0.9783736417207146
7991.0	28330.0	9.0	4.0	3.0	4,4	0,3	1.0	28.91390609741211	0.9677364871932962
8647.0	28331.0	3.0	4.0	2.0	4	0	1.0	28.91390609741211	0.9891277175980433
7852.0	28332.0	2.0	1.0	7.0	4,1,1,1,4,1	0,3,2,6,2,6	0.0	28.91390609741211	0.9927386138028701
8227.0	28333.0	2.0	1.0	4.0	4,1,1	0,5,2	0.0	28.91390609741211	0.9927386138028701
8663.0	28350.0	2.0	1.0	3.0	1,1	0,3	0.0	28.91390609741211	0.9927386138028701
8669.0	28351.0	4.0	4.0	2.0	4	0	1.0	28.91390609741211	0.985529955335244
8543.0	28352.0	2.0	4.0	3.0	1,1	0,5	1.0	28.91390609741211	0.9927386138028701
8483.0	28353.0	7.0	4.0	3.0	4,4	0,3	1.0	28.91390609741211	0.9748149953452515
8602.0	28354.0	2.0	4.0	3.0	1,1	0,3	1.0	28.91390609741211	0.9927386138028701
8333.0	28355.0	15.0	4.0	3.0	4,4	0,4	1.0	28.91390609741211	0.9468078712013169
8356.0	28357.0	5.0	4.0	6.0	1,1,1,1,4	0,5,2,2,2	1.0	28.91390609741211	0.9819452792422783
8603.0	28358.0	5.0	1.0	2.0	1	0	0.0	28.91390609741211	0.9819452792422783
8676.0	28359.0	4.0	1.0	2.0	4	0	0.0	28.91390609741211	0.985529955335244
8332.0	28360.0	15.0	1.0	3.0	4,4	0,4	0.0	28.91390609741211	0.9468078712013169
8447.0	28361.0	6.0	4.0	4.0	4,1,4	0,4,2	1.0	28.91390609741211	0.9783736417207146
8607.0	28363.0	2.0	4.0	3.0	1,1	0,3	1.0	28.91390609741211	0.9927386138028701
8596.0	28364.0	2.0	1.0	3.0	1,1	0,4	0.0	28.91390609741211	0.9927386138028701
8562.0	28365.0	2.0	4.0	3.0	1,1	0,4	1.0	28.91390609741211	0.9927386138028701
8660.0	28366.0	2.0	1.0	3.0	1,1	0,3	0.0	28.91390609741211	0.9927386138028701
8592.0	28367.0	2.0	4.0	3.0	1,1	0,4	1.0	28.91390609741211	0.9927386138028701
8601.0	28369.0	2.0	4.0	3.0	1,1	0,3	1.0	28.91390609741211	0.9927386138028701
8428.0	28370.0	10.0	4.0	3.0	4,4	0,3	1.0	28.91390609741211	0.9642165314261959
8674.0	28371.0	4.0	1.0	2.0	4	0	0.0	28.91390609741211	0.985529955335244
8458.0	28372.0	6.0	2.0	3.0	4,2	0,5	1.0	28.91390609741211	0.9783736417207146
8293.0	28373.0	16.0	4.0	3.0	3,4	0,5	1.0	28.91390609741211	0.9433640392587631
8612.0	28375.0	5.0	1.0	2.0	1	0	0.0	28.91390609741211	0.9819452792422783
8372.0	28376.0	12.0	4.0	3.0	4,4	0,4	1.0	28.91390609741211	0.9572149828138532
8348.0	28377.0	14.0	4.0	3.0	4,4	0,4	1.0	28.91390609741211	0.9502642751499627
8329.0	28378.0	14.0	4.0	3.0	4,4	0,5	1.0	28.91390609741211	0.9502642751499627
8551.0	28379.0	2.0	4.0	3.0	1,1	0,5	1.0	28.91390609741211	0.9927386138028701
8661.0	28381.0	5.0	4.0	2.0	4	0	1.0	28.91390609741211	0.9819452792422783
8548.0	28383.0	2.0	4.0	3.0	1,1	0,5	1.0	28.91390609741211	0.9927386138028701
8632.0	28384.0	5.0	4.0	2.0	4	0	1.0	28.91390609741211	0.9819452792422783
8307.0	28385.0	16.0	1.0	3.0	1,4	0,5	0.0	28.91390609741211	0.9433640392587631
8420.0	28387.0	6.0	1.0	4.0	4,1,4	0,5,2	0.0	28.91390609741211	0.9783736417207146
8606.0	28389.0	5.0	4.0	2.0	4	0	1.0	28.91390609741211	0.9819452792422783
8608.0	28390.0	5.0	4.0	2.0	1	0	1.0	28.91390609741211	0.9819452792422783
8303.0	28391.0	2.0	4.0	4.0	1,4,1	0,5,14	1.0	28.91390609741211	0.9927386138028701
8646.0	28409.0	5.0	4.0	2.0	4	0	1.0	28.91390609741211	0.9819452792422783
8622.0	28410.0	3.0	3.0	3.0	1,1	0,3	1.0	28.91390609741211	0.9891277175980433
8648.0	28411.0	5.0	1.0	2.0	1	0	0.0	28.91390609741211	0.9819452792422783
8623.0	28412.0	6.0	4.0	2.0	4	0	1.0	28.91390609741211	0.9783736417207146
8633.0	28413.0	6.0	4.0	2.0	4	0	1.0	28.91390609741211	0.9783736417207146
8003.0	28414.0	7.0	4.0	4.0	4,1,4	0,5,2	1.0	28.91390609741211	0.9748149953452515
7847.0	28415.0	18.0	4.0	3.0	4,4	0,5	1.0	28.91390609741211	0.9365139086452208
8634.0	28417.0	6.0	4.0	2.0	4	0	1.0	28.91390609741211	0.9783736417207146
7997.0	28418.0	11.0	4.0	3.0	4,4	0,3	1.0	28.91390609741211	0.9607093788227318
8654.0	28419.0	5.0	1.0	2.0	4	0	0.0	28.91390609741211	0.9819452792422783
8288.0	28420.0	3.0	4.0	3.0	4,1	0,5	1.0	28.91390609741211	0.9891277175980433
7891.0	28421.0	15.0	4.0	3.0	4,4	0,5	1.0	28.91390609741211	0.9468078712013169
8618.0	28422.0	3.0	4.0	3.0	1,1	0,3	1.0	28.91390609741211	0.9891277175980433
8659.0	28424.0	5.0	4.0	2.0	1	0	1.0	28.91390609741211	0.9819452792422783
7911.0	28425.0	14.0	4.0	3.0	4,4	0,4	1.0	28.91390609741211	0.9502642751499627
7942.0	28426.0	13.0	4.0	3.0	4,4	0,4	1.0	28.91390609741211	0.9537332969998952
7888.0	28427.0	15.0	1.0	3.0	4,4	0,5	0.0	28.91390609741211	0.9468078712013169
7936.0	28429.0	13.0	4.0	3.0	4,4	0,4	1.0	28.91390609741211	0.9537332969998952
7906.0	28431.0	14.0	4.0	3.0	4,4	0,4	1.0	28.91390609741211	0.9502642751499627
8008.0	28432.0	10.0	4.0	3.0	4,4	0,3	1.0	28.91390609741211	0.9642165314261959
8281.0	28433.0	3.0	4.0	3.0	4,1	0,5	1.0	28.91390609741211	0.9891277175980433
7994.0	28434.0	11.0	4.0	3.0	4,4	0,3	1.0	28.91390609741211	0.9607093788227318
7867.0	28435.0	16.0	4.0	3.0	4,4	0,5	1.0	28.91390609741211	0.9433640392587631
7849.0	28436.0	18.0	4.0	3.0	4,4	0,5	1.0	28.91390609741211	0.9365139086452208
7922.0	28438.0	14.0	4.0	3.0	4,4	0,4	1.0	28.91390609741211	0.9502642751499627
8657.0	28440.0	5.0	4.0	2.0	4	0	1.0	28.91390609741211	0.9819452792422783
8643.0	28441.0	5.0	4.0	2.0	4	0	1.0	28.91390609741211	0.9819452792422783
8625.0	28442.0	6.0	1.0	2.0	1	0	0.0	28.91390609741211	0.9783736417207146
8287.0	28443.0	3.0	4.0	4.0	1,1,1	0,3,2	1.0	28.91390609741211	0.9891277175980433
8637.0	28445.0	6.0	4.0	2.0	4	0	1.0	28.91390609741211	0.9783736417207146
8656.0	28446.0	5.0	4.0	2.0	4	0	1.0	28.91390609741211	0.9819452792422783
8580.0	28447.0	3.0	4.0	3.0	1,1	0,4	1.0	28.91390609741211	0.9891277175980433
8588.0	28448.0	3.0	1.0	3.0	1,1	0,4	0.0	28.91390609741211	0.9891277175980433
8621.0	28449.0	6.0	1.0	2.0	1	0	0.0	28.91390609741211	0.9783736417207146
8636.0	28452.0	3.0	4.0	3.0	1,1	0,3	1.0	28.91390609741211	0.9891277175980433
8627.0	28454.0	6.0	1.0	2.0	4	0	0.0	28.91390609741211	0.9783736417207146
8642.0	28455.0	5.0	1.0	2.0	1	0	0.0	28.91390609741211	0.9819452792422783
8589.0	28456.0	3.0	1.0	3.0	1,1	0,4	0.0	28.91390609741211	0.9891277175980433
7908.0	28457.0	14.0	4.0	3.0	4,4	0,4	1.0	28.91390609741211	0.9502642751499627
8199.0	28459.0	10.0	4.0	3.0	4,4	0,3	1.0	28.91390609741211	0.9642165314261959
8227.0	28460.0	2.0	4.0	5.0	4,1,1,1	0,5,2,2	1.0	28.91390609741211	0.9927386138028701
8658.0	28461.0	5.0	4.0	2.0	1	0	1.0	28.91390609741211	0.9819452792422783
7894.0	28462.0	15.0	4.0	3.0	4,4	0,5	1.0	28.91390609741211	0.9468078712013169
8219.0	28463.0	9.0	4.0	3.0	4,4	0,3	1.0	28.91390609741211	0.9677364871932962
8655.0	28464.0	5.0	4.0	2.0	4	0	1.0	28.91390609741211	0.9819452792422783
8576.0	28466.0	2.0	4.0	3.0	1,1	0,5	1.0	28.91390609741211	0.9927386138028701
7945.0	28467.0	13.0	4.0	3.0	4,4	0,4	1.0	28.91390609741211	0.9537332969998952
8628.0	28468.0	2.0	4.0	3.0	1,1	0,4	1.0	28.91390609741211	0.9927386138028701
8695.0	28469.0	3.0	4.0	2.0	4	0	1.0	28.91390609741211	0.9891277175980433
8220.0	28470.0	9.0	4.0	3.0	4,4	0,3	1.0	28.91390609741211	0.9677364871932962
8653.0	28471.0	5.0	4.0	2.0	1	0	1.0	28.91390609741211	0.9819452792422783
7876.0	28473.0	16.0	4.0	3.0	4,4	0,5	1.0	28.91390609741211	0.9433640392587631
8202.0	28474.0	9.0	4.0	3.0	4,4	0,3	1.0	28.91390609741211	0.9677364871932962
8232.0	28475.0	8.0	4.0	3.0	4,4	0,3	1.0	28.91390609741211	0.971269292863088
8207.0	28476.0	9.0	4.0	3.0	1,4	0,3	1.0	28.91390609741211	0.9677364871932962
8586.0	28477.0	2.0	2.0	4.0	1,1,1	0,3,2	1.0	28.91390609741211	0.9927386138028701
8201.0	28478.0	5.0	4.0	4.0	1,1,4	0,5,2	1.0	28.91390609741211	0.9819452792422783
8701.0	28480.0	3.0	4.0	2.0	4	0	1.0	28.91390609741211	0.9891277175980433
8652.0	28481.0	2.0	1.0	3.0	1,1	0,3	0.0	28.91390609741211	0.9927386138028701
8192.0	28482.0	10.0	4.0	3.0	4,4	0,3	1.0	28.91390609741211	0.9642165314261959
8635.0	28483.0	2.0	1.0	3.0	1,1	0,4	0.0	28.91390609741211	0.9927386138028701
7985.0	28485.0	11.0	4.0	3.0	4,4	0,4	1.0	28.91390609741211	0.9607093788227318
7873.0	28487.0	5.0	2.0	7.0	4,1,1,1,1,4	0,3,7,2,2,2	1.0	28.91390609741211	0.9819452792422783
8649.0	28488.0	5.0	4.0	2.0	4	0	1.0	28.91390609741211	0.9819452792422783
8577.0	28489.0	2.0	4.0	3.0	1,1	0,5	1.0	28.91390609741211	0.9927386138028701
7848.0	28490.0	18.0	4.0	3.0	4,4	0,5	1.0	28.91390609741211	0.9365139086452208
7899.0	28491.0	6.0	4.0	5.0	4,4,1,4	0,3,9,2	1.0	28.91390609741211	0.9783736417207146
7981.0	28492.0	6.0	1.0	5.0	1,1,1,4	0,5,2,2	0.0	28.91390609741211	0.9783736417207146
8236.0	28494.0	2.0	4.0	5.0	1,1,1,1	0,5,2,2	1.0	28.91390609741211	0.9927386138028701
8650.0	28495.0	5.0	4.0	2.0	4	0	1.0	28.91390609741211	0.9819452792422783
8217.0	28497.0	9.0	4.0	3.0	4,4	0,3	1.0	28.91390609741211	0.9677364871932962
7914.0	28498.0	14.0	4.0	3.0	4,4	0,4	1.0	28.91390609741211	0.9502642751499627
8641.0	28499.0	5.0	4.0	2.0	1	0	1.0	28.91390609741211	0.9819452792422783
7930.0	28500.0	13.0	1.0	3.0	4,4	0,4	0.0	28.91390609741211	0.9537332969998952
7852.0	28501.0	2.0	4.0	8.0	4,1,1,1,4,1,1	0,3,2,6,2,6,2	1.0	28.91390609741211	0.9927386138028701
8342.0	28522.0	16.0	4.0	3.0	4,4	0,4	1.0	28.91390609741211	0.9433640392587631
8539.0	28523.0	3.0	4.0	4.0	1,1,1	0,4,2	1.0	28.91390609741211	0.9891277175980433
8407.0	28524.0	12.0	4.0	3.0	4,4	0,4	1.0	28.91390609741211	0.9572149828138532
8448.0	28525.0	11.0	4.0	3.0	4,4	0,3	1.0	28.91390609741211	0.9607093788227318
8604.0	28526.0	3.0	1.0	3.0	1,1	0,4	0.0	28.91390609741211	0.9891277175980433
8673.0	28527.0	6.0	1.0	2.0	1	0	0.0	28.91390609741211	0.9783736417207146
8350.0	28528.0	16.0	4.0	3.0	4,4	0,4	1.0	28.91390609741211	0.9433640392587631
8501.0	28529.0	3.0	1.0	5.0	1,1,1,1	0,4,2,2	0.0	28.91390609741211	0.9891277175980433
8678.0	28530.0	6.0	4.0	2.0	4	0	1.0	28.91390609741211	0.9783736417207146
8487.0	28531.0	7.0	4.0	4.0	4,1,4	0,3,2	1.0	28.91390609741211	0.9748149953452515
8611.0	28532.0	3.0	4.0	3.0	1,1	0,4	1.0	28.91390609741211	0.9891277175980433
8486.0	28533.0	9.0	4.0	3.0	4,4	0,3	1.0	28.91390609741211	0.9677364871932962
8406.0	28534.0	12.0	4.0	3.0	4,4	0,4	1.0	28.91390609741211	0.9572149828138532
8679.0	28535.0	6.0	1.0	2.0	1	0	0.0	28.91390609741211	0.9783736417207146
8438.0	28536.0	7.0	4.0	4.0	1,1,4	0,5,2	1.0	28.91390609741211	0.9748149953452515
8516.0	28538.0	3.0	4.0	4.0	1,1,1	0,5,2	1.0	28.91390609741211	0.9891277175980433
8454.0	28539.0	11.0	4.0	3.0	4,4	0,3	1.0	28.91390609741211	0.9607093788227318
8667.0	28540.0	3.0	1.0	3.0	1,1	0,3	0.0	28.91390609741211	0.9891277175980433
8495.0	28541.0	4.0	1.0	4.0	1,1,2	0,5,2	0.0	28.91390609741211	0.985529955335244
8600.0	28542.0	3.0	1.0	3.0	4,1	0,5	0.0	28.91390609741211	0.9891277175980433
8677.0	28543.0	3.0	1.0	3.0	4,1	0,3	0.0	28.91390609741211	0.9891277175980433
8298.0	28544.0	18.0	4.0	3.0	4,4	0,5	1.0	28.91390609741211	0.9365139086452208
8423.0	28545.0	12.0	4.0	3.0	4,4	0,3	1.0	28.91390609741211	0.9572149828138532
8670.0	28546.0	6.0	4.0	2.0	4	0	1.0	28.91390609741211	0.9783736417207146
8672.0	28547.0	3.0	1.0	3.0	1,1	0,3	0.0	28.91390609741211	0.9891277175980433
8418.0	28548.0	3.0	4.0	6.0	1,1,1,4,1	0,5,2,1,4	1.0	28.91390609741211	0.9891277175980433
8459.0	28549.0	10.0	4.0	3.0	4,4	0,3	1.0	28.91390609741211	0.9642165314261959
8393.0	28550.0	13.0	4.0	3.0	4,4	0,4	1.0	28.91390609741211	0.9537332969998952
8359.0	28551.0	3.0	4.0	5.0	1,4,1,1	0,3,10,2	1.0	28.91390609741211	0.9891277175980433
8300.0	28552.0	18.0	4.0	3.0	1,4	0,5	1.0	28.91390609741211	0.9365139086452208
8536.0	28554.0	3.0	4.0	4.0	1,1,1	0,4,2	1.0	28.91390609741211	0.9891277175980433
8446.0	28555.0	11.0	4.0	3.0	4,4	0,3	1.0	28.91390609741211	0.9607093788227318
8665.0	28556.0	6.0	1.0	2.0	4	0	0.0	28.91390609741211	0.9783736417207146
8666.0	28557.0	3.0	1.0	3.0	1,1	0,3	0.0	28.91390609741211	0.9891277175980433
8563.0	28558.0	3.0	1.0	3.0	1,1	0,5	0.0	28.91390609741211	0.9891277175980433
8470.0	28559.0	6.0	4.0	5.0	1,1,1,4	0,3,2,2	1.0	28.91390609741211	0.9783736417207146
8450.0	28560.0	11.0	4.0	3.0	4,4	0,3	1.0	28.91390609741211	0.9607093788227318
8605.0	28561.0	3.0	4.0	3.0	1,1	0,4	1.0	28.91390609741211	0.9891277175980433
8296.0	28562.0	18.0	4.0	3.0	4,4	0,5	1.0	28.91390609741211	0.9365139086452208
8552.0	28563.0	3.0	4.0	4.0	1,1,1	0,4,2	1.0	28.91390609741211	0.9891277175980433
8630.0	28564.0	3.0	1.0	3.0	1,1	0,4	0.0	28.91390609741211	0.9891277175980433
8465.0	28565.0	10.0	4.0	3.0	4,4	0,3	1.0	28.91390609741211	0.9642165314261959
8668.0	28566.0	3.0	4.0	3.0	1,1	0,3	1.0	28.91390609741211	0.9891277175980433
8514.0	28567.0	6.0	4.0	4.0	1,1,4	0,3,2	1.0	28.91390609741211	0.9783736417207146
8463.0	28568.0	10.0	4.0	3.0	4,4	0,3	1.0	28.91390609741211	0.9642165314261959
8675.0	28570.0	6.0	4.0	2.0	4	0	1.0	28.91390609741211	0.9783736417207146
8671.0	28571.0	6.0	1.0	2.0	1	0	0.0	28.91390609741211	0.9783736417207146
8560.0	28572.0	3.0	4.0	3.0	1,1	0,5	1.0	28.91390609741211	0.9891277175980433
8612.0	28573.0	2.0	4.0	3.0	1,1	0,5	1.0	28.91390609741211	0.9927386138028701
8682.0	28574.0	3.0	4.0	2.0	4	0	1.0	28.91390609741211	0.9891277175980433
8692.0	28575.0	3.0	1.0	2.0	4	0	0.0	28.91390609741211	0.9891277175980433
8508.0	28576.0	6.0	1.0	4.0	1,1,4	0,3,2	0.0	28.91390609741211	0.9783736417207146
8439.0	28577.0	6.0	1.0	5.0	1,1,1,4	0,4,2,2	0.0	28.91390609741211	0.9783736417207146
8491.0	28578.0	5.0	4.0	5.0	4,1,1,4	0,3,2,2	1.0	28.91390609741211	0.9819452792422783
8307.0	28579.0	2.0	4.0	4.0	1,4,1	0,5,16	1.0	28.91390609741211	0.9927386138028701
8462.0	28580.0	10.0	4.0	3.0	4,4	0,3	1.0	28.91390609741211	0.9642165314261959
8484.0	28582.0	5.0	4.0	4.0	1,1,4	0,5,2	1.0	28.91390609741211	0.9819452792422783
8523.0	28583.0	7.0	4.0	3.0	1,4	0,3	1.0	28.91390609741211	0.9748149953452515
8467.0	28584.0	10.0	4.0	3.0	4,4	0,3	1.0	28.91390609741211	0.9642165314261959
8690.0	28586.0	3.0	4.0	2.0	4	0	1.0	28.91390609741211	0.9891277175980433
8319.0	28587.0	16.0	4.0	3.0	4,4	0,5	1.0	28.91390609741211	0.9433640392587631
8312.0	28588.0	18.0	4.0	3.0	4,4	0,5	1.0	28.91390609741211	0.9365139086452208
8361.0	28589.0	14.0	4.0	3.0	4,4	0,4	1.0	28.91390609741211	0.9502642751499627
8509.0	28590.0	5.0	4.0	4.0	1,1,4	0,4,2	1.0	28.91390609741211	0.9819452792422783
8387.0	28591.0	13.0	4.0	3.0	4,4	0,4	1.0	28.91390609741211	0.9537332969998952
8663.0	28592.0	2.0	4.0	4.0	1,1,1	0,3,2	1.0	28.91390609741211	0.9927386138028701
8603.0	28593.0	2.0	1.0	3.0	1,1	0,5	0.0	28.91390609741211	0.9927386138028701
8464.0	28594.0	10.0	4.0	3.0	1,4	0,3	1.0	28.91390609741211	0.9642165314261959
8299.0	28595.0	18.0	1.0	3.0	4,4	0,5	0.0	28.91390609741211	0.9365139086452208
8420.0	28596.0	2.0	4.0	5.0	4,1,4,1	0,5,2,6	1.0	28.91390609741211	0.9927386138028701
8676.0	28598.0	2.0	4.0	3.0	4,1	0,4	1.0	28.91390609741211	0.9927386138028701
8674.0	28599.0	2.0	4.0	3.0	4,1	0,4	1.0	28.91390609741211	0.9927386138028701
8383.0	28600.0	13.0	4.0	3.0	4,4	0,4	1.0	28.91390609741211	0.9537332969998952
8332.0	28602.0	2.0	1.0	4.0	4,4,1	0,4,15	0.0	28.91390609741211	0.9927386138028701
8455.0	28603.0	10.0	4.0	3.0	1,4	0,3	1.0	28.91390609741211	0.9642165314261959
8503.0	28604.0	6.0	1.0	4.0	4,1,4	0,3,2	0.0	28.91390609741211	0.9783736417207146
8504.0	28605.0	6.0	4.0	4.0	1,1,4	0,3,2	1.0	28.91390609741211	0.9783736417207146
8660.0	28606.0	2.0	4.0	4.0	1,1,1	0,3,2	1.0	28.91390609741211	0.9927386138028701
8685.0	28608.0	3.0	1.0	2.0	4	0	0.0	28.91390609741211	0.9891277175980433
8328.0	28609.0	16.0	1.0	3.0	4,4	0,5	0.0	28.91390609741211	0.9433640392587631
8683.0	28611.0	3.0	4.0	2.0	4	0	1.0	28.91390609741211	0.9891277175980433
8529.0	28612.0	5.0	4.0	4.0	1,1,4	0,3,2	1.0	28.91390609741211	0.9819452792422783
8684.0	28613.0	3.0	4.0	2.0	4	0	1.0	28.91390609741211	0.9891277175980433
8479.0	28615.0	9.0	4.0	3.0	4,4	0,3	1.0	28.91390609741211	0.9677364871932962
8396.0	28616.0	12.0	4.0	3.0	4,4	0,4	1.0	28.91390609741211	0.9572149828138532
8468.0	28618.0	10.0	4.0	3.0	1,4	0,3	1.0	28.91390609741211	0.9642165314261959
8596.0	28619.0	2.0	1.0	4.0	1,1,1	0,4,2	0.0	28.91390609741211	0.9927386138028701
8688.0	28620.0	3.0	4.0	2.0	4	0	1.0	28.91390609741211	0.9891277175980433
8309.0	28621.0	18.0	4.0	3.0	4,4	0,5	1.0	28.91390609741211	0.9365139086452208
8337.0	28622.0	15.0	4.0	3.0	4,4	0,5	1.0	28.91390609741211	0.9468078712013169
8412.0	28623.0	12.0	4.0	3.0	4,4	0,4	1.0	28.91390609741211	0.9572149828138532
8341.0	28664.0	17.0	4.0	3.0	4,4	0,5	1.0	28.91390609741211	0.9399327335940417
8339.0	28665.0	6.0	4.0	5.0	4,4,1,4	0,3,11,2	1.0	28.91390609741211	0.9783736417207146
8497.0	28666.0	6.0	1.0	4.0	1,1,4	0,5,2	0.0	28.91390609741211	0.9783736417207146
8703.0	28667.0	4.0	4.0	2.0	4	0	1.0	28.91390609741211	0.985529955335244
8519.0	28668.0	7.0	1.0	4.0	1,1,4	0,3,2	0.0	28.91390609741211	0.9748149953452515
8369.0	28669.0	15.0	4.0	3.0	4,4	0,5	1.0	28.91390609741211	0.9468078712013169
8399.0	28670.0	14.0	4.0	3.0	4,4	0,4	1.0	28.91390609741211	0.9502642751499627
8360.0	28671.0	15.0	4.0	3.0	4,4	0,5	1.0	28.91390609741211	0.9468078712013169
8367.0	28672.0	7.0	4.0	5.0	4,4,1,4	0,3,8,2	1.0	28.91390609741211	0.9748149953452515
8370.0	28673.0	15.0	4.0	3.0	4,4	0,5	1.0	28.91390609741211	0.9468078712013169
8526.0	28675.0	9.0	4.0	3.0	1,4	0,3	1.0	28.91390609741211	0.9677364871932962
8489.0	28676.0	7.0	4.0	4.0	1,1,4	0,5,2	1.0	28.91390609741211	0.9748149953452515
8368.0	28677.0	15.0	4.0	3.0	4,4	0,5	1.0	28.91390609741211	0.9468078712013169
8323.0	28678.0	18.0	4.0	3.0	4,4	0,5	1.0	28.91390609741211	0.9365139086452208
8331.0	28679.0	18.0	4.0	3.0	4,4	0,5	1.0	28.91390609741211	0.9365139086452208
8411.0	28680.0	14.0	4.0	3.0	4,4	0,4	1.0	28.91390609741211	0.9502642751499627
8366.0	28681.0	16.0	4.0	3.0	4,4	0,4	1.0	28.91390609741211	0.9433640392587631
8507.0	28682.0	10.0	4.0	3.0	1,4	0,3	1.0	28.91390609741211	0.9642165314261959
8349.0	28683.0	17.0	4.0	3.0	4,4	0,5	1.0	28.91390609741211	0.9399327335940417
8687.0	28685.0	5.0	4.0	2.0	4	0	1.0	28.91390609741211	0.9819452792422783
8460.0	28686.0	12.0	4.0	3.0	4,4	0,3	1.0	28.91390609741211	0.9572149828138532
8689.0	28687.0	5.0	4.0	2.0	4	0	1.0	28.91390609741211	0.9819452792422783
8517.0	28688.0	7.0	4.0	4.0	1,1,4	0,3,2	1.0	28.91390609741211	0.9748149953452515
8485.0	28689.0	7.0	1.0	4.0	4,1,4	0,5,2	0.0	28.91390609741211	0.9748149953452515
8693.0	28690.0	5.0	4.0	2.0	4	0	1.0	28.91390609741211	0.9819452792422783
8513.0	28691.0	7.0	1.0	4.0	1,1,4	0,4,2	0.0	28.91390609741211	0.9748149953452515
8493.0	28692.0	7.0	4.0	4.0	4,1,4	0,5,2	1.0	28.91390609741211	0.9748149953452515
8666.0	28693.0	2.0	4.0	4.0	1,1,1	0,3,3	1.0	28.91390609741211	0.9927386138028701
8335.0	28695.0	17.0	4.0	3.0	4,4	0,5	1.0	28.91390609741211	0.9399327335940417
8672.0	28696.0	2.0	4.0	4.0	1,1,1	0,3,3	1.0	28.91390609741211	0.9927386138028701
8671.0	28697.0	2.0	1.0	3.0	1,1	0,6	0.0	28.91390609741211	0.9927386138028701
8692.0	28698.0	2.0	4.0	3.0	4,1	0,3	1.0	28.91390609741211	0.9927386138028701
8394.0	28699.0	14.0	4.0	3.0	4,4	0,5	1.0	28.91390609741211	0.9502642751499627
8673.0	28700.0	2.0	4.0	3.0	1,1	0,6	1.0	28.91390609741211	0.9927386138028701
8665.0	28701.0	2.0	4.0	3.0	4,1	0,6	1.0	28.91390609741211	0.9927386138028701
8708.0	28702.0	4.0	4.0	2.0	4	0	1.0	28.91390609741211	0.985529955335244
8686.0	28703.0	5.0	4.0	2.0	4	0	1.0	28.91390609741211	0.9819452792422783
8439.0	28705.0	2.0	4.0	6.0	1,1,1,4,1	0,4,2,2,6	1.0	28.91390609741211	0.9927386138028701
8373.0	28706.0	15.0	4.0	3.0	4,4	0,5	1.0	28.91390609741211	0.9468078712013169
8494.0	28707.0	11.0	4.0	3.0	4,4	0,3	1.0	28.91390609741211	0.9607093788227318
8706.0	28708.0	4.0	1.0	2.0	1	0	0.0	28.91390609741211	0.985529955335244
8355.0	28709.0	15.0	4.0	3.0	4,4	0,5	1.0	28.91390609741211	0.9468078712013169
8415.0	28710.0	13.0	4.0	3.0	4,4	0,4	1.0	28.91390609741211	0.9537332969998952
8704.0	28711.0	4.0	4.0	2.0	4	0	1.0	28.91390609741211	0.985529955335244
8501.0	28712.0	2.0	1.0	6.0	1,1,1,1,1	0,4,2,2,3	0.0	28.91390609741211	0.9927386138028701
8386.0	28713.0	14.0	4.0	3.0	4,4	0,5	1.0	28.91390609741211	0.9502642751499627
8452.0	28715.0	12.0	4.0	3.0	4,4	0,4	1.0	28.91390609741211	0.9572149828138532
8421.0	28716.0	13.0	4.0	3.0	4,4	0,4	1.0	28.91390609741211	0.9537332969998952
8599.0	28717.0	7.0	4.0	3.0	1,4	0,3	1.0	28.91390609741211	0.9748149953452515
8338.0	28718.0	17.0	4.0	3.0	4,4	0,5	1.0	28.91390609741211	0.9399327335940417
8604.0	28719.0	2.0	4.0	4.0	1,1,1	0,4,3	1.0	28.91390609741211	0.9927386138028701
8630.0	28720.0	2.0	4.0	4.0	1,1,1	0,4,3	1.0	28.91390609741211	0.9927386138028701
8328.0	28721.0	2.0	4.0	4.0	4,4,1	0,5,16	1.0	28.91390609741211	0.9927386138028701
8677.0	28722.0	2.0	4.0	4.0	4,1,1	0,3,3	1.0	28.91390609741211	0.9927386138028701
8563.0	28723.0	2.0	4.0	4.0	1,1,1	0,5,3	1.0	28.91390609741211	0.9927386138028701
8596.0	28725.0	2.0	1.0	5.0	1,1,1,1	0,4,2,2	0.0	28.91390609741211	0.9927386138028701
8685.0	28726.0	2.0	4.0	3.0	4,1	0,3	1.0	28.91390609741211	0.9927386138028701
8603.0	28727.0	2.0	4.0	4.0	1,1,1	0,5,2	1.0	28.91390609741211	0.9927386138028701
8531.0	28728.0	9.0	1.0	3.0	1,4	0,3	0.0	28.91390609741211	0.9677364871932962
8332.0	28729.0	2.0	4.0	5.0	4,4,1,1	0,4,15,2	1.0	28.91390609741211	0.9927386138028701
8508.0	28739.0	2.0	4.0	5.0	1,1,4,1	0,3,2,6	1.0	28.91390609741211	0.9927386138028701
8376.0	28740.0	14.0	4.0	3.0	4,4	0,5	1.0	28.91390609741211	0.9502642751499627
8436.0	28741.0	12.0	4.0	3.0	4,4	0,4	1.0	28.91390609741211	0.9572149828138532
8299.0	28742.0	2.0	4.0	4.0	4,4,1	0,5,18	1.0	28.91390609741211	0.9927386138028701
8511.0	28743.0	10.0	4.0	3.0	4,4	0,3	1.0	28.91390609741211	0.9642165314261959
8503.0	28744.0	2.0	4.0	5.0	4,1,4,1	0,3,2,6	1.0	28.91390609741211	0.9927386138028701
8691.0	28745.0	5.0	4.0	2.0	4	0	1.0	28.91390609741211	0.9819452792422783
8681.0	28747.0	5.0	4.0	2.0	4	0	1.0	28.91390609741211	0.9819452792422783
8679.0	28748.0	2.0	4.0	3.0	1,1	0,6	1.0	28.91390609741211	0.9927386138028701
8705.0	28749.0	4.0	4.0	2.0	4	0	1.0	28.91390609741211	0.985529955335244
8667.0	28750.0	2.0	1.0	4.0	1,1,1	0,3,3	0.0	28.91390609741211	0.9927386138028701
8600.0	28751.0	2.0	4.0	4.0	4,1,1	0,5,3	1.0	28.91390609741211	0.9927386138028701
8426.0	28752.0	13.0	4.0	3.0	1,4	0,4	1.0	28.91390609741211	0.9537332969998952
8392.0	28753.0	14.0	4.0	3.0	4,4	0,5	1.0	28.91390609741211	0.9502642751499627
8495.0	28755.0	2.0	4.0	5.0	1,1,2,1	0,5,2,4	1.0	28.91390609741211	0.9927386138028701
7897.0	28759.0	17.0	4.0	3.0	4,4	0,5	1.0	28.91390609741211	0.9399327335940417
8696.0	28760.0	5.0	4.0	2.0	4	0	1.0	28.91390609741211	0.9819452792422783
7923.0	28761.0	15.0	4.0	3.0	4,4	0,5	1.0	28.91390609741211	0.9468078712013169
7900.0	28762.0	17.0	4.0	3.0	4,4	0,5	1.0	28.91390609741211	0.9399327335940417
7978.0	28763.0	13.0	4.0	3.0	4,4	0,4	1.0	28.91390609741211	0.9537332969998952
8713.0	28764.0	4.0	1.0	2.0	1	0	0.0	28.91390609741211	0.985529955335244
7951.0	28765.0	14.0	4.0	3.0	4,4	0,4	1.0	28.91390609741211	0.9502642751499627
7982.0	28766.0	13.0	4.0	3.0	4,4	0,4	1.0	28.91390609741211	0.9537332969998952
8238.0	28768.0	10.0	4.0	3.0	4,4	0,3	1.0	28.91390609741211	0.9642165314261959
7924.0	28769.0	16.0	4.0	3.0	4,4	0,4	1.0	28.91390609741211	0.9433640392587631
7964.0	28770.0	14.0	4.0	3.0	4,4	0,4	1.0	28.91390609741211	0.9502642751499627
7943.0	28771.0	15.0	4.0	3.0	4,4	0,4	1.0	28.91390609741211	0.9468078712013169
7868.0	28772.0	18.0	1.0	3.0	4,4	0,5	0.0	28.91390609741211	0.9365139086452208
7885.0	28773.0	18.0	4.0	3.0	4,4	0,5	1.0	28.91390609741211	0.9365139086452208
7893.0	28774.0	17.0	4.0	3.0	4,4	0,5	1.0	28.91390609741211	0.9399327335940417
8011.0	28776.0	12.0	4.0	3.0	4,4	0,3	1.0	28.91390609741211	0.9572149828138532
7959.0	28777.0	14.0	4.0	3.0	4,4	0,4	1.0	28.91390609741211	0.9502642751499627
7869.0	28778.0	18.0	4.0	3.0	4,4	0,5	1.0	28.91390609741211	0.9365139086452208
8715.0	28779.0	4.0	4.0	2.0	4	0	1.0	28.91390609741211	0.985529955335244
8698.0	28780.0	5.0	1.0	2.0	4	0	0.0	28.91390609741211	0.9819452792422783
8702.0	28781.0	5.0	4.0	2.0	4	0	1.0	28.91390609741211	0.9819452792422783
8216.0	28782.0	7.0	4.0	5.0	1,1,1,4	0,3,2,2	1.0	28.91390609741211	0.9748149953452515
8239.0	28784.0	6.0	4.0	4.0	4,1,4	0,5,2	1.0	28.91390609741211	0.9783736417207146
8697.0	28785.0	5.0	4.0	2.0	4	0	1.0	28.91390609741211	0.9819452792422783
8642.0	28786.0	2.0	4.0	3.0	1,1	0,5	1.0	28.91390609741211	0.9927386138028701
7981.0	28787.0	2.0	1.0	6.0	1,1,1,4,1	0,5,2,2,6	0.0	28.91390609741211	0.9927386138028701
7940.0	28788.0	15.0	4.0	3.0	4,4	0,4	1.0	28.91390609741211	0.9468078712013169
8251.0	28789.0	5.0	4.0	4.0	1,1,4	0,5,2	1.0	28.91390609741211	0.9819452792422783
7912.0	28790.0	15.0	4.0	3.0	4,4	0,5	1.0	28.91390609741211	0.9468078712013169
8235.0	28792.0	6.0	4.0	4.0	4,1,4	0,5,2	1.0	28.91390609741211	0.9783736417207146
8621.0	28793.0	2.0	4.0	3.0	1,1	0,6	1.0	28.91390609741211	0.9927386138028701
7970.0	28794.0	13.0	4.0	3.0	4,4	0,4	1.0	28.91390609741211	0.9537332969998952
8000.0	28795.0	12.0	4.0	3.0	4,4	0,4	1.0	28.91390609741211	0.9572149828138532
7930.0	28797.0	2.0	4.0	4.0	4,4,1	0,4,13	1.0	28.91390609741211	0.9927386138028701
8589.0	28798.0	2.0	1.0	4.0	1,1,1	0,4,3	0.0	28.91390609741211	0.9927386138028701
7890.0	28800.0	17.0	4.0	3.0	4,4	0,5	1.0	28.91390609741211	0.9399327335940417
7971.0	28801.0	13.0	4.0	3.0	4,4	0,4	1.0	28.91390609741211	0.9537332969998952
8221.0	28802.0	10.0	4.0	3.0	4,4	0,3	1.0	28.91390609741211	0.9642165314261959
7944.0	28803.0	15.0	4.0	3.0	4,4	0,4	1.0	28.91390609741211	0.9468078712013169
8267.0	28804.0	5.0	4.0	4.0	1,1,4	0,4,2	1.0	28.91390609741211	0.9819452792422783
8625.0	28805.0	2.0	4.0	3.0	1,1	0,6	1.0	28.91390609741211	0.9927386138028701
8228.0	28806.0	6.0	4.0	4.0	1,1,4	0,5,2	1.0	28.91390609741211	0.9783736417207146
7995.0	28808.0	12.0	4.0	3.0	4,4	0,4	1.0	28.91390609741211	0.9572149828138532
8700.0	28809.0	5.0	1.0	2.0	4	0	0.0	28.91390609741211	0.9819452792422783
8588.0	28810.0	2.0	4.0	4.0	1,1,1	0,4,3	1.0	28.91390609741211	0.9927386138028701
8258.0	28811.0	9.0	4.0	3.0	4,4	0,3	1.0	28.91390609741211	0.9677364871932962
8635.0	28812.0	2.0	4.0	4.0	1,1,1	0,4,2	1.0	28.91390609741211	0.9927386138028701
8648.0	28813.0	2.0	1.0	3.0	1,1	0,5	0.0	28.91390609741211	0.9927386138028701
8699.0	28814.0	5.0	4.0	2.0	4	0	1.0	28.91390609741211	0.9819452792422783
7888.0	28817.0	2.0	4.0	4.0	4,4,1	0,5,15	1.0	28.91390609741211	0.9927386138028701
8627.0	28818.0	2.0	4.0	3.0	4,1	0,6	1.0	28.91390609741211	0.9927386138028701
8694.0	28819.0	5.0	1.0	2.0	4	0	0.0	28.91390609741211	0.9819452792422783
7933.0	28820.0	14.0	4.0	3.0	4,4	0,5	1.0	28.91390609741211	0.9502642751499627
8712.0	28821.0	4.0	4.0	2.0	4	0	1.0	28.91390609741211	0.985529955335244
8652.0	28822.0	2.0	1.0	4.0	1,1,1	0,3,2	0.0	28.91390609741211	0.9927386138028701
7927.0	28824.0	14.0	1.0	3.0	4,3	0,5	0.0	28.91390609741211	0.9502642751499627
7929.0	28825.0	14.0	1.0	3.0	4,4	0,5	0.0	28.91390609741211	0.9502642751499627
8654.0	28826.0	2.0	4.0	3.0	4,1	0,5	1.0	28.91390609741211	0.9927386138028701
3755.0	28838.0	17.0	4.0	3.0	4,4	0,3	1.0	28.91390609741211	0.9399327335940417
7198.0	28840.0	60.0	4.0	4.0	4,4,4	0,3,14	1.0	28.91390609741211	0.8036138979380781
236.0	28841.0	26.0	4.0	4.0	1,4,2	0,4,17	1.0	28.91390609741211	0.9096072018062902
270.0	28842.0	34.0	4.0	3.0	4,4	0,9	1.0	28.91390609741211	0.8834735436815677
7266.0	28843.0	57.0	4.0	4.0	4,4,4	0,4,13	1.0	28.91390609741211	0.8124470517210263
7445.0	28845.0	26.0	2.0	7.0	1,4,1,1,1,4	0,5,18,2,7,6	1.0	28.91390609741211	0.9096072018062902
401.0	28846.0	14.0	4.0	2.0	4	0	1.0	28.91390609741211	0.9502642751499627
274.0	28847.0	34.0	4.0	3.0	1,4	0,8	1.0	28.91390609741211	0.8834735436815677
3664.0	28848.0	23.0	4.0	5.0	4,1,1,4	0,7,6,5	1.0	28.91390609741211	0.9196054115389088
3662.0	28851.0	34.0	4.0	3.0	4,4	0,8	1.0	28.91390609741211	0.8834735436815677
423.0	28852.0	12.0	4.0	2.0	1	0	1.0	28.91390609741211	0.9572149828138532
3788.0	28853.0	14.0	4.0	2.0	4	0	1.0	28.91390609741211	0.9502642751499627
7174.0	28855.0	61.0	4.0	5.0	4,4,4,4	0,3,8,7	1.0	28.91390609741211	0.8006909065948736
3504.0	28856.0	46.0	4.0	4.0	4,4,4	0,3,11	1.0	28.91390609741211	0.8456741129316458
7166.0	28857.0	61.0	4.0	5.0	4,4,4,4	0,4,11,3	1.0	28.91390609741211	0.8006909065948736
312.0	28858.0	22.0	1.0	4.0	1,2,4	0,8,4	0.0	28.91390609741211	0.9229625105579592
403.0	28860.0	14.0	4.0	2.0	4	0	1.0	28.91390609741211	0.9502642751499627
183.0	28861.0	40.0	4.0	4.0	4,4,4	0,3,10	1.0	28.91390609741211	0.8643672282956403
425.0	28862.0	12.0	4.0	2.0	4	0	1.0	28.91390609741211	0.9572149828138532
3787.0	28866.0	14.0	4.0	2.0	4	0	1.0	28.91390609741211	0.9502642751499627
294.0	28867.0	32.0	4.0	3.0	4,4	0,8	1.0	28.91390609741211	0.8899357105666091
194.0	28868.0	40.0	4.0	4.0	4,4,4	0,3,9	1.0	28.91390609741211	0.8643672282956403
339.0	28870.0	23.0	4.0	3.0	1,4	0,5	1.0	28.91390609741211	0.9196054115389088
7333.0	28871.0	47.0	4.0	5.0	1,1,4,4	0,5,5,13	1.0	28.91390609741211	0.8425981356276024
419.0	28872.0	13.0	4.0	2.0	4	0	1.0	28.91390609741211	0.9537332969998952
3801.0	28873.0	13.0	1.0	2.0	4	0	0.0	28.91390609741211	0.9537332969998952
3791.0	28875.0	14.0	4.0	2.0	4	0	1.0	28.91390609741211	0.9502642751499627
3687.0	28876.0	32.0	4.0	3.0	4,4	0,7	1.0	28.91390609741211	0.8899357105666091
7214.0	28877.0	60.0	4.0	4.0	4,4,4	0,3,14	1.0	28.91390609741211	0.8036138979380781
415.0	28878.0	13.0	4.0	2.0	4	0	1.0	28.91390609741211	0.9537332969998952
7401.0	28880.0	23.0	4.0	5.0	1,4,1,4	0,7,31,5	1.0	28.91390609741211	0.9196054115389088
302.0	28882.0	32.0	4.0	3.0	1,4	0,7	1.0	28.91390609741211	0.8899357105666091
7419.0	28883.0	11.0	3.0	5.0	1,4,2,1	0,6,25,23	1.0	28.91390609741211	0.9607093788227318
3789.0	28885.0	14.0	4.0	2.0	4	0	1.0	28.91390609741211	0.9502642751499627
3797.0	28886.0	13.0	4.0	2.0	4	0	1.0	28.91390609741211	0.9537332969998952
336.0	28887.0	23.0	4.0	3.0	1,4	0,5	1.0	28.91390609741211	0.9196054115389088
7200.0	28888.0	59.0	4.0	4.0	4,4,4	0,4,14	1.0	28.91390609741211	0.8065475599137603
345.0	28890.0	17.0	1.0	5.0	1,1,1,4	0,4,2,3	0.0	28.91390609741211	0.9399327335940417
307.0	28891.0	32.0	4.0	3.0	4,4	0,7	1.0	28.91390609741211	0.8899357105666091
3499.0	28892.0	47.0	4.0	4.0	4,4,4	0,3,10	1.0	28.91390609741211	0.8425981356276024
378.0	28893.0	11.0	1.0	5.0	1,1,1,1	0,3,3,3	0.0	28.91390609741211	0.9607093788227318
7063.0	28895.0	64.0	4.0	4.0	1,4,4	0,5,17	1.0	28.91390609741211	0.7919855689416955
7208.0	28897.0	60.0	4.0	4.0	4,4,4	0,3,14	1.0	28.91390609741211	0.8036138979380781
206.0	28898.0	39.0	4.0	4.0	1,4,4	0,3,9	1.0	28.91390609741211	0.8675226755535622
3713.0	28901.0	26.0	4.0	3.0	4,4	0,6	1.0	28.91390609741211	0.9096072018062902
3692.0	28902.0	23.0	4.0	4.0	4,1,4	0,11,5	1.0	28.91390609741211	0.9196054115389088
3786.0	28903.0	14.0	4.0	2.0	4	0	1.0	28.91390609741211	0.9502642751499627
3784.0	28905.0	14.0	4.0	2.0	4	0	1.0	28.91390609741211	0.9502642751499627
121.0	28906.0	47.0	4.0	4.0	4,4,4	0,3,10	1.0	28.91390609741211	0.8425981356276024
3802.0	28907.0	13.0	4.0	2.0	4	0	1.0	28.91390609741211	0.9537332969998952
405.0	28908.0	14.0	4.0	2.0	4	0	1.0	28.91390609741211	0.9502642751499627
3810.0	28910.0	11.0	1.0	2.0	4	0	0.0	28.91390609741211	0.9607093788227318
3543.0	28911.0	42.0	4.0	4.0	4,4,4	0,3,11	1.0	28.91390609741211	0.8580907240348429
3796.0	28912.0	13.0	4.0	2.0	4	0	1.0	28.91390609741211	0.9537332969998952
3795.0	28913.0	13.0	4.0	2.0	4	0	1.0	28.91390609741211	0.9537332969998952
374.0	28915.0	17.0	4.0	3.0	4,4	0,3	1.0	28.91390609741211	0.9399327335940417
3811.0	28916.0	11.0	4.0	2.0	4	0	1.0	28.91390609741211	0.9607093788227318
7189.0	28917.0	59.0	4.0	4.0	1,4,4	0,4,15	1.0	28.91390609741211	0.8065475599137603
7142.0	28918.0	60.0	4.0	4.0	4,4,4	0,4,16	1.0	28.91390609741211	0.8036138979380781
3761.0	28920.0	11.0	1.0	4.0	1,1,2	0,6,3	0.0	28.91390609741211	0.9607093788227318
7168.0	28921.0	61.0	4.0	5.0	4,4,4,4	0,3,10,5	1.0	28.91390609741211	0.8006909065948736
3816.0	28922.0	11.0	4.0	2.0	4	0	1.0	28.91390609741211	0.9607093788227318
422.0	28925.0	12.0	4.0	2.0	4	0	1.0	28.91390609741211	0.9572149828138532
411.0	28926.0	10.0	4.0	3.0	1,1	0,3	1.0	28.91390609741211	0.9642165314261959
292.0	28927.0	32.0	4.0	3.0	4,4	0,8	1.0	28.91390609741211	0.8899357105666091
137.0	28928.0	45.0	4.0	4.0	1,4,4	0,3,10	1.0	28.91390609741211	0.8487613193566366
7148.0	28930.0	61.0	4.0	5.0	4,4,4,4	0,4,11,4	1.0	28.91390609741211	0.8006909065948736
3725.0	28931.0	22.0	4.0	3.0	4,4	0,4	1.0	28.91390609741211	0.9229625105579592
430.0	28932.0	11.0	4.0	2.0	4	0	1.0	28.91390609741211	0.9607093788227318
420.0	28933.0	12.0	4.0	2.0	1	0	1.0	28.91390609741211	0.9572149828138532
3680.0	28935.0	32.0	4.0	3.0	4,4	0,8	1.0	28.91390609741211	0.8899357105666091
3815.0	28936.0	11.0	4.0	2.0	4	0	1.0	28.91390609741211	0.9607093788227318
424.0	28937.0	12.0	4.0	2.0	4	0	1.0	28.91390609741211	0.9572149828138532
421.0	28938.0	12.0	4.0	2.0	4	0	1.0	28.91390609741211	0.9572149828138532
351.0	28940.0	10.0	4.0	4.0	4,4,1	0,3,10	1.0	28.91390609741211	0.9642165314261959
309.0	28941.0	14.0	4.0	7.0	1,1,1,1,1,4	0,11,5,3,3,3	1.0	28.91390609741211	0.9502642751499627
7270.0	28942.0	56.0	4.0	4.0	4,4,4	0,4,14	1.0	28.91390609741211	0.8154129598878767
7261.0	28943.0	26.0	4.0	7.0	1,1,4,4,1,4	0,4,2,8,28,6	1.0	28.91390609741211	0.9096072018062902
7343.0	28944.0	26.0	4.0	6.0	1,1,4,1,4	0,4,4,29,6	1.0	28.91390609741211	0.9096072018062902
7160.0	28945.0	60.0	4.0	4.0	4,4,4	0,4,15	1.0	28.91390609741211	0.8036138979380781
7120.0	28946.0	61.0	4.0	5.0	4,4,4,4	0,4,13,3	1.0	28.91390609741211	0.8006909065948736
178.0	28947.0	10.0	4.0	10.0	1,1,1,4,1,4,1,4,1	0,4,1,2,6,2,11,5,13	1.0	28.91390609741211	0.9642165314261959
276.0	28948.0	34.0	1.0	3.0	1,4	0,8	0.0	28.91390609741211	0.8834735436815677
3677.0	28949.0	32.0	4.0	3.0	4,4	0,8	1.0	28.91390609741211	0.8899357105666091
7146.0	28950.0	60.0	4.0	4.0	4,4,4	0,4,16	1.0	28.91390609741211	0.8036138979380781
3568.0	28951.0	40.0	4.0	4.0	4,4,4	0,3,10	1.0	28.91390609741211	0.8643672282956403
293.0	28952.0	32.0	4.0	3.0	4,4	0,8	1.0	28.91390609741211	0.8899357105666091
3764.0	28953.0	13.0	4.0	3.0	4,2	0,4	1.0	28.91390609741211	0.9537332969998952
3674.0	28954.0	32.0	4.0	3.0	4,4	0,8	1.0	28.91390609741211	0.8899357105666091
3693.0	28955.0	32.0	4.0	3.0	4,4	0,7	1.0	28.91390609741211	0.8899357105666091
3754.0	28956.0	14.0	4.0	4.0	1,1,4	0,3,3	1.0	28.91390609741211	0.9502642751499627
3559.0	28957.0	42.0	4.0	4.0	4,4,4	0,3,9	1.0	28.91390609741211	0.8580907240348429
433.0	28958.0	11.0	1.0	2.0	1	0	0.0	28.91390609741211	0.9607093788227318
413.0	28959.0	13.0	4.0	2.0	4	0	1.0	28.91390609741211	0.9537332969998952
427.0	28960.0	11.0	4.0	3.0	1,4	0,1	1.0	28.91390609741211	0.9607093788227318
3803.0	28961.0	11.0	4.0	2.0	4	0	1.0	28.91390609741211	0.9607093788227318
3550.0	28962.0	42.0	4.0	4.0	4,4,4	0,3,10	1.0	28.91390609741211	0.8580907240348429
3724.0	28963.0	22.0	1.0	3.0	4,4	0,4	0.0	28.91390609741211	0.9229625105579592
3732.0	28964.0	22.0	4.0	3.0	4,4	0,4	1.0	28.91390609741211	0.9229625105579592
8321.0	28976.0	14.0	4.0	5.0	1,1,4,4	0,3,2,5	1.0	28.91390609741211	0.9502642751499627
8471.0	28977.0	12.0	4.0	3.0	4,4	0,4	1.0	28.91390609741211	0.9572149828138532
8424.0	28978.0	14.0	1.0	3.0	1,4	0,4	0.0	28.91390609741211	0.9502642751499627
8543.0	28979.0	5.0	4.0	4.0	1,1,4	0,5,2	1.0	28.91390609741211	0.9819452792422783
8404.0	28980.0	14.0	4.0	3.0	4,4	0,5	1.0	28.91390609741211	0.9502642751499627
8593.0	28981.0	6.0	4.0	4.0	4,1,4	0,3,2	1.0	28.91390609741211	0.9783736417207146
8592.0	28982.0	5.0	4.0	4.0	1,1,4	0,4,2	1.0	28.91390609741211	0.9819452792422783
8295.0	28983.0	14.0	4.0	5.0	4,1,4,4	0,5,2,5	1.0	28.91390609741211	0.9502642751499627
8388.0	28984.0	7.0	4.0	5.0	4,4,1,4	0,3,8,2	1.0	28.91390609741211	0.9748149953452515
8522.0	28985.0	10.0	4.0	3.0	1,4	0,3	1.0	28.91390609741211	0.9642165314261959
8382.0	28986.0	15.0	4.0	3.0	4,4	0,5	1.0	28.91390609741211	0.9468078712013169
8558.0	28987.0	6.0	4.0	4.0	1,1,4	0,3,2	1.0	28.91390609741211	0.9783736417207146
8719.0	28988.0	3.0	1.0	2.0	1	0	0.0	28.91390609741211	0.9891277175980433
8527.0	28989.0	6.0	4.0	4.0	4,1,4	0,5,2	1.0	28.91390609741211	0.9783736417207146
8413.0	28990.0	15.0	4.0	3.0	4,4	0,4	1.0	28.91390609741211	0.9468078712013169
8520.0	28991.0	10.0	4.0	3.0	4,4	0,3	1.0	28.91390609741211	0.9642165314261959
8389.0	28992.0	15.0	4.0	3.0	4,4	0,5	1.0	28.91390609741211	0.9468078712013169
8607.0	28993.0	5.0	4.0	4.0	1,1,4	0,3,2	1.0	28.91390609741211	0.9819452792422783
8505.0	28994.0	6.0	4.0	5.0	4,1,1,4	0,4,2,2	1.0	28.91390609741211	0.9783736417207146
8551.0	28995.0	5.0	4.0	4.0	1,1,4	0,5,2	1.0	28.91390609741211	0.9819452792422783
8538.0	28996.0	9.0	1.0	3.0	1,4	0,3	0.0	28.91390609741211	0.9677364871932962
8707.0	28997.0	5.0	4.0	2.0	4	0	1.0	28.91390609741211	0.9819452792422783
8601.0	28998.0	5.0	4.0	4.0	1,1,4	0,3,2	1.0	28.91390609741211	0.9819452792422783
8540.0	28999.0	6.0	2.0	4.0	1,1,4	0,4,2	1.0	28.91390609741211	0.9783736417207146
8358.0	29000.0	7.0	4.0	6.0	4,1,1,4,2	0,4,2,2,6	1.0	28.91390609741211	0.9748149953452515
8548.0	29001.0	5.0	1.0	4.0	1,1,4	0,5,2	0.0	28.91390609741211	0.9819452792422783
8380.0	29002.0	15.0	4.0	3.0	4,4	0,5	1.0	28.91390609741211	0.9468078712013169
8453.0	29003.0	13.0	4.0	3.0	4,4	0,4	1.0	28.91390609741211	0.9537332969998952
8597.0	29004.0	6.0	1.0	4.0	1,1,4	0,3,2	0.0	28.91390609741211	0.9783736417207146
8481.0	29005.0	6.0	1.0	5.0	1,1,1,4	0,5,2,2	0.0	28.91390609741211	0.9783736417207146
8408.0	29006.0	15.0	4.0	3.0	4,4	0,4	1.0	28.91390609741211	0.9468078712013169
7977.0	29013.0	14.0	4.0	3.0	4,4	0,4	1.0	28.91390609741211	0.9502642751499627
8260.0	29014.0	6.0	1.0	4.0	1,1,4	0,5,2	0.0	28.91390609741211	0.9783736417207146
7910.0	29015.0	6.0	1.0	6.0	4,1,4,1,4	0,5,2,6,2	0.0	28.91390609741211	0.9783736417207146
8283.0	29016.0	6.0	4.0	4.0	1,1,4	0,3,2	1.0	28.91390609741211	0.9783736417207146
7956.0	29017.0	15.0	4.0	3.0	4,4	0,4	1.0	28.91390609741211	0.9468078712013169
7841.0	29018.0	18.0	4.0	5.0	3,3,4,4	0,18,2,6	1.0	28.91390609741211	0.9365139086452208
8193.0	29019.0	12.0	1.0	3.0	4,4	0,4	0.0	28.91390609741211	0.9572149828138532
8614.0	29020.0	5.0	4.0	4.0	1,1,4	0,3,2	1.0	28.91390609741211	0.9819452792422783
7958.0	29021.0	14.0	4.0	3.0	4,4	0,5	1.0	28.91390609741211	0.9502642751499627
8206.0	29022.0	11.0	4.0	3.0	4,4	0,4	1.0	28.91390609741211	0.9607093788227318
7979.0	29023.0	14.0	4.0	3.0	4,4	0,4	1.0	28.91390609741211	0.9502642751499627
8711.0	29024.0	5.0	1.0	2.0	1	0	0.0	28.91390609741211	0.9819452792422783
8723.0	29025.0	3.0	4.0	2.0	4	0	1.0	28.91390609741211	0.9891277175980433
7984.0	29026.0	14.0	4.0	3.0	4,4	0,4	1.0	28.91390609741211	0.9502642751499627
8581.0	29027.0	5.0	4.0	4.0	4,1,4	0,3,2	1.0	28.91390609741211	0.9819452792422783
8234.0	29028.0	11.0	4.0	3.0	4,4	0,3	1.0	28.91390609741211	0.9607093788227318
8271.0	29029.0	6.0	4.0	4.0	1,1,4	0,4,2	1.0	28.91390609741211	0.9783736417207146
8586.0	29030.0	3.0	1.0	5.0	1,1,1,2	0,3,2,2	0.0	28.91390609741211	0.9891277175980433
7925.0	29031.0	16.0	4.0	3.0	4,4	0,5	1.0	28.91390609741211	0.9433640392587631
8709.0	29032.0	5.0	4.0	2.0	1	0	1.0	28.91390609741211	0.9819452792422783
8247.0	29033.0	6.0	1.0	4.0	4,1,4	0,5,2	0.0	28.91390609741211	0.9783736417207146
8255.0	29034.0	10.0	4.0	3.0	4,4	0,3	1.0	28.91390609741211	0.9642165314261959
7965.0	29035.0	15.0	4.0	3.0	4,4	0,4	1.0	28.91390609741211	0.9468078712013169
8264.0	29036.0	5.0	4.0	4.0	1,1,4	0,5,2	1.0	28.91390609741211	0.9819452792422783
8714.0	29037.0	5.0	4.0	2.0	4	0	1.0	28.91390609741211	0.9819452792422783
7907.0	29038.0	16.0	4.0	3.0	4,4	0,5	1.0	28.91390609741211	0.9433640392587631
8290.0	29039.0	8.0	4.0	3.0	4,4	0,3	1.0	28.91390609741211	0.971269292863088
7895.0	29040.0	18.0	4.0	3.0	4,4	0,5	1.0	28.91390609741211	0.9365139086452208
8233.0	29041.0	10.0	1.0	3.0	1,3	0,4	0.0	28.91390609741211	0.9642165314261959
8002.0	29042.0	13.0	4.0	3.0	4,4	0,4	1.0	28.91390609741211	0.9537332969998952
8710.0	29043.0	5.0	4.0	2.0	4	0	1.0	28.91390609741211	0.9819452792422783
8004.0	29044.0	13.0	4.0	3.0	4,4	0,4	1.0	28.91390609741211	0.9537332969998952
8730.0	29045.0	3.0	4.0	2.0	4	0	1.0	28.91390609741211	0.9891277175980433
8713.0	29057.0	2.0	4.0	3.0	1,1	0,4	1.0	28.91390609741211	0.9927386138028701
8006.0	29058.0	13.0	1.0	3.0	4,4	0,4	0.0	28.91390609741211	0.9537332969998952
8208.0	29059.0	12.0	4.0	3.0	4,4	0,4	1.0	28.91390609741211	0.9572149828138532
8648.0	29060.0	2.0	1.0	4.0	1,1,1	0,5,2	0.0	28.91390609741211	0.9927386138028701
7975.0	29061.0	15.0	4.0	3.0	4,4	0,4	1.0	28.91390609741211	0.9468078712013169
8259.0	29062.0	11.0	4.0	3.0	4,4	0,3	1.0	28.91390609741211	0.9607093788227318
8729.0	29063.0	4.0	4.0	2.0	1	0	1.0	28.91390609741211	0.985529955335244
7917.0	29064.0	17.0	4.0	3.0	4,4	0,5	1.0	28.91390609741211	0.9399327335940417
7987.0	29065.0	14.0	4.0	3.0	4,4	0,4	1.0	28.91390609741211	0.9502642751499627
7931.0	29066.0	16.0	4.0	3.0	4,4	0,5	1.0	28.91390609741211	0.9433640392587631
7927.0	29067.0	2.0	4.0	4.0	4,3,1	0,5,14	1.0	28.91390609741211	0.9927386138028701
7929.0	29068.0	2.0	4.0	4.0	4,4,1	0,5,14	1.0	28.91390609741211	0.9927386138028701
8272.0	29069.0	10.0	4.0	3.0	4,4	0,3	1.0	28.91390609741211	0.9642165314261959
7868.0	29070.0	2.0	4.0	4.0	4,4,1	0,5,18	1.0	28.91390609741211	0.9927386138028701
7952.0	29071.0	7.0	4.0	5.0	4,4,1,4	0,3,8,2	1.0	28.91390609741211	0.9748149953452515
8584.0	29072.0	8.0	4.0	3.0	1,4	0,3	1.0	28.91390609741211	0.971269292863088
8211.0	29073.0	12.0	1.0	3.0	1,4	0,4	0.0	28.91390609741211	0.9572149828138532
8652.0	29074.0	2.0	4.0	5.0	1,1,1,1	0,3,2,2	1.0	28.91390609741211	0.9927386138028701
7974.0	29075.0	14.0	4.0	3.0	4,4	0,5	1.0	28.91390609741211	0.9502642751499627
8249.0	29076.0	11.0	4.0	3.0	4,4	0,3	1.0	28.91390609741211	0.9607093788227318
8589.0	29077.0	2.0	4.0	5.0	1,1,1,1	0,4,3,2	1.0	28.91390609741211	0.9927386138028701
7957.0	29078.0	15.0	4.0	3.0	1,4	0,5	1.0	28.91390609741211	0.9468078712013169
7934.0	29079.0	16.0	4.0	3.0	4,4	0,5	1.0	28.91390609741211	0.9433640392587631
7981.0	29080.0	2.0	4.0	7.0	1,1,1,4,1,1	0,5,2,2,6,2	1.0	28.91390609741211	0.9927386138028701
8722.0	29081.0	4.0	1.0	2.0	1	0	0.0	28.91390609741211	0.985529955335244
7973.0	29082.0	15.0	4.0	3.0	1,4	0,4	1.0	28.91390609741211	0.9468078712013169
8567.0	29083.0	9.0	4.0	3.0	4,4	0,3	1.0	28.91390609741211	0.9677364871932962
7962.0	29084.0	15.0	4.0	3.0	4,4	0,5	1.0	28.91390609741211	0.9468078712013169
8622.0	29085.0	4.0	4.0	4.0	1,1,3	0,3,3	1.0	28.91390609741211	0.985529955335244
8204.0	29086.0	12.0	4.0	3.0	1,4	0,4	1.0	28.91390609741211	0.9572149828138532
8698.0	29087.0	2.0	4.0	3.0	4,1	0,5	1.0	28.91390609741211	0.9927386138028701
8700.0	29088.0	2.0	1.0	3.0	4,1	0,5	0.0	28.91390609741211	0.9927386138028701
7875.0	29089.0	14.0	1.0	5.0	4,1,4,4	0,4,2,5	0.0	28.91390609741211	0.9502642751499627
8724.0	29090.0	4.0	1.0	2.0	1	0	0.0	28.91390609741211	0.985529955335244
8010.0	29091.0	13.0	4.0	3.0	4,4	0,4	1.0	28.91390609741211	0.9537332969998952
8694.0	29092.0	2.0	1.0	3.0	4,1	0,5	0.0	28.91390609741211	0.9927386138028701
8405.0	29104.0	15.0	4.0	3.0	4,4	0,5	1.0	28.91390609741211	0.9468078712013169
8485.0	29105.0	2.0	4.0	5.0	4,1,4,1	0,5,2,7	1.0	28.91390609741211	0.9927386138028701
8721.0	29106.0	4.0	4.0	2.0	4	0	1.0	28.91390609741211	0.985529955335244
8513.0	29107.0	2.0	4.0	5.0	1,1,4,1	0,4,2,7	1.0	28.91390609741211	0.9927386138028701
8519.0	29108.0	2.0	4.0	5.0	1,1,4,1	0,3,2,7	1.0	28.91390609741211	0.9927386138028701
8497.0	29109.0	2.0	4.0	5.0	1,1,4,1	0,5,2,6	1.0	28.91390609741211	0.9927386138028701
8425.0	29110.0	15.0	4.0	3.0	4,4	0,4	1.0	28.91390609741211	0.9468078712013169
8596.0	29111.0	2.0	4.0	6.0	1,1,1,1,1	0,4,2,2,2	1.0	28.91390609741211	0.9927386138028701
8532.0	29112.0	11.0	4.0	3.0	4,4	0,3	1.0	28.91390609741211	0.9607093788227318
8531.0	29113.0	2.0	4.0	4.0	1,4,1	0,3,9	1.0	28.91390609741211	0.9927386138028701
8717.0	29114.0	4.0	4.0	2.0	4	0	1.0	28.91390609741211	0.985529955335244
8562.0	29115.0	6.0	2.0	4.0	1,1,4	0,4,2	1.0	28.91390609741211	0.9783736417207146
8501.0	29116.0	2.0	1.0	7.0	1,1,1,1,1,1	0,4,2,2,3,2	0.0	28.91390609741211	0.9927386138028701
8602.0	29117.0	6.0	4.0	4.0	1,1,4	0,3,2	1.0	28.91390609741211	0.9783736417207146
8457.0	29118.0	13.0	4.0	3.0	4,4	0,4	1.0	28.91390609741211	0.9537332969998952
8427.0	29119.0	15.0	4.0	3.0	4,4	0,4	1.0	28.91390609741211	0.9468078712013169
8716.0	29120.0	4.0	1.0	2.0	4	0	0.0	28.91390609741211	0.985529955335244
8474.0	29121.0	13.0	4.0	3.0	4,4	0,4	1.0	28.91390609741211	0.9537332969998952
8524.0	29122.0	11.0	4.0	3.0	1,4	0,3	1.0	28.91390609741211	0.9607093788227318
8402.0	29123.0	15.0	4.0	3.0	4,4	0,5	1.0	28.91390609741211	0.9468078712013169
8667.0	29124.0	2.0	1.0	5.0	1,1,1,1	0,3,3,2	0.0	28.91390609741211	0.9927386138028701
8706.0	29125.0	2.0	1.0	3.0	1,1	0,4	0.0	28.91390609741211	0.9927386138028701
8512.0	29126.0	11.0	4.0	3.0	1,4	0,4	1.0	28.91390609741211	0.9607093788227318
8303.0	29127.0	6.0	1.0	5.0	1,4,1,4	0,5,14,2	0.0	28.91390609741211	0.9783736417207146
8720.0	29128.0	4.0	4.0	2.0	4	0	1.0	28.91390609741211	0.985529955335244
8422.0	29129.0	15.0	4.0	3.0	4,4	0,4	1.0	28.91390609741211	0.9468078712013169
8671.0	29130.0	2.0	4.0	4.0	1,1,1	0,6,2	1.0	28.91390609741211	0.9927386138028701
8515.0	29136.0	14.0	1.0	3.0	1,4	0,4	0.0	28.91390609741211	0.9502642751499627
8475.0	29137.0	16.0	4.0	3.0	4,4	0,4	1.0	28.91390609741211	0.9433640392587631
8377.0	29138.0	20.0	4.0	3.0	4,4	0,5	1.0	28.91390609741211	0.9297135194755641
8740.0	29139.0	6.0	1.0	2.0	4	0	0.0	28.91390609741211	0.9783736417207146
8664.0	29140.0	11.0	4.0	3.0	1,4	0,3	1.0	28.91390609741211	0.9607093788227318
8548.0	29142.0	5.0	4.0	5.0	1,1,4,1	0,5,2,5	1.0	28.91390609741211	0.9819452792422783
8420.0	29143.0	8.0	4.0	6.0	4,1,4,1,4	0,5,2,6,2	1.0	28.91390609741211	0.971269292863088
8736.0	29144.0	6.0	4.0	2.0	4	0	1.0	28.91390609741211	0.9783736417207146
8374.0	29145.0	21.0	4.0	3.0	4,4	0,5	1.0	28.91390609741211	0.9263318649570698
8561.0	29146.0	13.0	4.0	3.0	4,4	0,3	1.0	28.91390609741211	0.9537332969998952
8718.0	29148.0	8.0	4.0	2.0	1	0	1.0	28.91390609741211	0.971269292863088
8451.0	29149.0	18.0	2.0	3.0	4,4	0,4	1.0	28.91390609741211	0.9365139086452208
8437.0	29150.0	17.0	4.0	3.0	4,4	0,5	1.0	28.91390609741211	0.9399327335940417
8719.0	29151.0	5.0	4.0	3.0	1,1	0,3	1.0	28.91390609741211	0.9819452792422783
8612.0	29152.0	8.0	4.0	4.0	1,1,4	0,5,2	1.0	28.91390609741211	0.971269292863088
8429.0	29154.0	18.0	4.0	3.0	4,4	0,5	1.0	28.91390609741211	0.9365139086452208
8424.0	29155.0	5.0	1.0	4.0	1,4,1	0,4,14	0.0	28.91390609741211	0.9819452792422783
8492.0	29156.0	16.0	4.0	3.0	4,4	0,4	1.0	28.91390609741211	0.9433640392587631
8663.0	29157.0	8.0	1.0	5.0	1,1,1,4	0,3,2,2	0.0	28.91390609741211	0.971269292863088
8478.0	29158.0	16.0	4.0	3.0	4,4	0,4	1.0	28.91390609741211	0.9433640392587631
8400.0	29160.0	19.0	1.0	3.0	4,4	0,5	0.0	28.91390609741211	0.9331075190160913
8443.0	29161.0	18.0	4.0	3.0	4,4	0,4	1.0	28.91390609741211	0.9365139086452208
8430.0	29162.0	18.0	4.0	3.0	4,4	0,5	1.0	28.91390609741211	0.9365139086452208
8481.0	29163.0	5.0	2.0	6.0	1,1,1,4,1	0,5,2,2,6	1.0	28.91390609741211	0.9819452792422783
8674.0	29164.0	8.0	1.0	4.0	4,1,4	0,4,2	0.0	28.91390609741211	0.971269292863088
8482.0	29166.0	16.0	4.0	3.0	4,4	0,4	1.0	28.91390609741211	0.9433640392587631
8737.0	29167.0	6.0	4.0	2.0	4	0	1.0	28.91390609741211	0.9783736417207146
8538.0	29168.0	5.0	4.0	4.0	1,4,1	0,3,9	1.0	28.91390609741211	0.9819452792422783
8564.0	29169.0	13.0	4.0	3.0	4,4	0,3	1.0	28.91390609741211	0.9537332969998952
8597.0	29170.0	5.0	4.0	5.0	1,1,4,1	0,3,2,6	1.0	28.91390609741211	0.9819452792422783
8553.0	29172.0	14.0	1.0	3.0	1,4	0,3	0.0	28.91390609741211	0.9502642751499627
8362.0	29173.0	21.0	4.0	3.0	1,4	0,5	1.0	28.91390609741211	0.9263318649570698
8667.0	29174.0	4.0	1.0	6.0	1,1,1,1,1	0,3,3,2,2	0.0	28.91390609741211	0.985529955335244
8735.0	29175.0	6.0	4.0	2.0	4	0	1.0	28.91390609741211	0.9783736417207146
8440.0	29176.0	17.0	4.0	3.0	1,4	0,5	1.0	28.91390609741211	0.9399327335940417
8535.0	29178.0	13.0	4.0	3.0	1,4	0,4	1.0	28.91390609741211	0.9537332969998952
8738.0	29179.0	6.0	4.0	2.0	4	0	1.0	28.91390609741211	0.9783736417207146
8488.0	29181.0	16.0	1.0	3.0	1,4	0,4	0.0	28.91390609741211	0.9433640392587631
8303.0	29182.0	4.0	4.0	6.0	1,4,1,4,1	0,5,14,2,6	1.0	28.91390609741211	0.985529955335244
8384.0	29184.0	20.0	4.0	3.0	2,4	0,5	1.0	28.91390609741211	0.9297135194755641
8660.0	29185.0	8.0	1.0	5.0	1,1,1,4	0,3,2,2	0.0	28.91390609741211	0.971269292863088
8662.0	29186.0	12.0	4.0	3.0	4,4	0,3	1.0	28.91390609741211	0.9572149828138532
8549.0	29187.0	13.0	4.0	3.0	4,4	0,4	1.0	28.91390609741211	0.9537332969998952
8739.0	29188.0	6.0	4.0	2.0	4	0	1.0	28.91390609741211	0.9783736417207146
8419.0	29190.0	18.0	4.0	3.0	4,4	0,5	1.0	28.91390609741211	0.9365139086452208
8605.0	29191.0	8.0	4.0	4.0	1,1,4	0,4,3	1.0	28.91390609741211	0.971269292863088
8431.0	29192.0	18.0	4.0	3.0	4,4	0,5	1.0	28.91390609741211	0.9365139086452208
8403.0	29193.0	19.0	4.0	3.0	4,4	0,5	1.0	28.91390609741211	0.9331075190160913
8716.0	29194.0	4.0	4.0	3.0	4,1	0,4	1.0	28.91390609741211	0.985529955335244
8444.0	29196.0	17.0	4.0	3.0	4,4	0,5	1.0	28.91390609741211	0.9399327335940417
8472.0	29197.0	17.0	4.0	3.0	4,4	0,4	1.0	28.91390609741211	0.9399327335940417
8733.0	29198.0	6.0	4.0	2.0	4	0	1.0	28.91390609741211	0.9783736417207146
8668.0	29199.0	8.0	4.0	4.0	1,1,4	0,3,3	1.0	28.91390609741211	0.971269292863088
8501.0	29200.0	4.0	1.0	8.0	1,1,1,1,1,1,1	0,4,2,2,3,2,2	0.0	28.91390609741211	0.985529955335244
8461.0	29202.0	17.0	4.0	3.0	4,4	0,4	1.0	28.91390609741211	0.9399327335940417
8706.0	29203.0	4.0	1.0	4.0	1,1,1	0,4,2	0.0	28.91390609741211	0.985529955335244
8676.0	29204.0	8.0	4.0	4.0	4,1,4	0,4,2	1.0	28.91390609741211	0.971269292863088
8560.0	29205.0	8.0	4.0	4.0	1,1,4	0,5,3	1.0	28.91390609741211	0.971269292863088
8441.0	29206.0	17.0	4.0	3.0	4,4	0,5	1.0	28.91390609741211	0.9399327335940417
8359.0	29208.0	8.0	1.0	6.0	1,4,1,1,4	0,3,10,2,3	0.0	28.91390609741211	0.971269292863088
8613.0	29209.0	12.0	4.0	3.0	4,4	0,3	1.0	28.91390609741211	0.9572149828138532
8418.0	29210.0	8.0	1.0	7.0	1,1,1,4,1,4	0,5,2,1,4,3	0.0	28.91390609741211	0.971269292863088
8495.0	29211.0	6.0	4.0	6.0	1,1,2,1,4	0,5,2,4,2	1.0	28.91390609741211	0.9783736417207146
8476.0	29212.0	16.0	4.0	3.0	4,4	0,4	1.0	28.91390609741211	0.9433640392587631
8445.0	29215.0	17.0	1.0	3.0	4,4	0,5	0.0	28.91390609741211	0.9399327335940417
8434.0	29216.0	18.0	4.0	3.0	4,4	0,5	1.0	28.91390609741211	0.9365139086452208
8734.0	29217.0	6.0	4.0	2.0	4	0	1.0	28.91390609741211	0.9783736417207146
8433.0	29218.0	18.0	4.0	3.0	4,4	0,5	1.0	28.91390609741211	0.9365139086452208
8496.0	29220.0	15.0	1.0	3.0	1,4	0,4	0.0	28.91390609741211	0.9468078712013169
8685.0	29221.0	6.0	4.0	4.0	4,1,4	0,3,2	1.0	28.91390609741211	0.9783736417207146
8458.0	29222.0	10.0	4.0	4.0	4,2,2	0,5,6	1.0	28.91390609741211	0.9642165314261959
8417.0	29224.0	18.0	4.0	3.0	1,4	0,5	1.0	28.91390609741211	0.9365139086452208
8332.0	29226.0	6.0	4.0	6.0	4,4,1,1,4	0,4,15,2,2	1.0	28.91390609741211	0.9783736417207146
8672.0	29227.0	6.0	4.0	5.0	1,1,1,4	0,3,3,2	1.0	28.91390609741211	0.9783736417207146
8516.0	29228.0	8.0	4.0	5.0	1,1,1,4	0,5,2,3	1.0	28.91390609741211	0.971269292863088
8692.0	29229.0	6.0	4.0	4.0	4,1,4	0,3,2	1.0	28.91390609741211	0.9783736417207146
8665.0	29230.0	6.0	4.0	4.0	4,1,4	0,6,2	1.0	28.91390609741211	0.9783736417207146
8595.0	29232.0	12.0	4.0	3.0	1,4	0,4	1.0	28.91390609741211	0.9572149828138532
8600.0	29233.0	6.0	1.0	5.0	4,1,1,4	0,5,3,2	0.0	28.91390609741211	0.9783736417207146
8307.0	29234.0	8.0	4.0	5.0	1,4,1,4	0,5,16,2	1.0	28.91390609741211	0.971269292863088
8439.0	29235.0	6.0	1.0	7.0	1,1,1,4,1,4	0,4,2,2,6,2	0.0	28.91390609741211	0.9783736417207146
8499.0	29236.0	14.0	4.0	3.0	4,4	0,5	1.0	28.91390609741211	0.9502642751499627
8432.0	29238.0	18.0	1.0	3.0	4,4	0,5	0.0	28.91390609741211	0.9365139086452208
8508.0	29239.0	6.0	1.0	6.0	1,1,4,1,4	0,3,2,6,2	0.0	28.91390609741211	0.9783736417207146
8490.0	29240.0	15.0	4.0	3.0	4,4	0,5	1.0	28.91390609741211	0.9468078712013169
8328.0	29241.0	6.0	4.0	5.0	4,4,1,4	0,5,16,2	1.0	28.91390609741211	0.9783736417207146
8673.0	29242.0	6.0	1.0	4.0	1,1,4	0,6,2	0.0	28.91390609741211	0.9783736417207146
8679.0	29244.0	6.0	1.0	4.0	1,1,4	0,6,2	0.0	28.91390609741211	0.9783736417207146
8473.0	29245.0	16.0	4.0	3.0	4,4	0,5	1.0	28.91390609741211	0.9433640392587631
8510.0	29248.0	14.0	4.0	3.0	4,4	0,5	1.0	28.91390609741211	0.9502642751499627
8666.0	29250.0	6.0	1.0	5.0	1,1,1,4	0,3,3,2	0.0	28.91390609741211	0.9783736417207146
8677.0	29251.0	6.0	1.0	5.0	4,1,1,4	0,3,3,2	0.0	28.91390609741211	0.9783736417207146
8603.0	29252.0	6.0	4.0	5.0	1,1,1,4	0,5,2,2	1.0	28.91390609741211	0.9783736417207146
8563.0	29254.0	6.0	4.0	5.0	1,1,1,4	0,5,3,2	1.0	28.91390609741211	0.9783736417207146
8299.0	29255.0	6.0	4.0	5.0	4,4,1,4	0,5,18,2	1.0	28.91390609741211	0.9783736417207146
8604.0	29256.0	6.0	4.0	5.0	1,1,1,4	0,4,3,2	1.0	28.91390609741211	0.9783736417207146
8466.0	29259.0	16.0	4.0	3.0	4,4	0,5	1.0	28.91390609741211	0.9433640392587631
8680.0	29260.0	11.0	4.0	3.0	4,4	0,3	1.0	28.91390609741211	0.9607093788227318
8435.0	29261.0	17.0	4.0	3.0	4,4	0,5	1.0	28.91390609741211	0.9399327335940417
8525.0	29262.0	14.0	4.0	3.0	4,4	0,4	1.0	28.91390609741211	0.9502642751499627
8260.0	29289.0	5.0	4.0	5.0	1,1,4,1	0,5,2,6	1.0	28.91390609741211	0.9819452792422783
8247.0	29291.0	5.0	4.0	5.0	4,1,4,1	0,5,2,6	1.0	28.91390609741211	0.9819452792422783
7960.0	29292.0	19.0	4.0	3.0	4,4	0,5	1.0	28.91390609741211	0.9331075190160913
8227.0	29293.0	8.0	4.0	6.0	4,1,1,1,4	0,5,2,2,2	1.0	28.91390609741211	0.971269292863088
7941.0	29294.0	20.0	4.0	3.0	1,4	0,5	1.0	28.91390609741211	0.9297135194755641
8732.0	29296.0	8.0	1.0	2.0	1	0	0.0	28.91390609741211	0.971269292863088
8726.0	29297.0	8.0	1.0	2.0	1	0	0.0	28.91390609741211	0.971269292863088
8731.0	29298.0	8.0	4.0	2.0	4	0	1.0	28.91390609741211	0.971269292863088
8711.0	29299.0	5.0	1.0	3.0	1,1	0,5	0.0	28.91390609741211	0.9819452792422783
8586.0	29301.0	5.0	1.0	6.0	1,1,1,2,1	0,3,2,2,3	0.0	28.91390609741211	0.9819452792422783
7972.0	29302.0	18.0	4.0	3.0	4,4	0,5	1.0	28.91390609741211	0.9365139086452208
8226.0	29303.0	15.0	4.0	3.0	4,4	0,4	1.0	28.91390609741211	0.9468078712013169
8591.0	29304.0	12.0	1.0	3.0	1,4	0,3	0.0	28.91390609741211	0.9572149828138532
8193.0	29306.0	5.0	4.0	4.0	4,4,1	0,4,12	1.0	28.91390609741211	0.9819452792422783
8261.0	29307.0	14.0	4.0	3.0	1,4	0,3	1.0	28.91390609741211	0.9502642751499627
8725.0	29308.0	8.0	4.0	2.0	4	0	1.0	28.91390609741211	0.971269292863088
7976.0	29309.0	18.0	4.0	3.0	4,4	0,5	1.0	28.91390609741211	0.9365139086452208
8222.0	29311.0	15.0	4.0	3.0	4,4	0,4	1.0	28.91390609741211	0.9468078712013169
7910.0	29312.0	5.0	4.0	7.0	4,1,4,1,4,1	0,5,2,6,2,6	1.0	28.91390609741211	0.9819452792422783
7990.0	29313.0	18.0	4.0	3.0	1,4	0,4	1.0	28.91390609741211	0.9365139086452208
8587.0	29314.0	12.0	4.0	3.0	1,4	0,3	1.0	28.91390609741211	0.9572149828138532
8233.0	29316.0	5.0	1.0	4.0	1,3,1	0,4,10	0.0	28.91390609741211	0.9819452792422783
8585.0	29317.0	12.0	4.0	3.0	4,4	0,3	1.0	28.91390609741211	0.9572149828138532
8583.0	29318.0	12.0	1.0	3.0	1,4	0,3	0.0	28.91390609741211	0.9572149828138532
8728.0	29319.0	8.0	4.0	2.0	4	0	1.0	28.91390609741211	0.971269292863088
8240.0	29321.0	15.0	4.0	3.0	4,4	0,4	1.0	28.91390609741211	0.9468078712013169
8236.0	29322.0	8.0	4.0	6.0	1,1,1,1,4	0,5,2,2,2	1.0	28.91390609741211	0.971269292863088
8194.0	29324.0	17.0	4.0	3.0	4,4	0,4	1.0	28.91390609741211	0.9399327335940417
8289.0	29326.0	13.0	4.0	3.0	4,4	0,3	1.0	28.91390609741211	0.9537332969998952
8727.0	29327.0	8.0	2.0	2.0	4	0	1.0	28.91390609741211	0.971269292863088
8279.0	29329.0	13.0	4.0	3.0	4,4	0,4	1.0	28.91390609741211	0.9537332969998952
8694.0	29331.0	4.0	1.0	4.0	4,1,1	0,5,2	0.0	28.91390609741211	0.985529955335244
8212.0	29332.0	16.0	4.0	3.0	4,4	0,4	1.0	28.91390609741211	0.9433640392587631
8700.0	29333.0	4.0	4.0	4.0	4,1,1	0,5,2	1.0	28.91390609741211	0.985529955335244
8577.0	29334.0	8.0	4.0	4.0	1,1,4	0,5,2	1.0	28.91390609741211	0.971269292863088
7961.0	29336.0	19.0	1.0	3.0	2,4	0,5	0.0	28.91390609741211	0.9331075190160913
8195.0	29338.0	16.0	4.0	3.0	4,4	0,5	1.0	28.91390609741211	0.9433640392587631
8744.0	29340.0	6.0	4.0	2.0	4	0	1.0	28.91390609741211	0.9783736417207146
7937.0	29342.0	20.0	1.0	3.0	4,4	0,5	0.0	28.91390609741211	0.9297135194755641
8724.0	29343.0	4.0	1.0	3.0	1,1	0,4	0.0	28.91390609741211	0.985529955335244
7875.0	29344.0	4.0	4.0	6.0	4,1,4,4,1	0,4,2,5,14	1.0	28.91390609741211	0.985529955335244
8288.0	29346.0	8.0	4.0	4.0	4,1,4	0,5,3	1.0	28.91390609741211	0.971269292863088
8009.0	29347.0	17.0	1.0	3.0	4,4	0,4	0.0	28.91390609741211	0.9399327335940417
8188.0	29350.0	16.0	4.0	3.0	4,4	0,5	1.0	28.91390609741211	0.9433640392587631
8576.0	29352.0	8.0	4.0	4.0	1,1,4	0,5,2	1.0	28.91390609741211	0.971269292863088
8746.0	29353.0	6.0	4.0	2.0	1	0	1.0	28.91390609741211	0.9783736417207146
8196.0	29354.0	16.0	4.0	3.0	4,4	0,5	1.0	28.91390609741211	0.9433640392587631
7840.0	29355.0	23.0	2.0	5.0	3,3,4,4	0,18,2,6	1.0	28.91390609741211	0.9196054115389088
8211.0	29356.0	4.0	1.0	4.0	1,4,1	0,4,12	0.0	28.91390609741211	0.985529955335244
8230.0	29360.0	15.0	2.0	3.0	4,4	0,4	1.0	28.91390609741211	0.9468078712013169
7935.0	29361.0	20.0	4.0	3.0	4,4	0,5	1.0	28.91390609741211	0.9297135194755641
7932.0	29362.0	20.0	4.0	3.0	4,4	0,5	1.0	28.91390609741211	0.9297135194755641
8648.0	29364.0	4.0	1.0	5.0	1,1,1,1	0,5,2,2	0.0	28.91390609741211	0.985529955335244
8722.0	29365.0	4.0	1.0	3.0	1,1	0,4	0.0	28.91390609741211	0.985529955335244
8748.0	29366.0	6.0	4.0	2.0	4	0	1.0	28.91390609741211	0.9783736417207146
7852.0	29367.0	8.0	4.0	9.0	4,1,1,1,4,1,1,4	0,3,2,6,2,6,2,2	1.0	28.91390609741211	0.971269292863088
8191.0	29368.0	17.0	4.0	3.0	4,4	0,4	1.0	28.91390609741211	0.9399327335940417
7873.0	29370.0	8.0	4.0	8.0	4,1,1,1,1,4,2	0,3,7,2,2,2,5	1.0	28.91390609741211	0.971269292863088
8628.0	29372.0	8.0	4.0	4.0	1,1,4	0,4,2	1.0	28.91390609741211	0.971269292863088
8275.0	29373.0	13.0	4.0	3.0	4,4	0,4	1.0	28.91390609741211	0.9537332969998952
8012.0	29374.0	16.0	4.0	3.0	2,4	0,5	1.0	28.91390609741211	0.9433640392587631
8618.0	29377.0	8.0	4.0	4.0	1,1,4	0,3,3	1.0	28.91390609741211	0.971269292863088
8006.0	29378.0	4.0	4.0	4.0	4,4,1	0,4,13	1.0	28.91390609741211	0.985529955335244
7969.0	29379.0	18.0	4.0	3.0	4,4	0,5	1.0	28.91390609741211	0.9365139086452208
8743.0	29383.0	6.0	1.0	2.0	1	0	0.0	28.91390609741211	0.9783736417207146
8625.0	29384.0	6.0	1.0	4.0	1,1,4	0,6,2	0.0	28.91390609741211	0.9783736417207146
8621.0	29385.0	6.0	4.0	4.0	1,1,4	0,6,2	1.0	28.91390609741211	0.9783736417207146
8209.0	29386.0	16.0	1.0	3.0	1,4	0,4	0.0	28.91390609741211	0.9433640392587631
8642.0	29389.0	6.0	1.0	4.0	1,1,4	0,5,2	0.0	28.91390609741211	0.9783736417207146
8237.0	29390.0	15.0	4.0	3.0	4,4	0,4	1.0	28.91390609741211	0.9468078712013169
8568.0	29391.0	12.0	4.0	3.0	4,4	0,4	1.0	28.91390609741211	0.9572149828138532
8701.0	29392.0	8.0	4.0	3.0	4,4	0,3	1.0	28.91390609741211	0.971269292863088
7888.0	29395.0	6.0	4.0	5.0	4,4,1,4	0,5,15,2	1.0	28.91390609741211	0.9783736417207146
8580.0	29396.0	8.0	4.0	4.0	1,1,4	0,4,3	1.0	28.91390609741211	0.971269292863088
8287.0	29398.0	8.0	1.0	5.0	1,1,1,4	0,3,2,3	0.0	28.91390609741211	0.971269292863088
8742.0	29403.0	6.0	4.0	2.0	4	0	1.0	28.91390609741211	0.9783736417207146
7968.0	29404.0	18.0	4.0	3.0	4,4	0,5	1.0	28.91390609741211	0.9365139086452208
8190.0	29406.0	16.0	4.0	3.0	4,4	0,5	1.0	28.91390609741211	0.9433640392587631
8268.0	29408.0	13.0	4.0	3.0	4,4	0,4	1.0	28.91390609741211	0.9537332969998952
8745.0	29409.0	6.0	4.0	2.0	4	0	1.0	28.91390609741211	0.9783736417207146
8579.0	29412.0	12.0	4.0	3.0	1,4	0,3	1.0	28.91390609741211	0.9572149828138532
8270.0	29413.0	13.0	4.0	3.0	4,4	0,4	1.0	28.91390609741211	0.9537332969998952
8638.0	29414.0	11.0	1.0	3.0	1,4	0,3	0.0	28.91390609741211	0.9607093788227318
8747.0	29415.0	6.0	4.0	2.0	4	0	1.0	28.91390609741211	0.9783736417207146
8627.0	29416.0	6.0	4.0	4.0	4,1,4	0,6,2	1.0	28.91390609741211	0.9783736417207146
8654.0	29419.0	6.0	4.0	4.0	4,1,4	0,5,2	1.0	28.91390609741211	0.9783736417207146
7953.0	29420.0	19.0	1.0	3.0	4,4	0,5	0.0	28.91390609741211	0.9331075190160913
8588.0	29421.0	6.0	4.0	5.0	1,1,1,4	0,4,3,2	1.0	28.91390609741211	0.9783736417207146
8741.0	29422.0	6.0	4.0	2.0	4	0	1.0	28.91390609741211	0.9783736417207146
7988.0	29423.0	17.0	1.0	3.0	4,4	0,5	0.0	28.91390609741211	0.9399327335940417
8619.0	29424.0	11.0	1.0	3.0	4,4	0,3	0.0	28.91390609741211	0.9607093788227318
8615.0	29427.0	12.0	4.0	3.0	4,4	0,3	1.0	28.91390609741211	0.9572149828138532
7986.0	29428.0	17.0	4.0	3.0	4,4	0,5	1.0	28.91390609741211	0.9399327335940417
7967.0	29429.0	18.0	4.0	3.0	4,4	0,5	1.0	28.91390609741211	0.9365139086452208
8635.0	29430.0	6.0	4.0	5.0	1,1,1,4	0,4,2,2	1.0	28.91390609741211	0.9783736417207146
8620.0	29431.0	11.0	4.0	3.0	1,4	0,3	1.0	28.91390609741211	0.9607093788227318
8214.0	29432.0	16.0	1.0	3.0	4,4	0,4	0.0	28.91390609741211	0.9433640392587631
8223.0	29433.0	15.0	4.0	3.0	1,4	0,4	1.0	28.91390609741211	0.9468078712013169
8213.0	29435.0	15.0	4.0	3.0	4,4	0,5	1.0	28.91390609741211	0.9468078712013169
8645.0	29436.0	10.0	4.0	3.0	4,4	0,3	1.0	28.91390609741211	0.9642165314261959
8546.0	29494.0	14.0	4.0	3.0	4,4	0,4	1.0	28.91390609741211	0.9502642751499627
8630.0	29495.0	7.0	4.0	5.0	1,1,1,4	0,4,3,2	1.0	28.91390609741211	0.9748149953452515
8503.0	29496.0	7.0	4.0	6.0	4,1,4,1,4	0,3,2,6,2	1.0	28.91390609741211	0.9748149953452515
8555.0	29497.0	13.0	4.0	3.0	4,4	0,4	1.0	28.91390609741211	0.9537332969998952
8310.0	29498.0	22.0	4.0	4.0	4,4,4	0,3,7	1.0	28.91390609741211	0.9229625105579592
8596.0	29499.0	5.0	1.0	7.0	1,1,1,1,1,4	0,4,2,2,2,2	0.0	28.91390609741211	0.9819452792422783
8506.0	29500.0	15.0	4.0	3.0	1,4	0,5	1.0	28.91390609741211	0.9468078712013169
8469.0	29501.0	17.0	4.0	3.0	4,4	0,5	1.0	28.91390609741211	0.9399327335940417
8531.0	29502.0	5.0	1.0	5.0	1,4,1,4	0,3,9,2	0.0	28.91390609741211	0.9819452792422783
8552.0	29503.0	9.0	1.0	5.0	1,1,1,4	0,4,2,3	0.0	28.91390609741211	0.9677364871932962
8690.0	29504.0	9.0	4.0	3.0	4,4	0,3	1.0	28.91390609741211	0.9677364871932962
8533.0	29505.0	15.0	4.0	3.0	4,4	0,4	1.0	28.91390609741211	0.9468078712013169
8610.0	29506.0	12.0	2.0	3.0	1,4	0,4	1.0	28.91390609741211	0.9572149828138532
8497.0	29507.0	5.0	4.0	6.0	1,1,4,1,4	0,5,2,6,2	1.0	28.91390609741211	0.9819452792422783
8530.0	29508.0	15.0	4.0	3.0	1,4	0,4	1.0	28.91390609741211	0.9468078712013169
8536.0	29509.0	9.0	4.0	5.0	1,1,1,4	0,4,2,3	1.0	28.91390609741211	0.9677364871932962
8682.0	29510.0	9.0	4.0	3.0	4,4	0,3	1.0	28.91390609741211	0.9677364871932962
8477.0	29511.0	16.0	4.0	3.0	4,4	0,5	1.0	28.91390609741211	0.9433640392587631
8539.0	29512.0	9.0	4.0	5.0	1,1,1,4	0,4,2,3	1.0	28.91390609741211	0.9677364871932962
8565.0	29513.0	13.0	4.0	3.0	1,4	0,4	1.0	28.91390609741211	0.9537332969998952
8518.0	29514.0	15.0	4.0	3.0	4,4	0,4	1.0	28.91390609741211	0.9468078712013169
8252.0	29518.0	15.0	4.0	3.0	4,4	0,4	1.0	28.91390609741211	0.9468078712013169
8575.0	29519.0	13.0	4.0	3.0	4,4	0,4	1.0	28.91390609741211	0.9537332969998952
8582.0	29520.0	12.0	4.0	3.0	1,4	0,4	1.0	28.91390609741211	0.9572149828138532
8566.0	29522.0	13.0	1.0	3.0	4,4	0,4	0.0	28.91390609741211	0.9537332969998952
8218.0	29523.0	16.0	4.0	3.0	4,4	0,5	1.0	28.91390609741211	0.9433640392587631
8262.0	29525.0	14.0	4.0	3.0	4,4	0,4	1.0	28.91390609741211	0.9502642751499627
7930.0	29526.0	7.0	4.0	5.0	4,4,1,4	0,4,13,2	1.0	28.91390609741211	0.9748149953452515
8244.0	29528.0	15.0	4.0	3.0	4,4	0,4	1.0	28.91390609741211	0.9468078712013169
8647.0	29529.0	11.0	4.0	3.0	4,4	0,3	1.0	28.91390609741211	0.9607093788227318
8695.0	29531.0	9.0	4.0	3.0	4,4	0,3	1.0	28.91390609741211	0.9677364871932962
8617.0	29532.0	12.0	4.0	3.0	4,4	0,3	1.0	28.91390609741211	0.9572149828138532
8266.0	29535.0	14.0	4.0	3.0	4,4	0,4	1.0	28.91390609741211	0.9502642751499627
8246.0	29537.0	15.0	1.0	3.0	4,4	0,4	0.0	28.91390609741211	0.9468078712013169
8189.0	29538.0	17.0	4.0	3.0	4,4	0,5	1.0	28.91390609741211	0.9399327335940417
8225.0	29540.0	16.0	4.0	3.0	4,4	0,4	1.0	28.91390609741211	0.9433640392587631
8198.0	29541.0	17.0	4.0	3.0	4,4	0,5	1.0	28.91390609741211	0.9399327335940417
8205.0	29543.0	16.0	4.0	3.0	4,4	0,5	1.0	28.91390609741211	0.9433640392587631
8248.0	29544.0	15.0	4.0	3.0	4,4	0,4	1.0	28.91390609741211	0.9468078712013169
7993.0	29546.0	18.0	1.0	3.0	4,4	0,5	0.0	28.91390609741211	0.9365139086452208
7996.0	29549.0	18.0	1.0	3.0	1,4	0,5	0.0	28.91390609741211	0.9365139086452208
8589.0	29550.0	5.0	1.0	6.0	1,1,1,1,4	0,4,3,2,2	0.0	28.91390609741211	0.9819452792422783
8282.0	29552.0	13.0	4.0	3.0	4,4	0,4	1.0	28.91390609741211	0.9537332969998952
8698.0	29553.0	5.0	4.0	4.0	4,1,4	0,5,2	1.0	28.91390609741211	0.9819452792422783
8203.0	29555.0	16.0	4.0	3.0	4,4	0,5	1.0	28.91390609741211	0.9433640392587631
8713.0	29556.0	5.0	4.0	4.0	1,1,4	0,4,2	1.0	28.91390609741211	0.9819452792422783
8651.0	29558.0	11.0	4.0	3.0	4,4	0,3	1.0	28.91390609741211	0.9607093788227318
8281.0	29559.0	9.0	4.0	4.0	4,1,4	0,5,3	1.0	28.91390609741211	0.9677364871932962
7981.0	29560.0	5.0	4.0	8.0	1,1,1,4,1,1,4	0,5,2,2,6,2,2	1.0	28.91390609741211	0.9819452792422783
8001.0	29561.0	18.0	4.0	3.0	4,4	0,5	1.0	28.91390609741211	0.9365139086452208
8644.0	29562.0	11.0	4.0	3.0	4,4	0,3	1.0	28.91390609741211	0.9607093788227318
8285.0	29563.0	13.0	4.0	3.0	4,4	0,4	1.0	28.91390609741211	0.9537332969998952
8242.0	29565.0	15.0	4.0	3.0	4,4	0,4	1.0	28.91390609741211	0.9468078712013169
8652.0	29566.0	5.0	1.0	6.0	1,1,1,1,4	0,3,2,2,2	0.0	28.91390609741211	0.9819452792422783
7989.0	29567.0	18.0	4.0	3.0	4,4	0,5	1.0	28.91390609741211	0.9365139086452208
8550.0	29577.0	16.0	4.0	3.0	4,4	0,4	1.0	28.91390609741211	0.9433640392587631
8666.0	29578.0	3.0	4.0	6.0	1,1,1,4,1	0,3,3,2,6	1.0	28.91390609741211	0.9891277175980433
8418.0	29579.0	3.0	4.0	8.0	1,1,1,4,1,4,1	0,5,2,1,4,3,8	1.0	28.91390609741211	0.9891277175980433
8740.0	29580.0	3.0	4.0	3.0	4,1	0,6	1.0	28.91390609741211	0.9891277175980433
8488.0	29581.0	3.0	4.0	4.0	1,4,1	0,4,16	1.0	28.91390609741211	0.9891277175980433
8519.0	29582.0	7.0	4.0	6.0	1,1,4,1,4	0,3,2,7,2	1.0	28.91390609741211	0.9748149953452515
8553.0	29583.0	3.0	4.0	4.0	1,4,1	0,3,14	1.0	28.91390609741211	0.9891277175980433
8679.0	29585.0	3.0	4.0	5.0	1,1,4,1	0,6,2,6	1.0	28.91390609741211	0.9891277175980433
8390.0	29586.0	16.0	4.0	5.0	4,1,4,4	0,5,2,5	1.0	28.91390609741211	0.9433640392587631
8674.0	29587.0	3.0	1.0	5.0	4,1,4,1	0,4,2,8	0.0	28.91390609741211	0.9891277175980433
8356.0	29588.0	13.0	1.0	7.0	1,1,1,1,4,4	0,5,2,2,2,5	0.0	28.91390609741211	0.9537332969998952
8537.0	29589.0	15.0	1.0	3.0	1,4	0,5	0.0	28.91390609741211	0.9468078712013169
8528.0	29590.0	16.0	4.0	3.0	1,4	0,5	1.0	28.91390609741211	0.9433640392587631
8559.0	29592.0	15.0	4.0	3.0	4,4	0,4	1.0	28.91390609741211	0.9468078712013169
8611.0	29593.0	11.0	1.0	4.0	1,1,4	0,4,3	0.0	28.91390609741211	0.9607093788227318
8513.0	29594.0	7.0	4.0	6.0	1,1,4,1,4	0,4,2,7,2	1.0	28.91390609741211	0.9748149953452515
8600.0	29595.0	3.0	4.0	6.0	4,1,1,4,1	0,5,3,2,6	1.0	28.91390609741211	0.9891277175980433
8439.0	29596.0	3.0	4.0	8.0	1,1,1,4,1,4,1	0,4,2,2,6,2,6	1.0	28.91390609741211	0.9891277175980433
8515.0	29597.0	3.0	1.0	4.0	1,4,1	0,4,14	0.0	28.91390609741211	0.9891277175980433
8673.0	29599.0	3.0	4.0	5.0	1,1,4,1	0,6,2,6	1.0	28.91390609741211	0.9891277175980433
8545.0	29600.0	16.0	4.0	3.0	1,4	0,4	1.0	28.91390609741211	0.9433640392587631
8508.0	29601.0	3.0	4.0	7.0	1,1,4,1,4,1	0,3,2,6,2,6	1.0	28.91390609741211	0.9891277175980433
8500.0	29602.0	17.0	4.0	3.0	1,4	0,5	1.0	28.91390609741211	0.9399327335940417
8496.0	29603.0	3.0	4.0	4.0	1,4,1	0,4,15	1.0	28.91390609741211	0.9891277175980433
8534.0	29604.0	16.0	4.0	3.0	4,4	0,5	1.0	28.91390609741211	0.9433640392587631
8456.0	29606.0	19.0	4.0	3.0	4,4	0,5	1.0	28.91390609741211	0.9331075190160913
8400.0	29607.0	3.0	4.0	4.0	4,4,1	0,5,19	1.0	28.91390609741211	0.9891277175980433
8501.0	29608.0	3.0	4.0	9.0	1,1,1,1,1,1,1,1	0,4,2,2,3,2,2,4	1.0	28.91390609741211	0.9891277175980433
8424.0	29609.0	3.0	4.0	5.0	1,4,1,1	0,4,14,5	1.0	28.91390609741211	0.9891277175980433
8677.0	29610.0	3.0	1.0	6.0	4,1,1,4,1	0,3,3,2,6	0.0	28.91390609741211	0.9891277175980433
8521.0	29611.0	16.0	1.0	3.0	1,4	0,5	0.0	28.91390609741211	0.9433640392587631
8445.0	29613.0	3.0	4.0	4.0	4,4,1	0,5,17	1.0	28.91390609741211	0.9891277175980433
8671.0	29614.0	7.0	1.0	5.0	1,1,1,4	0,6,2,2	0.0	28.91390609741211	0.9748149953452515
8706.0	29615.0	3.0	1.0	5.0	1,1,1,1	0,4,2,4	0.0	28.91390609741211	0.9891277175980433
8688.0	29616.0	11.0	4.0	3.0	4,4	0,3	1.0	28.91390609741211	0.9607093788227318
8432.0	29617.0	3.0	4.0	4.0	4,4,1	0,5,18	1.0	28.91390609741211	0.9891277175980433
8660.0	29618.0	3.0	4.0	6.0	1,1,1,4,1	0,3,2,2,8	1.0	28.91390609741211	0.9891277175980433
8667.0	29620.0	3.0	4.0	7.0	1,1,1,1,1,1	0,3,3,2,2,4	1.0	28.91390609741211	0.9891277175980433
8359.0	29621.0	3.0	1.0	7.0	1,4,1,1,4,1	0,3,10,2,3,8	0.0	28.91390609741211	0.9891277175980433
8485.0	29622.0	7.0	1.0	6.0	4,1,4,1,4	0,5,2,7,2	0.0	28.91390609741211	0.9748149953452515
8663.0	29623.0	3.0	4.0	6.0	1,1,1,4,1	0,3,2,2,8	1.0	28.91390609741211	0.9891277175980433
8629.0	29624.0	14.0	4.0	3.0	1,4	0,4	1.0	28.91390609741211	0.9502642751499627
8683.0	29625.0	11.0	4.0	3.0	4,4	0,3	1.0	28.91390609741211	0.9607093788227318
8554.0	29627.0	15.0	4.0	3.0	1,4	0,5	1.0	28.91390609741211	0.9468078712013169
8750.0	29628.0	3.0	4.0	2.0	4	0	1.0	28.91390609741211	0.9891277175980433
8669.0	29629.0	13.0	4.0	3.0	4,4	0,4	1.0	28.91390609741211	0.9537332969998952
8552.0	29630.0	2.0	4.0	6.0	1,1,1,4,1	0,4,2,3,9	1.0	28.91390609741211	0.9927386138028701
8596.0	29631.0	2.0	4.0	8.0	1,1,1,1,1,4,1	0,4,2,2,2,2,5	1.0	28.91390609741211	0.9927386138028701
8594.0	29632.0	15.0	4.0	3.0	1,4	0,4	1.0	28.91390609741211	0.9468078712013169
8756.0	29634.0	3.0	4.0	2.0	4	0	1.0	28.91390609741211	0.9891277175980433
8631.0	29635.0	14.0	4.0	3.0	1,4	0,4	1.0	28.91390609741211	0.9502642751499627
8762.0	29637.0	3.0	4.0	2.0	4	0	1.0	28.91390609741211	0.9891277175980433
8766.0	29638.0	3.0	4.0	2.0	4	0	1.0	28.91390609741211	0.9891277175980433
8764.0	29639.0	3.0	1.0	2.0	1	0	0.0	28.91390609741211	0.9891277175980433
8562.0	29642.0	7.0	1.0	5.0	1,1,4,2	0,4,2,6	0.0	28.91390609741211	0.9748149953452515
8480.0	29643.0	18.0	1.0	3.0	4,4	0,5	0.0	28.91390609741211	0.9365139086452208
8763.0	29644.0	3.0	4.0	2.0	4	0	1.0	28.91390609741211	0.9891277175980433
8684.0	29645.0	11.0	1.0	3.0	4,4	0,3	0.0	28.91390609741211	0.9607093788227318
8531.0	29646.0	2.0	4.0	6.0	1,4,1,4,1	0,3,9,2,5	1.0	28.91390609741211	0.9927386138028701
8481.0	29647.0	3.0	1.0	7.0	1,1,1,4,1,2	0,5,2,2,6,5	0.0	28.91390609741211	0.9891277175980433
8640.0	29668.0	13.0	4.0	3.0	4,4	0,4	1.0	28.91390609741211	0.9537332969998952
8722.0	29669.0	3.0	4.0	4.0	1,1,1	0,4,4	1.0	28.91390609741211	0.9891277175980433
8642.0	29670.0	3.0	4.0	5.0	1,1,4,1	0,5,2,6	1.0	28.91390609741211	0.9891277175980433
8639.0	29671.0	13.0	1.0	3.0	1,4	0,4	0.0	28.91390609741211	0.9537332969998952
7937.0	29673.0	3.0	4.0	4.0	4,4,1	0,5,20	1.0	28.91390609741211	0.9891277175980433
8209.0	29674.0	3.0	4.0	4.0	1,4,1	0,4,16	1.0	28.91390609741211	0.9891277175980433
8638.0	29675.0	3.0	4.0	4.0	1,4,1	0,3,11	1.0	28.91390609741211	0.9891277175980433
8648.0	29676.0	3.0	1.0	6.0	1,1,1,1,1	0,5,2,2,4	0.0	28.91390609741211	0.9891277175980433
8591.0	29678.0	3.0	4.0	4.0	1,4,1	0,3,12	1.0	28.91390609741211	0.9891277175980433
8619.0	29679.0	3.0	4.0	4.0	4,4,1	0,3,11	1.0	28.91390609741211	0.9891277175980433
8609.0	29680.0	14.0	1.0	3.0	4,4	0,4	0.0	28.91390609741211	0.9502642751499627
8624.0	29681.0	13.0	4.0	3.0	4,4	0,4	1.0	28.91390609741211	0.9537332969998952
8586.0	29683.0	3.0	1.0	7.0	1,1,1,2,1,1	0,3,2,2,3,5	0.0	28.91390609741211	0.9891277175980433
8241.0	29684.0	16.0	4.0	3.0	4,4	0,5	1.0	28.91390609741211	0.9433640392587631
7927.0	29685.0	7.0	4.0	5.0	4,3,1,4	0,5,14,2	1.0	28.91390609741211	0.9748149953452515
8694.0	29686.0	3.0	1.0	5.0	4,1,1,1	0,5,2,4	0.0	28.91390609741211	0.9891277175980433
8007.0	29688.0	19.0	1.0	3.0	4,4	0,5	0.0	28.91390609741211	0.9331075190160913
8724.0	29689.0	3.0	1.0	4.0	1,1,1	0,4,4	0.0	28.91390609741211	0.9891277175980433
8197.0	29692.0	19.0	4.0	3.0	4,4	0,5	1.0	28.91390609741211	0.9331075190160913
8583.0	29693.0	3.0	1.0	4.0	1,4,1	0,3,12	0.0	28.91390609741211	0.9891277175980433
8732.0	29694.0	3.0	1.0	3.0	1,1	0,8	0.0	28.91390609741211	0.9891277175980433
8009.0	29695.0	3.0	4.0	4.0	4,4,1	0,4,17	1.0	28.91390609741211	0.9891277175980433
8214.0	29696.0	3.0	4.0	4.0	4,4,1	0,4,16	1.0	28.91390609741211	0.9891277175980433
8263.0	29698.0	16.0	4.0	3.0	4,4	0,4	1.0	28.91390609741211	0.9433640392587631
8287.0	29699.0	3.0	4.0	6.0	1,1,1,4,1	0,3,2,3,8	1.0	28.91390609741211	0.9891277175980433
7961.0	29700.0	3.0	4.0	4.0	2,4,1	0,5,19	1.0	28.91390609741211	0.9891277175980433
7861.0	29701.0	24.0	2.0	4.0	4,4,4	0,3,7	1.0	28.91390609741211	0.9162605233233253
8711.0	29702.0	3.0	1.0	4.0	1,1,1	0,5,5	0.0	28.91390609741211	0.9891277175980433
8726.0	29705.0	3.0	2.0	3.0	1,1	0,8	1.0	28.91390609741211	0.9891277175980433
8743.0	29706.0	3.0	4.0	3.0	1,1	0,6	1.0	28.91390609741211	0.9891277175980433
8573.0	29707.0	15.0	4.0	3.0	1,4	0,4	1.0	28.91390609741211	0.9468078712013169
7953.0	29708.0	3.0	4.0	4.0	4,4,1	0,5,19	1.0	28.91390609741211	0.9891277175980433
8616.0	29710.0	14.0	4.0	3.0	4,4	0,4	1.0	28.91390609741211	0.9502642751499627
8224.0	29711.0	17.0	4.0	3.0	4,4	0,5	1.0	28.91390609741211	0.9399327335940417
8636.0	29712.0	11.0	4.0	4.0	1,1,4	0,3,3	1.0	28.91390609741211	0.9607093788227318
8625.0	29713.0	3.0	1.0	5.0	1,1,4,1	0,6,2,6	0.0	28.91390609741211	0.9891277175980433
8233.0	29714.0	3.0	4.0	5.0	1,3,1,1	0,4,10,5	1.0	28.91390609741211	0.9891277175980433
8211.0	29716.0	3.0	4.0	5.0	1,4,1,1	0,4,12,4	1.0	28.91390609741211	0.9891277175980433
8273.0	29717.0	15.0	4.0	3.0	4,4	0,5	1.0	28.91390609741211	0.9468078712013169
7988.0	29718.0	3.0	4.0	4.0	4,4,1	0,5,17	1.0	28.91390609741211	0.9891277175980433
8578.0	29719.0	14.0	4.0	3.0	1,4	0,4	1.0	28.91390609741211	0.9502642751499627
8269.0	29720.0	15.0	4.0	3.0	4,4	0,5	1.0	28.91390609741211	0.9468078712013169
8280.0	29722.0	16.0	4.0	3.0	4,4	0,4	1.0	28.91390609741211	0.9433640392587631
8231.0	29723.0	17.0	2.0	3.0	4,4	0,5	1.0	28.91390609741211	0.9399327335940417
8229.0	29725.0	17.0	1.0	3.0	4,4	0,5	0.0	28.91390609741211	0.9399327335940417
8769.0	29728.0	3.0	4.0	2.0	4	0	1.0	28.91390609741211	0.9891277175980433
8730.0	29729.0	8.0	1.0	3.0	4,4	0,3	0.0	28.91390609741211	0.971269292863088
8286.0	29730.0	14.0	4.0	3.0	4,4	0,5	1.0	28.91390609741211	0.9502642751499627
8276.0	29731.0	15.0	4.0	3.0	4,4	0,5	1.0	28.91390609741211	0.9468078712013169
8652.0	29732.0	2.0	4.0	7.0	1,1,1,1,4,1	0,3,2,2,2,5	1.0	28.91390609741211	0.9927386138028701
7868.0	29734.0	7.0	4.0	5.0	4,4,1,4	0,5,18,2	1.0	28.91390609741211	0.9748149953452515
7996.0	29736.0	2.0	4.0	4.0	1,4,1	0,5,18	1.0	28.91390609741211	0.9927386138028701
8566.0	29737.0	2.0	4.0	4.0	4,4,1	0,4,13	1.0	28.91390609741211	0.9927386138028701
8773.0	29738.0	3.0	1.0	2.0	1	0	0.0	28.91390609741211	0.9891277175980433
8246.0	29740.0	2.0	4.0	4.0	4,4,1	0,4,15	1.0	28.91390609741211	0.9927386138028701
8569.0	29741.0	14.0	1.0	3.0	1,4	0,5	0.0	28.91390609741211	0.9502642751499627
8265.0	29742.0	15.0	4.0	3.0	4,4	0,5	1.0	28.91390609741211	0.9468078712013169
8767.0	29743.0	3.0	4.0	2.0	1	0	1.0	28.91390609741211	0.9891277175980433
8254.0	29746.0	16.0	4.0	3.0	4,4	0,5	1.0	28.91390609741211	0.9433640392587631
8626.0	29747.0	13.0	4.0	3.0	1,4	0,4	1.0	28.91390609741211	0.9537332969998952
7993.0	29748.0	2.0	4.0	4.0	4,4,1	0,5,18	1.0	28.91390609741211	0.9927386138028701
8786.0	29749.0	3.0	4.0	2.0	4	0	1.0	28.91390609741211	0.9891277175980433
8776.0	29750.0	3.0	1.0	2.0	1	0	0.0	28.91390609741211	0.9891277175980433
8250.0	29752.0	16.0	4.0	3.0	4,4	0,5	1.0	28.91390609741211	0.9433640392587631
8772.0	29753.0	3.0	1.0	2.0	1	0	0.0	28.91390609741211	0.9891277175980433
8210.0	29754.0	18.0	4.0	3.0	4,4	0,5	1.0	28.91390609741211	0.9365139086452208
8775.0	29755.0	3.0	4.0	2.0	4	0	1.0	28.91390609741211	0.9891277175980433
8215.0	29756.0	18.0	4.0	3.0	1,4	0,5	1.0	28.91390609741211	0.9365139086452208
7871.0	29758.0	22.0	4.0	4.0	4,4,4	0,3,7	1.0	28.91390609741211	0.9229625105579592
8783.0	29759.0	3.0	4.0	2.0	4	0	1.0	28.91390609741211	0.9891277175980433
8782.0	29760.0	3.0	1.0	2.0	1	0	0.0	28.91390609741211	0.9891277175980433
8589.0	29761.0	2.0	1.0	7.0	1,1,1,1,4,1	0,4,3,2,2,5	0.0	28.91390609741211	0.9927386138028701
8277.0	29762.0	15.0	4.0	3.0	4,4	0,5	1.0	28.91390609741211	0.9468078712013169
7929.0	29765.0	7.0	1.0	5.0	4,4,1,4	0,5,14,2	0.0	28.91390609741211	0.9748149953452515
8245.0	29766.0	16.0	4.0	3.0	4,4	0,5	1.0	28.91390609741211	0.9433640392587631
8761.0	29811.0	4.0	1.0	2.0	4	0	0.0	28.91390609741211	0.985529955335244
8542.0	29812.0	16.0	4.0	3.0	1,4	0,5	1.0	28.91390609741211	0.9433640392587631
8757.0	29813.0	4.0	4.0	2.0	4	0	1.0	28.91390609741211	0.985529955335244
8498.0	29814.0	18.0	4.0	3.0	4,4	0,5	1.0	28.91390609741211	0.9365139086452208
8760.0	29815.0	4.0	4.0	2.0	4	0	1.0	28.91390609741211	0.985529955335244
8540.0	29816.0	9.0	1.0	5.0	1,1,4,2	0,4,2,6	0.0	28.91390609741211	0.9677364871932962
8502.0	29817.0	18.0	2.0	3.0	1,4	0,5	1.0	28.91390609741211	0.9365139086452208
8751.0	29818.0	4.0	1.0	2.0	4	0	0.0	28.91390609741211	0.985529955335244
8753.0	29819.0	4.0	4.0	2.0	4	0	1.0	28.91390609741211	0.985529955335244
8755.0	29820.0	4.0	4.0	2.0	4	0	1.0	28.91390609741211	0.985529955335244
8557.0	29821.0	15.0	4.0	3.0	4,4	0,5	1.0	28.91390609741211	0.9468078712013169
8547.0	29822.0	16.0	4.0	3.0	4,4	0,5	1.0	28.91390609741211	0.9433640392587631
8749.0	29823.0	4.0	1.0	2.0	4	0	0.0	28.91390609741211	0.985529955335244
8758.0	29824.0	4.0	4.0	2.0	4	0	1.0	28.91390609741211	0.985529955335244
8661.0	29825.0	14.0	4.0	3.0	4,4	0,5	1.0	28.91390609741211	0.9502642751499627
8491.0	29826.0	12.0	4.0	6.0	4,1,1,4,4	0,3,2,2,5	1.0	28.91390609741211	0.9572149828138532
8752.0	29827.0	4.0	4.0	2.0	4	0	1.0	28.91390609741211	0.985529955335244
8779.0	29833.0	4.0	1.0	2.0	1	0	0.0	28.91390609741211	0.985529955335244
8788.0	29834.0	3.0	4.0	2.0	4	0	1.0	28.91390609741211	0.9891277175980433
8787.0	29835.0	3.0	4.0	2.0	1	0	1.0	28.91390609741211	0.9891277175980433
7992.0	29836.0	15.0	4.0	5.0	1,1,4,4	0,4,2,5	1.0	28.91390609741211	0.9468078712013169
8770.0	29837.0	4.0	4.0	2.0	4	0	1.0	28.91390609741211	0.985529955335244
8571.0	29838.0	15.0	4.0	3.0	4,4	0,5	1.0	28.91390609741211	0.9468078712013169
8570.0	29839.0	15.0	4.0	3.0	4,4	0,5	1.0	28.91390609741211	0.9468078712013169
8724.0	29840.0	1.0	1.0	5.0	1,1,1,1	0,4,4,3	0.0	28.91390609741211	0.9963626918963144
8572.0	29841.0	15.0	4.0	3.0	4,4	0,5	1.0	28.91390609741211	0.9468078712013169
8768.0	29842.0	4.0	1.0	2.0	4	0	0.0	28.91390609741211	0.985529955335244
8785.0	29843.0	4.0	4.0	2.0	4	0	1.0	28.91390609741211	0.985529955335244
8590.0	29844.0	14.0	1.0	3.0	1,4	0,5	0.0	28.91390609741211	0.9502642751499627
8778.0	29845.0	4.0	1.0	2.0	1	0	0.0	28.91390609741211	0.985529955335244
8278.0	29846.0	16.0	4.0	3.0	1,4	0,5	1.0	28.91390609741211	0.9433640392587631
8777.0	29847.0	4.0	4.0	2.0	4	0	1.0	28.91390609741211	0.985529955335244
8589.0	29848.0	1.0	4.0	8.0	1,1,1,1,4,1,1	0,4,3,2,2,5,2	1.0	28.91390609741211	0.9963626918963144
8784.0	29849.0	4.0	1.0	2.0	1	0	0.0	28.91390609741211	0.985529955335244
8515.0	29856.0	2.0	4.0	5.0	1,4,1,1	0,4,14,3	1.0	28.91390609741211	0.9927386138028701
8674.0	29857.0	2.0	4.0	6.0	4,1,4,1,1	0,4,2,8,3	1.0	28.91390609741211	0.9927386138028701
8480.0	29859.0	2.0	4.0	4.0	4,4,1	0,5,18	1.0	28.91390609741211	0.9927386138028701
8297.0	29861.0	25.0	4.0	4.0	1,4,4	0,3,8	1.0	28.91390609741211	0.9129278014967542
8529.0	29863.0	13.0	2.0	5.0	1,1,4,4	0,3,2,5	1.0	28.91390609741211	0.9537332969998952
8759.0	29865.0	5.0	4.0	2.0	4	0	1.0	28.91390609741211	0.9819452792422783
8754.0	29867.0	5.0	4.0	2.0	1	0	1.0	28.91390609741211	0.9819452792422783
8764.0	29869.0	2.0	1.0	3.0	1,1	0,3	0.0	28.91390609741211	0.9927386138028701
8356.0	29871.0	2.0	4.0	8.0	1,1,1,1,4,4,1	0,5,2,2,2,5,13	1.0	28.91390609741211	0.9927386138028701
8521.0	29877.0	2.0	4.0	4.0	1,4,1	0,5,16	1.0	28.91390609741211	0.9927386138028701
8671.0	29879.0	2.0	4.0	6.0	1,1,1,4,1	0,6,2,2,7	1.0	28.91390609741211	0.9927386138028701
8537.0	29881.0	2.0	1.0	4.0	1,4,1	0,5,15	0.0	28.91390609741211	0.9927386138028701
8684.0	29883.0	2.0	4.0	4.0	4,4,1	0,3,11	1.0	28.91390609741211	0.9927386138028701
8706.0	29885.0	2.0	1.0	6.0	1,1,1,1,1	0,4,2,4,3	0.0	28.91390609741211	0.9927386138028701
8611.0	29887.0	2.0	1.0	5.0	1,1,4,1	0,4,3,11	0.0	28.91390609741211	0.9927386138028701
8632.0	29889.0	15.0	4.0	3.0	4,4	0,5	1.0	28.91390609741211	0.9468078712013169
8562.0	29890.0	2.0	4.0	6.0	1,1,4,2,1	0,4,2,6,7	1.0	28.91390609741211	0.9927386138028701
8765.0	29892.0	5.0	4.0	2.0	4	0	1.0	28.91390609741211	0.9819452792422783
8481.0	29893.0	2.0	4.0	8.0	1,1,1,4,1,2,1	0,5,2,2,6,5,3	1.0	28.91390609741211	0.9927386138028701
8359.0	29895.0	2.0	4.0	8.0	1,4,1,1,4,1,1	0,3,10,2,3,8,3	1.0	28.91390609741211	0.9927386138028701
8485.0	29897.0	2.0	4.0	7.0	4,1,4,1,4,1	0,5,2,7,2,7	1.0	28.91390609741211	0.9927386138028701
8344.0	29898.0	21.0	4.0	4.0	1,2,4	0,5,7	1.0	28.91390609741211	0.9263318649570698
8677.0	29899.0	2.0	4.0	7.0	4,1,1,4,1,1	0,3,3,2,6,3	1.0	28.91390609741211	0.9927386138028701
8556.0	29900.0	16.0	4.0	3.0	4,4	0,5	1.0	28.91390609741211	0.9433640392587631
8449.0	29901.0	17.0	1.0	5.0	4,1,4,4	0,3,2,5	0.0	28.91390609741211	0.9399327335940417
8291.0	29902.0	26.0	4.0	4.0	3,4,4	0,3,7	1.0	28.91390609741211	0.9096072018062902
8598.0	29903.0	16.0	4.0	3.0	1,4	0,5	1.0	28.91390609741211	0.9433640392587631
8622.0	29912.0	9.0	4.0	5.0	1,1,3,4	0,3,3,4	1.0	28.91390609741211	0.9677364871932962
8694.0	29913.0	2.0	1.0	6.0	4,1,1,1,1	0,5,2,4,3	0.0	28.91390609741211	0.9927386138028701
8256.0	29914.0	18.0	4.0	3.0	4,4	0,5	1.0	28.91390609741211	0.9365139086452208
8772.0	29915.0	2.0	4.0	3.0	1,1	0,3	1.0	28.91390609741211	0.9927386138028701
8586.0	29917.0	2.0	1.0	8.0	1,1,1,2,1,1,1	0,3,2,2,3,5,3	0.0	28.91390609741211	0.9927386138028701
7882.0	29918.0	24.0	4.0	4.0	4,4,4	0,3,7	1.0	28.91390609741211	0.9162605233233253
8796.0	29919.0	4.0	4.0	2.0	4	0	1.0	28.91390609741211	0.985529955335244
8253.0	29921.0	18.0	4.0	3.0	4,4	0,5	1.0	28.91390609741211	0.9365139086452208
8711.0	29922.0	2.0	1.0	5.0	1,1,1,1	0,5,5,3	0.0	28.91390609741211	0.9927386138028701
8794.0	29923.0	4.0	1.0	2.0	1	0	0.0	28.91390609741211	0.985529955335244
8774.0	29925.0	5.0	1.0	2.0	1	0	0.0	28.91390609741211	0.9819452792422783
8773.0	29926.0	2.0	4.0	3.0	1,1	0,3	1.0	28.91390609741211	0.9927386138028701
8723.0	29927.0	10.0	4.0	3.0	4,4	0,3	1.0	28.91390609741211	0.9642165314261959
8639.0	29929.0	2.0	4.0	4.0	1,4,1	0,4,13	1.0	28.91390609741211	0.9927386138028701
8791.0	29930.0	4.0	1.0	2.0	4	0	0.0	28.91390609741211	0.985529955335244
8732.0	29931.0	2.0	1.0	4.0	1,1,1	0,8,3	0.0	28.91390609741211	0.9927386138028701
8625.0	29933.0	2.0	4.0	6.0	1,1,4,1,1	0,6,2,6,3	1.0	28.91390609741211	0.9927386138028701
7929.0	29934.0	2.0	4.0	6.0	4,4,1,4,1	0,5,14,2,7	1.0	28.91390609741211	0.9927386138028701
8781.0	29935.0	5.0	1.0	2.0	4	0	0.0	28.91390609741211	0.9819452792422783
8792.0	29937.0	4.0	4.0	2.0	4	0	1.0	28.91390609741211	0.985529955335244
8776.0	29938.0	2.0	1.0	3.0	1,1	0,3	0.0	28.91390609741211	0.9927386138028701
8790.0	29941.0	4.0	4.0	2.0	4	0	1.0	28.91390609741211	0.985529955335244
8229.0	29942.0	2.0	4.0	4.0	4,4,1	0,5,17	1.0	28.91390609741211	0.9927386138028701
8782.0	29945.0	2.0	1.0	3.0	1,1	0,3	0.0	28.91390609741211	0.9927386138028701
8257.0	29946.0	18.0	4.0	3.0	4,4	0,5	1.0	28.91390609741211	0.9365139086452208
8648.0	29947.0	2.0	1.0	7.0	1,1,1,1,1,1	0,5,2,2,4,3	0.0	28.91390609741211	0.9927386138028701
8730.0	29949.0	2.0	4.0	4.0	4,4,1	0,3,8	1.0	28.91390609741211	0.9927386138028701
8771.0	29950.0	5.0	1.0	2.0	1	0	0.0	28.91390609741211	0.9819452792422783
8609.0	29951.0	2.0	4.0	4.0	4,4,1	0,4,14	1.0	28.91390609741211	0.9927386138028701
8780.0	29953.0	5.0	4.0	2.0	4	0	1.0	28.91390609741211	0.9819452792422783
8243.0	29955.0	18.0	4.0	3.0	4,4	0,5	1.0	28.91390609741211	0.9365139086452208
8007.0	29956.0	2.0	4.0	4.0	4,4,1	0,5,19	1.0	28.91390609741211	0.9927386138028701
8274.0	29957.0	17.0	4.0	3.0	4,4	0,5	1.0	28.91390609741211	0.9399327335940417
8569.0	29958.0	2.0	4.0	4.0	1,4,1	0,5,14	1.0	28.91390609741211	0.9927386138028701
8583.0	29959.0	2.0	4.0	5.0	1,4,1,1	0,3,12,3	1.0	28.91390609741211	0.9927386138028701
8811.0	29987.0	3.0	3.0	2.0	4	0	1.0	28.91390609741211	0.9891277175980433
8751.0	29988.0	2.0	1.0	3.0	4,1	0,4	0.0	28.91390609741211	0.9927386138028701
8540.0	29989.0	2.0	1.0	6.0	1,1,4,2,1	0,4,2,6,9	0.0	28.91390609741211	0.9927386138028701
8410.0	29990.0	19.0	4.0	4.0	4,2,4	0,5,6	1.0	28.91390609741211	0.9331075190160913
8351.0	29991.0	24.0	4.0	4.0	4,4,4	0,3,7	1.0	28.91390609741211	0.9162605233233253
8606.0	29992.0	16.0	4.0	3.0	4,4	0,5	1.0	28.91390609741211	0.9433640392587631
8749.0	29993.0	2.0	4.0	3.0	4,1	0,4	1.0	28.91390609741211	0.9927386138028701
8704.0	29994.0	12.0	4.0	3.0	4,4	0,4	1.0	28.91390609741211	0.9572149828138532
8379.0	29995.0	19.0	4.0	4.0	4,2,4	0,5,7	1.0	28.91390609741211	0.9331075190160913
8814.0	29996.0	3.0	1.0	2.0	1	0	0.0	28.91390609741211	0.9891277175980433
8812.0	29997.0	3.0	1.0	2.0	1	0	0.0	28.91390609741211	0.9891277175980433
8541.0	29998.0	18.0	4.0	3.0	1,4	0,5	1.0	28.91390609741211	0.9365139086452208
8761.0	29999.0	2.0	4.0	3.0	4,1	0,4	1.0	28.91390609741211	0.9927386138028701
8544.0	30000.0	18.0	4.0	3.0	1,4	0,5	1.0	28.91390609741211	0.9365139086452208
8708.0	30001.0	12.0	4.0	3.0	4,4	0,4	1.0	28.91390609741211	0.9572149828138532
8789.0	30007.0	5.0	4.0	2.0	4	0	1.0	28.91390609741211	0.9819452792422783
8797.0	30008.0	5.0	1.0	2.0	1	0	0.0	28.91390609741211	0.9819452792422783
8724.0	30009.0	2.0	1.0	6.0	1,1,1,1,1	0,4,4,3,1	0.0	28.91390609741211	0.9927386138028701
8284.0	30010.0	17.0	4.0	3.0	4,4	0,5	1.0	28.91390609741211	0.9399327335940417
8726.0	30011.0	3.0	4.0	4.0	1,1,2	0,8,3	1.0	28.91390609741211	0.9891277175980433
8574.0	30012.0	17.0	4.0	3.0	1,4	0,5	1.0	28.91390609741211	0.9399327335940417
8779.0	30013.0	2.0	1.0	3.0	1,1	0,4	0.0	28.91390609741211	0.9927386138028701
8798.0	30014.0	5.0	4.0	2.0	4	0	1.0	28.91390609741211	0.9819452792422783
8590.0	30015.0	2.0	4.0	4.0	1,4,1	0,5,14	1.0	28.91390609741211	0.9927386138028701
8815.0	30016.0	3.0	4.0	2.0	1	0	1.0	28.91390609741211	0.9891277175980433
8795.0	30017.0	5.0	4.0	2.0	4	0	1.0	28.91390609741211	0.9819452792422783
8784.0	30018.0	2.0	1.0	3.0	1,1	0,4	0.0	28.91390609741211	0.9927386138028701
8799.0	30019.0	3.0	4.0	2.0	4	0	1.0	28.91390609741211	0.9891277175980433
8821.0	30020.0	3.0	1.0	2.0	1	0	0.0	28.91390609741211	0.9891277175980433
8800.0	30021.0	3.0	1.0	2.0	1	0	0.0	28.91390609741211	0.9891277175980433
8653.0	30022.0	14.0	1.0	3.0	1,4	0,5	0.0	28.91390609741211	0.9502642751499627
8658.0	30023.0	14.0	1.0	3.0	1,4	0,5	0.0	28.91390609741211	0.9502642751499627
8805.0	30024.0	3.0	1.0	2.0	1	0	0.0	28.91390609741211	0.9891277175980433
8793.0	30025.0	5.0	1.0	2.0	4	0	0.0	28.91390609741211	0.9819452792422783
8768.0	30026.0	2.0	4.0	3.0	4,1	0,4	1.0	28.91390609741211	0.9927386138028701
8727.0	30027.0	6.0	1.0	3.0	4,2	0,8	0.0	28.91390609741211	0.9783736417207146
8778.0	30028.0	2.0	1.0	3.0	1,1	0,4	0.0	28.91390609741211	0.9927386138028701
8809.0	30044.0	4.0	4.0	2.0	4	0	1.0	28.91390609741211	0.985529955335244
8608.0	30045.0	17.0	1.0	3.0	1,4	0,5	0.0	28.91390609741211	0.9399327335940417
8470.0	30046.0	15.0	4.0	6.0	1,1,1,4,4	0,3,2,2,6	1.0	28.91390609741211	0.9468078712013169
8509.0	30047.0	15.0	4.0	5.0	1,1,4,4	0,4,2,5	1.0	28.91390609741211	0.9468078712013169
8810.0	30048.0	4.0	4.0	2.0	4	0	1.0	28.91390609741211	0.985529955335244
8808.0	30049.0	4.0	4.0	2.0	4	0	1.0	28.91390609741211	0.985529955335244
8484.0	30050.0	15.0	4.0	5.0	1,1,4,4	0,5,2,5	1.0	28.91390609741211	0.9468078712013169
8706.0	30051.0	2.0	1.0	7.0	1,1,1,1,1,1	0,4,2,4,3,2	0.0	28.91390609741211	0.9927386138028701
8537.0	30052.0	2.0	4.0	5.0	1,4,1,1	0,5,15,2	1.0	28.91390609741211	0.9927386138028701
8449.0	30053.0	2.0	4.0	6.0	4,1,4,4,1	0,3,2,5,17	1.0	28.91390609741211	0.9927386138028701
8347.0	30054.0	24.0	4.0	4.0	4,4,4	0,3,8	1.0	28.91390609741211	0.9162605233233253
8764.0	30055.0	2.0	4.0	4.0	1,1,1	0,3,2	1.0	28.91390609741211	0.9927386138028701
8611.0	30056.0	2.0	4.0	6.0	1,1,4,1,1	0,4,3,11,2	1.0	28.91390609741211	0.9927386138028701
8776.0	30059.0	2.0	4.0	4.0	1,1,1	0,3,2	1.0	28.91390609741211	0.9927386138028701
8586.0	30060.0	2.0	4.0	9.0	1,1,1,2,1,1,1,1	0,3,2,2,3,5,3,2	1.0	28.91390609741211	0.9927386138028701
8781.0	30061.0	2.0	4.0	3.0	4,1	0,5	1.0	28.91390609741211	0.9927386138028701
8711.0	30062.0	2.0	1.0	6.0	1,1,1,1,1	0,5,5,3,2	0.0	28.91390609741211	0.9927386138028701
8648.0	30063.0	2.0	4.0	8.0	1,1,1,1,1,1,1	0,5,2,2,4,3,2	1.0	28.91390609741211	0.9927386138028701
8771.0	30064.0	2.0	1.0	3.0	1,1	0,5	0.0	28.91390609741211	0.9927386138028701
8649.0	30065.0	15.0	4.0	3.0	4,4	0,5	1.0	28.91390609741211	0.9468078712013169
8791.0	30066.0	2.0	4.0	3.0	4,1	0,4	1.0	28.91390609741211	0.9927386138028701
8820.0	30067.0	4.0	4.0	2.0	1	0	1.0	28.91390609741211	0.985529955335244
8650.0	30068.0	15.0	4.0	3.0	4,4	0,5	1.0	28.91390609741211	0.9468078712013169
8774.0	30069.0	2.0	1.0	3.0	1,1	0,5	0.0	28.91390609741211	0.9927386138028701
8803.0	30070.0	4.0	4.0	2.0	1	0	1.0	28.91390609741211	0.985529955335244
8802.0	30071.0	4.0	4.0	2.0	4	0	1.0	28.91390609741211	0.985529955335244
8712.0	30072.0	13.0	4.0	3.0	4,4	0,4	1.0	28.91390609741211	0.9537332969998952
8782.0	30073.0	2.0	1.0	4.0	1,1,1	0,3,2	0.0	28.91390609741211	0.9927386138028701
8732.0	30074.0	2.0	1.0	5.0	1,1,1,1	0,8,3,2	0.0	28.91390609741211	0.9927386138028701
8818.0	30075.0	4.0	4.0	2.0	1	0	1.0	28.91390609741211	0.985529955335244
7983.0	30076.0	17.0	1.0	5.0	4,1,4,4	0,5,2,6	0.0	28.91390609741211	0.9399327335940417
8801.0	30077.0	4.0	4.0	2.0	4	0	1.0	28.91390609741211	0.985529955335244
8694.0	30078.0	2.0	1.0	7.0	4,1,1,1,1,1	0,5,2,4,3,2	0.0	28.91390609741211	0.9927386138028701
8643.0	30079.0	15.0	4.0	3.0	4,4	0,5	1.0	28.91390609741211	0.9468078712013169
8794.0	30080.0	2.0	4.0	3.0	1,1	0,4	1.0	28.91390609741211	0.9927386138028701
8834.0	30096.0	4.0	4.0	2.0	4	0	1.0	28.91390609741211	0.985529955335244
8812.0	30097.0	3.0	1.0	3.0	1,1	0,3	0.0	28.91390609741211	0.9891277175980433
8842.0	30098.0	4.0	4.0	2.0	4	0	1.0	28.91390609741211	0.985529955335244
8540.0	30099.0	3.0	1.0	7.0	1,1,4,2,1,1	0,4,2,6,9,2	0.0	28.91390609741211	0.9891277175980433
8689.0	30100.0	15.0	1.0	3.0	4,4	0,5	0.0	28.91390609741211	0.9468078712013169
8814.0	30101.0	3.0	4.0	3.0	1,1	0,3	1.0	28.91390609741211	0.9891277175980433
8721.0	30102.0	13.0	4.0	3.0	4,4	0,4	1.0	28.91390609741211	0.9537332969998952
8501.0	30103.0	6.0	4.0	10.0	1,1,1,1,1,1,1,1,4	0,4,2,2,3,2,2,4,3	1.0	28.91390609741211	0.9783736417207146
8703.0	30104.0	15.0	4.0	3.0	4,4	0,4	1.0	28.91390609741211	0.9468078712013169
8813.0	30105.0	6.0	1.0	2.0	1	0	0.0	28.91390609741211	0.9783736417207146
8596.0	30106.0	6.0	1.0	9.0	1,1,1,1,1,4,1,4	0,4,2,2,2,2,5,2	0.0	28.91390609741211	0.9783736417207146
8837.0	30107.0	4.0	4.0	2.0	4	0	1.0	28.91390609741211	0.985529955335244
8836.0	30108.0	4.0	1.0	2.0	1	0	0.0	28.91390609741211	0.985529955335244
8807.0	30109.0	6.0	1.0	2.0	4	0	0.0	28.91390609741211	0.9783736417207146
8552.0	30110.0	6.0	4.0	7.0	1,1,1,4,1,4	0,4,2,3,9,2	1.0	28.91390609741211	0.9783736417207146
8751.0	30111.0	3.0	4.0	4.0	4,1,1	0,4,2	1.0	28.91390609741211	0.9891277175980433
8806.0	30112.0	6.0	2.0	2.0	4	0	1.0	28.91390609741211	0.9783736417207146
8600.0	30113.0	6.0	4.0	7.0	4,1,1,4,1,4	0,5,3,2,6,3	1.0	28.91390609741211	0.9783736417207146
8838.0	30114.0	4.0	4.0	2.0	4	0	1.0	28.91390609741211	0.985529955335244
8835.0	30115.0	4.0	1.0	2.0	1	0	0.0	28.91390609741211	0.985529955335244
8846.0	30116.0	4.0	1.0	2.0	1	0	0.0	28.91390609741211	0.985529955335244
8706.0	30117.0	2.0	1.0	8.0	1,1,1,1,1,1,1	0,4,2,4,3,2,2	0.0	28.91390609741211	0.9927386138028701
8608.0	30118.0	2.0	4.0	4.0	1,4,1	0,5,17	1.0	28.91390609741211	0.9927386138028701
8663.0	30119.0	6.0	4.0	7.0	1,1,1,4,1,4	0,3,2,2,8,3	1.0	28.91390609741211	0.9783736417207146
8705.0	30120.0	15.0	4.0	3.0	4,4	0,4	1.0	28.91390609741211	0.9468078712013169
8504.0	30121.0	17.0	1.0	5.0	1,1,4,4	0,3,2,6	0.0	28.91390609741211	0.9399327335940417
8540.0	30122.0	1.0	3.0	8.0	1,1,4,2,1,1,1	0,4,2,6,9,2,3	1.0	28.91390609741211	0.9963626918963144
8812.0	30123.0	1.0	1.0	4.0	1,1,1	0,3,3	0.0	28.91390609741211	0.9963626918963144
8689.0	30124.0	1.0	4.0	4.0	4,4,1	0,5,15	1.0	28.91390609741211	0.9963626918963144
8596.0	30125.0	1.0	4.0	10.0	1,1,1,1,1,4,1,4,1	0,4,2,2,2,2,5,2,6	1.0	28.91390609741211	0.9963626918963144
8813.0	30126.0	1.0	1.0	3.0	1,1	0,6	0.0	28.91390609741211	0.9963626918963144
8836.0	30127.0	1.0	1.0	3.0	1,1	0,4	0.0	28.91390609741211	0.9963626918963144
8807.0	30128.0	1.0	4.0	3.0	4,1	0,6	1.0	28.91390609741211	0.9963626918963144
8835.0	30129.0	1.0	4.0	3.0	1,1	0,4	1.0	28.91390609741211	0.9963626918963144
8706.0	30130.0	1.0	4.0	9.0	1,1,1,1,1,1,1,1	0,4,2,4,3,2,2,2	1.0	28.91390609741211	0.9963626918963144
8846.0	30131.0	1.0	1.0	3.0	1,1	0,4	0.0	28.91390609741211	0.9963626918963144
8504.0	30132.0	1.0	4.0	6.0	1,1,4,4,1	0,3,2,6,17	1.0	28.91390609741211	0.9963626918963144
8667.0	30133.0	7.0	1.0	8.0	1,1,1,1,1,1,4	0,3,3,2,2,4,3	0.0	28.91390609741211	0.9748149953452515
8841.0	30134.0	5.0	4.0	2.0	4	0	1.0	28.91390609741211	0.9819452792422783
8691.0	30135.0	16.0	4.0	3.0	4,4	0,5	1.0	28.91390609741211	0.9433640392587631
8679.0	30136.0	7.0	1.0	6.0	1,1,4,1,4	0,6,2,6,3	0.0	28.91390609741211	0.9748149953452515
8481.0	30137.0	5.0	4.0	9.0	1,1,1,4,1,2,1,4	0,5,2,2,6,5,3,2	1.0	28.91390609741211	0.9819452792422783
8365.0	30138.0	26.0	4.0	4.0	4,4,4	0,3,7	1.0	28.91390609741211	0.9096072018062902
8844.0	30139.0	5.0	4.0	2.0	4	0	1.0	28.91390609741211	0.9819452792422783
8531.0	30140.0	7.0	1.0	7.0	1,4,1,4,1,4	0,3,9,2,5,2	0.0	28.91390609741211	0.9748149953452515
8839.0	30141.0	5.0	4.0	2.0	4	0	1.0	28.91390609741211	0.9819452792422783
8832.0	30142.0	5.0	4.0	2.0	4	0	1.0	28.91390609741211	0.9819452792422783
8677.0	30143.0	5.0	4.0	8.0	4,1,1,4,1,1,4	0,3,3,2,6,3,2	1.0	28.91390609741211	0.9819452792422783
8845.0	30144.0	5.0	1.0	2.0	1	0	0.0	28.91390609741211	0.9819452792422783
8687.0	30145.0	16.0	1.0	3.0	4,4	0,5	0.0	28.91390609741211	0.9433640392587631
8660.0	30146.0	7.0	4.0	7.0	1,1,1,4,1,4	0,3,2,2,8,3	1.0	28.91390609741211	0.9748149953452515
8843.0	30147.0	5.0	4.0	2.0	1	0	1.0	28.91390609741211	0.9819452792422783
8551.0	30148.0	15.0	4.0	5.0	1,1,4,4	0,5,2,5	1.0	28.91390609741211	0.9468078712013169
8356.0	30149.0	5.0	4.0	9.0	1,1,1,1,4,4,1,4	0,5,2,2,2,5,13,2	1.0	28.91390609741211	0.9819452792422783
8840.0	30150.0	5.0	4.0	2.0	4	0	1.0	28.91390609741211	0.9819452792422783
8716.0	30151.0	10.0	1.0	4.0	4,1,4	0,4,4	0.0	28.91390609741211	0.9642165314261959
8833.0	30152.0	5.0	4.0	2.0	4	0	1.0	28.91390609741211	0.9819452792422783
8485.0	30153.0	5.0	1.0	8.0	4,1,4,1,4,1,4	0,5,2,7,2,7,2	0.0	28.91390609741211	0.9819452792422783
8847.0	30154.0	5.0	4.0	2.0	4	0	1.0	28.91390609741211	0.9819452792422783
8693.0	30155.0	16.0	1.0	3.0	4,4	0,5	0.0	28.91390609741211	0.9433640392587631
8686.0	30156.0	16.0	4.0	3.0	4,4	0,5	1.0	28.91390609741211	0.9433640392587631
8432.0	30157.0	7.0	4.0	5.0	4,4,1,4	0,5,18,3	1.0	28.91390609741211	0.9748149953452515
8267.0	30172.0	16.0	1.0	5.0	1,1,4,4	0,4,2,5	0.0	28.91390609741211	0.9433640392587631
8825.0	30173.0	5.0	4.0	2.0	1	0	1.0	28.91390609741211	0.9819452792422783
8652.0	30174.0	7.0	1.0	8.0	1,1,1,1,4,1,4	0,3,2,2,2,5,2	0.0	28.91390609741211	0.9748149953452515
8822.0	30175.0	7.0	4.0	2.0	1	0	1.0	28.91390609741211	0.9748149953452515
8819.0	30176.0	7.0	4.0	2.0	4	0	1.0	28.91390609741211	0.9748149953452515
8589.0	30177.0	6.0	1.0	9.0	1,1,1,1,4,1,1,4	0,4,3,2,2,5,2,1	0.0	28.91390609741211	0.9783736417207146
7946.0	30178.0	24.0	4.0	4.0	2,4,4	0,3,7	1.0	28.91390609741211	0.9162605233233253
8201.0	30179.0	18.0	4.0	5.0	1,1,4,4	0,5,2,5	1.0	28.91390609741211	0.9365139086452208
8727.0	30180.0	4.0	4.0	4.0	4,2,1	0,8,6	1.0	28.91390609741211	0.985529955335244
8830.0	30181.0	5.0	1.0	2.0	4	0	0.0	28.91390609741211	0.9819452792422783
8715.0	30182.0	16.0	4.0	3.0	4,4	0,4	1.0	28.91390609741211	0.9433640392587631
8655.0	30183.0	18.0	4.0	3.0	4,4	0,5	1.0	28.91390609741211	0.9365139086452208
8658.0	30184.0	4.0	4.0	4.0	1,4,1	0,5,14	1.0	28.91390609741211	0.985529955335244
8821.0	30185.0	4.0	1.0	3.0	1,1	0,3	0.0	28.91390609741211	0.985529955335244
8800.0	30186.0	4.0	1.0	3.0	1,1	0,3	0.0	28.91390609741211	0.985529955335244
8784.0	30187.0	4.0	4.0	4.0	1,1,1	0,4,2	1.0	28.91390609741211	0.985529955335244
8793.0	30188.0	4.0	4.0	3.0	4,1	0,5	1.0	28.91390609741211	0.985529955335244
8817.0	30189.0	7.0	4.0	2.0	4	0	1.0	28.91390609741211	0.9748149953452515
8826.0	30190.0	5.0	1.0	2.0	1	0	0.0	28.91390609741211	0.9819452792422783
8656.0	30191.0	18.0	4.0	3.0	4,4	0,5	1.0	28.91390609741211	0.9365139086452208
8724.0	30192.0	4.0	1.0	7.0	1,1,1,1,1,1	0,4,4,3,1,2	0.0	28.91390609741211	0.985529955335244
8816.0	30193.0	7.0	4.0	2.0	4	0	1.0	28.91390609741211	0.9748149953452515
8804.0	30194.0	7.0	4.0	2.0	4	0	1.0	28.91390609741211	0.9748149953452515
7854.0	30195.0	28.0	4.0	4.0	4,4,4	0,5,8	1.0	28.91390609741211	0.903002192626284
7846.0	30196.0	29.0	4.0	4.0	4,4,4	0,3,9	1.0	28.91390609741211	0.8997176954333986
8797.0	30197.0	4.0	1.0	3.0	1,1	0,5	0.0	28.91390609741211	0.985529955335244
8653.0	30198.0	4.0	4.0	4.0	1,4,1	0,5,14	1.0	28.91390609741211	0.985529955335244
7864.0	30199.0	27.0	4.0	4.0	4,4,4	0,5,9	1.0	28.91390609741211	0.9062986801599895
7844.0	30200.0	27.0	4.0	4.0	3,4,4	0,5,9	1.0	28.91390609741211	0.9062986801599895
8778.0	30201.0	4.0	1.0	4.0	1,1,1	0,4,2	0.0	28.91390609741211	0.985529955335244
8779.0	30202.0	4.0	1.0	4.0	1,1,1	0,4,2	0.0	28.91390609741211	0.985529955335244
8823.0	30203.0	5.0	4.0	2.0	4	0	1.0	28.91390609741211	0.9819452792422783
7878.0	30204.0	28.0	4.0	4.0	4,4,4	0,3,8	1.0	28.91390609741211	0.903002192626284
8805.0	30205.0	4.0	4.0	3.0	1,1	0,3	1.0	28.91390609741211	0.985529955335244
7857.0	30206.0	29.0	4.0	4.0	4,4,4	0,3,9	1.0	28.91390609741211	0.8997176954333986
8782.0	30207.0	3.0	1.0	5.0	1,1,1,1	0,3,2,2	0.0	28.91390609741211	0.9891277175980433
7963.0	30208.0	21.0	4.0	5.0	1,1,4,4	0,5,2,6	1.0	28.91390609741211	0.9263318649570698
8657.0	30209.0	18.0	1.0	3.0	4,4	0,5	0.0	28.91390609741211	0.9365139086452208
8287.0	30210.0	7.0	4.0	7.0	1,1,1,4,1,4	0,3,2,3,8,3	1.0	28.91390609741211	0.9748149953452515
7993.0	30211.0	7.0	4.0	5.0	4,4,1,4	0,5,18,2	1.0	28.91390609741211	0.9748149953452515
8831.0	30212.0	5.0	1.0	2.0	1	0	0.0	28.91390609741211	0.9819452792422783
8211.0	30213.0	7.0	4.0	6.0	1,4,1,1,4	0,4,12,4,3	1.0	28.91390609741211	0.9748149953452515
8771.0	30214.0	3.0	4.0	4.0	1,1,1	0,5,2	1.0	28.91390609741211	0.9891277175980433
8694.0	30215.0	3.0	4.0	8.0	4,1,1,1,1,1,1	0,5,2,4,3,2,2	1.0	28.91390609741211	0.9891277175980433
7919.0	30216.0	25.0	4.0	4.0	4,4,4	0,3,8	1.0	28.91390609741211	0.9129278014967542
7983.0	30217.0	3.0	4.0	6.0	4,1,4,4,1	0,5,2,6,17	1.0	28.91390609741211	0.9891277175980433
8732.0	30218.0	3.0	1.0	6.0	1,1,1,1,1	0,8,3,2,2	0.0	28.91390609741211	0.9891277175980433
8246.0	30219.0	7.0	4.0	5.0	4,4,1,4	0,4,15,2	1.0	28.91390609741211	0.9748149953452515
7996.0	30220.0	7.0	4.0	5.0	1,4,1,4	0,5,18,2	1.0	28.91390609741211	0.9748149953452515
7905.0	30221.0	28.0	4.0	4.0	4,4,4	0,3,7	1.0	28.91390609741211	0.903002192626284
8774.0	30222.0	3.0	1.0	4.0	1,1,1	0,5,2	0.0	28.91390609741211	0.9891277175980433
8566.0	30223.0	7.0	4.0	5.0	4,4,1,4	0,4,13,2	1.0	28.91390609741211	0.9748149953452515
8264.0	30224.0	15.0	1.0	5.0	1,1,4,4	0,5,2,5	0.0	28.91390609741211	0.9468078712013169
8711.0	30225.0	3.0	1.0	7.0	1,1,1,1,1,1	0,5,5,3,2,2	0.0	28.91390609741211	0.9891277175980433
8641.0	30226.0	18.0	1.0	3.0	1,4	0,5	0.0	28.91390609741211	0.9365139086452208
8699.0	30227.0	16.0	4.0	3.0	4,4	0,5	1.0	28.91390609741211	0.9433640392587631
8569.0	30228.0	5.0	4.0	5.0	1,4,1,4	0,5,14,2	1.0	28.91390609741211	0.9819452792422783
8714.0	30229.0	15.0	4.0	3.0	4,4	0,5	1.0	28.91390609741211	0.9468078712013169
8827.0	30230.0	5.0	1.0	2.0	1	0	0.0	28.91390609741211	0.9819452792422783
8581.0	30231.0	15.0	1.0	5.0	4,1,4,4	0,3,2,5	0.0	28.91390609741211	0.9468078712013169
8829.0	30232.0	5.0	4.0	2.0	4	0	1.0	28.91390609741211	0.9819452792422783
8824.0	30233.0	5.0	4.0	2.0	4	0	1.0	28.91390609741211	0.9819452792422783
8709.0	30234.0	15.0	1.0	3.0	1,4	0,5	0.0	28.91390609741211	0.9468078712013169
8710.0	30235.0	15.0	2.0	3.0	4,4	0,5	1.0	28.91390609741211	0.9468078712013169
8646.0	30236.0	18.0	4.0	3.0	4,4	0,5	1.0	28.91390609741211	0.9365139086452208
8659.0	30237.0	18.0	1.0	3.0	1,4	0,5	0.0	28.91390609741211	0.9365139086452208
7937.0	30238.0	7.0	4.0	5.0	4,4,1,4	0,5,20,3	1.0	28.91390609741211	0.9748149953452515
8623.0	30239.0	18.0	4.0	3.0	4,4	0,6	1.0	28.91390609741211	0.9365139086452208
8828.0	30240.0	5.0	1.0	2.0	1	0	0.0	28.91390609741211	0.9819452792422783
8251.0	30241.0	16.0	4.0	5.0	1,1,4,4	0,5,2,5	1.0	28.91390609741211	0.9433640392587631
8697.0	30242.0	16.0	4.0	3.0	4,4	0,5	1.0	28.91390609741211	0.9433640392587631
8625.0	30243.0	5.0	4.0	7.0	1,1,4,1,1,4	0,6,2,6,3,2	1.0	28.91390609741211	0.9819452792422783
7899.0	30244.0	18.0	4.0	6.0	4,4,1,4,4	0,3,9,2,6	1.0	28.91390609741211	0.9365139086452208
8696.0	30245.0	16.0	1.0	3.0	4,4	0,5	0.0	28.91390609741211	0.9433640392587631
8514.0	30290.0	21.0	4.0	5.0	1,1,4,4	0,3,2,6	1.0	28.91390609741211	0.9263318649570698
8505.0	30291.0	18.0	3.0	6.0	4,1,1,4,4	0,4,2,2,6	1.0	28.91390609741211	0.9365139086452208
8671.0	30292.0	8.0	4.0	7.0	1,1,1,4,1,4	0,6,2,2,7,2	1.0	28.91390609741211	0.971269292863088
8707.0	30293.0	18.0	4.0	3.0	4,4	0,5	1.0	28.91390609741211	0.9365139086452208
8749.0	30294.0	7.0	4.0	4.0	4,1,4	0,4,2	1.0	28.91390609741211	0.9748149953452515
8562.0	30295.0	8.0	4.0	7.0	1,1,4,2,1,4	0,4,2,6,7,2	1.0	28.91390609741211	0.971269292863088
8717.0	30296.0	17.0	4.0	3.0	4,4	0,4	1.0	28.91390609741211	0.9399327335940417
8720.0	30297.0	17.0	4.0	3.0	4,4	0,4	1.0	28.91390609741211	0.9399327335940417
8496.0	30298.0	10.0	4.0	5.0	1,4,1,4	0,4,15,3	1.0	28.91390609741211	0.9642165314261959
8418.0	30299.0	10.0	1.0	9.0	1,1,1,4,1,4,1,4	0,5,2,1,4,3,8,3	0.0	28.91390609741211	0.9642165314261959
8674.0	30300.0	8.0	4.0	7.0	4,1,4,1,1,4	0,4,2,8,3,2	1.0	28.91390609741211	0.971269292863088
8447.0	30301.0	23.0	4.0	5.0	4,1,4,4	0,4,2,6	1.0	28.91390609741211	0.9196054115389088
8540.0	30302.0	3.0	4.0	9.0	1,1,4,2,1,1,1,3	0,4,2,6,9,2,3,1	1.0	28.91390609741211	0.9891277175980433
8445.0	30303.0	10.0	4.0	5.0	4,4,1,4	0,5,17,3	1.0	28.91390609741211	0.9642165314261959
8418.0	30304.0	15.0	1.0	10.0	1,1,1,4,1,4,1,4,1	0,5,2,1,4,3,8,3,10	0.0	28.91390609741211	0.9468078712013169
8521.0	30305.0	23.0	1.0	5.0	1,4,1,4	0,5,16,2	0.0	28.91390609741211	0.9196054115389088
8515.0	30306.0	23.0	4.0	6.0	1,4,1,1,4	0,4,14,3,2	1.0	28.91390609741211	0.9196054115389088
8340.0	30307.0	44.0	4.0	4.0	2,4,4	0,3,9	1.0	28.91390609741211	0.851859795895451
8761.0	30308.0	22.0	4.0	4.0	4,1,4	0,4,2	1.0	28.91390609741211	0.9229625105579592
8666.0	30309.0	25.0	1.0	7.0	1,1,1,4,1,4	0,3,3,2,6,3	0.0	28.91390609741211	0.9129278014967542
8359.0	30310.0	23.0	4.0	9.0	1,4,1,1,4,1,1,4	0,3,10,2,3,8,3,2	1.0	28.91390609741211	0.9196054115389088
8675.0	30311.0	36.0	1.0	3.0	4,4	0,6	0.0	28.91390609741211	0.877058301085949
8673.0	30312.0	25.0	1.0	6.0	1,1,4,1,4	0,6,2,6,3	0.0	28.91390609741211	0.9129278014967542
8601.0	30313.0	33.0	1.0	5.0	1,1,4,4	0,3,2,5	0.0	28.91390609741211	0.8866987401948061
8607.0	30314.0	33.0	4.0	5.0	1,1,4,4	0,3,2,5	1.0	28.91390609741211	0.8866987401948061
8543.0	30315.0	33.0	4.0	5.0	1,1,4,4	0,5,2,5	1.0	28.91390609741211	0.8866987401948061
8681.0	30316.0	34.0	4.0	3.0	4,4	0,5	1.0	28.91390609741211	0.8834735436815677
8480.0	30317.0	23.0	4.0	5.0	4,4,1,4	0,5,18,2	1.0	28.91390609741211	0.9196054115389088
8592.0	30318.0	33.0	1.0	5.0	1,1,4,4	0,4,2,5	0.0	28.91390609741211	0.8866987401948061
8667.0	30319.0	18.0	1.0	9.0	1,1,1,1,1,1,4,1	0,3,3,2,2,4,3,7	0.0	28.91390609741211	0.9365139086452208
8687.0	30320.0	18.0	1.0	4.0	4,4,1	0,5,16	0.0	28.91390609741211	0.9365139086452208
8716.0	30321.0	18.0	3.0	5.0	4,1,4,1	0,4,4,10	1.0	28.91390609741211	0.9365139086452208
8762.0	30322.0	25.0	2.0	3.0	4,4	0,3	1.0	28.91390609741211	0.9129278014967542
8845.0	30323.0	18.0	1.0	3.0	1,1	0,5	0.0	28.91390609741211	0.9365139086452208
8740.0	30324.0	25.0	2.0	4.0	4,1,4	0,6,3	1.0	28.91390609741211	0.9129278014967542
8689.0	30325.0	18.0	4.0	5.0	4,4,1,4	0,5,15,1	1.0	28.91390609741211	0.9365139086452208
8593.0	30326.0	33.0	2.0	5.0	4,1,4,4	0,3,2,6	1.0	28.91390609741211	0.8866987401948061
8400.0	30327.0	25.0	1.0	5.0	4,4,1,4	0,5,19,3	0.0	28.91390609741211	0.9129278014967542
8756.0	30328.0	25.0	4.0	3.0	4,4	0,3	1.0	28.91390609741211	0.9129278014967542
8684.0	30329.0	23.0	4.0	5.0	4,4,1,4	0,3,11,2	1.0	28.91390609741211	0.9196054115389088
8846.0	30330.0	18.0	1.0	4.0	1,1,1	0,4,1	0.0	28.91390609741211	0.9365139086452208
8548.0	30331.0	28.0	1.0	6.0	1,1,4,1,4	0,5,2,5,5	0.0	28.91390609741211	0.903002192626284
8596.0	30332.0	18.0	2.0	11.0	1,1,1,1,1,4,1,4,1,4	0,4,2,2,2,2,5,2,6,1	1.0	28.91390609741211	0.9365139086452208
8438.0	30333.0	36.0	3.0	5.0	1,1,4,4	0,5,2,7	1.0	28.91390609741211	0.877058301085949
8424.0	30334.0	25.0	1.0	6.0	1,4,1,1,4	0,4,14,5,3	0.0	28.91390609741211	0.9129278014967542
8488.0	30335.0	25.0	4.0	5.0	1,4,1,4	0,4,16,3	1.0	28.91390609741211	0.9129278014967542
8807.0	30336.0	18.0	1.0	4.0	4,1,4	0,6,1	0.0	28.91390609741211	0.9365139086452208
8485.0	30337.0	18.0	4.0	9.0	4,1,4,1,4,1,4,1	0,5,2,7,2,7,2,5	1.0	28.91390609741211	0.9365139086452208
8439.0	30338.0	25.0	4.0	9.0	1,1,1,4,1,4,1,4	0,4,2,2,6,2,6,3	1.0	28.91390609741211	0.9129278014967542
8531.0	30339.0	18.0	4.0	8.0	1,4,1,4,1,4,1	0,3,9,2,5,2,7	1.0	28.91390609741211	0.9365139086452208
8835.0	30340.0	18.0	4.0	4.0	1,1,4	0,4,1	1.0	28.91390609741211	0.9365139086452208
8706.0	30341.0	18.0	1.0	10.0	1,1,1,1,1,1,1,1,4	0,4,2,4,3,2,2,2,1	0.0	28.91390609741211	0.9365139086452208
8813.0	30342.0	18.0	1.0	4.0	1,1,1	0,6,1	0.0	28.91390609741211	0.9365139086452208
8504.0	30343.0	18.0	4.0	7.0	1,1,4,4,1,4	0,3,2,6,17,1	1.0	28.91390609741211	0.9365139086452208
8487.0	30344.0	36.0	4.0	5.0	4,1,4,4	0,3,2,7	1.0	28.91390609741211	0.877058301085949
8693.0	30345.0	18.0	4.0	4.0	4,4,1	0,5,16	1.0	28.91390609741211	0.9365139086452208
8812.0	30346.0	18.0	1.0	5.0	1,1,1,1	0,3,3,1	0.0	28.91390609741211	0.9365139086452208
8679.0	30347.0	18.0	1.0	7.0	1,1,4,1,4,1	0,6,2,6,3,7	0.0	28.91390609741211	0.9365139086452208
8766.0	30348.0	25.0	1.0	3.0	4,4	0,3	0.0	28.91390609741211	0.9129278014967542
8611.0	30349.0	21.0	4.0	7.0	1,1,4,1,1,4	0,4,3,11,2,2	1.0	28.91390609741211	0.9263318649570698
8508.0	30350.0	25.0	4.0	8.0	1,1,4,1,4,1,4	0,3,2,6,2,6,3	1.0	28.91390609741211	0.9129278014967542
8836.0	30351.0	18.0	1.0	4.0	1,1,1	0,4,1	0.0	28.91390609741211	0.9365139086452208
8678.0	30352.0	36.0	4.0	3.0	4,4	0,6	1.0	28.91390609741211	0.877058301085949
8527.0	30353.0	33.0	1.0	5.0	4,1,4,4	0,5,2,6	0.0	28.91390609741211	0.8866987401948061
8670.0	30354.0	36.0	1.0	3.0	4,4	0,6	0.0	28.91390609741211	0.877058301085949
8763.0	30355.0	25.0	4.0	3.0	4,4	0,3	1.0	28.91390609741211	0.9129278014967542
8416.0	30356.0	40.0	4.0	4.0	4,4,4	0,3,8	1.0	28.91390609741211	0.8643672282956403
8397.0	30357.0	41.0	4.0	4.0	4,4,4	0,3,8	1.0	28.91390609741211	0.8612232583716003
8294.0	30358.0	46.0	4.0	4.0	3,4,4	0,3,10	1.0	28.91390609741211	0.8456741129316458
8449.0	30359.0	21.0	1.0	7.0	4,1,4,4,1,4	0,3,2,5,17,2	0.0	28.91390609741211	0.9263318649570698
8764.0	30360.0	21.0	1.0	5.0	1,1,1,4	0,3,2,2	0.0	28.91390609741211	0.9263318649570698
8537.0	30361.0	21.0	1.0	6.0	1,4,1,1,4	0,5,15,2,2	0.0	28.91390609741211	0.9263318649570698
8750.0	30362.0	25.0	4.0	3.0	4,4	0,3	1.0	28.91390609741211	0.9129278014967542
8442.0	30363.0	40.0	4.0	4.0	4,4,4	0,3,7	1.0	28.91390609741211	0.8643672282956403
8303.0	30364.0	28.0	1.0	7.0	1,4,1,4,1,4	0,5,14,2,6,4	0.0	28.91390609741211	0.903002192626284
8327.0	30365.0	45.0	4.0	4.0	4,4,4	0,3,9	1.0	28.91390609741211	0.8487613193566366
8597.0	30366.0	28.0	1.0	6.0	1,1,4,1,4	0,3,2,6,5	0.0	28.91390609741211	0.903002192626284
8811.0	30367.0	22.0	1.0	3.0	4,3	0,3	0.0	28.91390609741211	0.9229625105579592
8719.0	30368.0	28.0	1.0	4.0	1,1,4	0,3,5	0.0	28.91390609741211	0.903002192626284
8553.0	30369.0	25.0	1.0	5.0	1,4,1,4	0,3,14,3	0.0	28.91390609741211	0.9129278014967542
8489.0	30370.0	34.0	1.0	5.0	1,1,4,4	0,5,2,7	0.0	28.91390609741211	0.8834735436815677
8483.0	30371.0	38.0	4.0	4.0	4,4,4	0,3,7	1.0	28.91390609741211	0.8706896420443652
8558.0	30372.0	33.0	4.0	5.0	1,1,4,4	0,3,2,6	1.0	28.91390609741211	0.8866987401948061
8517.0	30373.0	34.0	2.0	5.0	1,1,4,4	0,3,2,7	1.0	28.91390609741211	0.8834735436815677
8414.0	30374.0	41.0	4.0	4.0	4,4,4	0,3,8	1.0	28.91390609741211	0.8612232583716003
8409.0	30375.0	40.0	4.0	4.0	4,4,4	0,3,9	1.0	28.91390609741211	0.8643672282956403
8523.0	30376.0	36.0	1.0	4.0	1,4,4	0,3,7	0.0	28.91390609741211	0.877058301085949
8358.0	30377.0	33.0	4.0	7.0	4,1,1,4,2,4	0,4,2,2,6,7	1.0	28.91390609741211	0.8866987401948061
8751.0	30378.0	19.0	2.0	5.0	4,1,1,4	0,4,2,3	1.0	28.91390609741211	0.9331075190160913
8608.0	30379.0	19.0	1.0	5.0	1,4,1,4	0,5,17,2	0.0	28.91390609741211	0.9331075190160913
8332.0	30380.0	28.0	4.0	7.0	4,4,1,1,4,4	0,4,15,2,2,6	1.0	28.91390609741211	0.903002192626284
8563.0	30381.0	28.0	2.0	6.0	1,1,1,4,4	0,5,3,2,6	1.0	28.91390609741211	0.903002192626284
8599.0	30382.0	34.0	4.0	4.0	1,4,4	0,3,7	1.0	28.91390609741211	0.8834735436815677
8493.0	30383.0	34.0	2.0	5.0	4,1,4,4	0,5,2,7	1.0	28.91390609741211	0.8834735436815677
8367.0	30385.0	34.0	4.0	6.0	4,4,1,4,4	0,3,8,2,7	1.0	28.91390609741211	0.8834735436815677
8806.0	30386.0	19.0	1.0	3.0	4,2	0,6	0.0	28.91390609741211	0.9331075190160913
8538.0	30387.0	28.0	4.0	5.0	1,4,1,4	0,3,9,5	1.0	28.91390609741211	0.903002192626284
8603.0	30388.0	28.0	4.0	6.0	1,1,1,4,4	0,5,2,2,6	1.0	28.91390609741211	0.903002192626284
8755.0	30389.0	24.0	4.0	3.0	4,4	0,4	1.0	28.91390609741211	0.9162605233233253
8395.0	30390.0	40.0	2.0	4.0	4,4,4	0,3,9	1.0	28.91390609741211	0.8643672282956403
8314.0	30391.0	46.0	4.0	4.0	4,4,4	0,3,10	1.0	28.91390609741211	0.8456741129316458
8734.0	30392.0	28.0	1.0	3.0	4,4	0,6	0.0	28.91390609741211	0.903002192626284
8328.0	30393.0	28.0	1.0	6.0	4,4,1,4,4	0,5,16,2,6	0.0	28.91390609741211	0.903002192626284
8339.0	30395.0	34.0	4.0	6.0	4,4,1,4,4	0,3,11,2,6	1.0	28.91390609741211	0.8834735436815677
8757.0	30396.0	24.0	4.0	3.0	4,4	0,4	1.0	28.91390609741211	0.9162605233233253
8733.0	30397.0	28.0	4.0	3.0	4,4	0,6	1.0	28.91390609741211	0.903002192626284
8685.0	30399.0	28.0	1.0	5.0	4,1,4,4	0,3,2,6	0.0	28.91390609741211	0.903002192626284
8602.0	30401.0	32.0	4.0	5.0	1,1,4,4	0,3,2,6	1.0	28.91390609741211	0.8899357105666091
8604.0	30403.0	28.0	1.0	6.0	1,1,1,4,4	0,4,3,2,6	0.0	28.91390609741211	0.903002192626284
8497.0	30404.0	27.0	1.0	7.0	1,1,4,1,4,4	0,5,2,6,2,5	0.0	28.91390609741211	0.9062986801599895
8495.0	30405.0	28.0	4.0	7.0	1,1,2,1,4,4	0,5,2,4,2,6	1.0	28.91390609741211	0.903002192626284
8299.0	30406.0	28.0	1.0	6.0	4,4,1,4,4	0,5,18,2,6	0.0	28.91390609741211	0.903002192626284
8610.0	30408.0	27.0	4.0	4.0	1,4,2	0,4,12	1.0	28.91390609741211	0.9062986801599895
8739.0	30409.0	28.0	1.0	3.0	4,4	0,6	0.0	28.91390609741211	0.903002192626284
8692.0	30415.0	28.0	1.0	5.0	4,1,4,4	0,3,2,6	0.0	28.91390609741211	0.903002192626284
8700.0	30456.0	28.0	4.0	5.0	4,1,1,4	0,5,2,4	1.0	28.91390609741211	0.903002192626284
8637.0	30457.0	36.0	4.0	3.0	4,4	0,6	1.0	28.91390609741211	0.877058301085949
8743.0	30458.0	25.0	1.0	4.0	1,1,4	0,6,3	0.0	28.91390609741211	0.9129278014967542
8619.0	30459.0	25.0	4.0	5.0	4,4,1,4	0,3,11,3	1.0	28.91390609741211	0.9129278014967542
7929.0	30460.0	23.0	4.0	7.0	4,4,1,4,1,4	0,5,14,2,7,2	1.0	28.91390609741211	0.9196054115389088
8797.0	30461.0	18.0	1.0	4.0	1,1,1	0,5,4	0.0	28.91390609741211	0.9365139086452208
8583.0	30462.0	23.0	4.0	6.0	1,4,1,1,4	0,3,12,3,2	1.0	28.91390609741211	0.9196054115389088
7918.0	30463.0	43.0	1.0	4.0	4,4,4	0,3,8	0.0	28.91390609741211	0.8549695836906135
8722.0	30464.0	25.0	1.0	5.0	1,1,1,4	0,4,4,3	0.0	28.91390609741211	0.9129278014967542
7915.0	30465.0	43.0	4.0	4.0	4,4,4	0,3,8	1.0	28.91390609741211	0.8549695836906135
8773.0	30466.0	23.0	1.0	4.0	1,1,4	0,3,2	0.0	28.91390609741211	0.9196054115389088
8730.0	30467.0	23.0	4.0	5.0	4,4,1,4	0,3,8,2	1.0	28.91390609741211	0.9196054115389088
8772.0	30468.0	23.0	1.0	4.0	1,1,4	0,3,2	0.0	28.91390609741211	0.9196054115389088
8235.0	30469.0	34.0	2.0	5.0	4,1,4,4	0,5,2,6	1.0	28.91390609741211	0.8834735436815677
8233.0	30470.0	25.0	1.0	6.0	1,3,1,1,4	0,4,10,5,3	0.0	28.91390609741211	0.9129278014967542
8634.0	30471.0	36.0	1.0	3.0	4,4	0,6	0.0	28.91390609741211	0.877058301085949
8009.0	30472.0	25.0	1.0	5.0	4,4,1,4	0,4,17,3	0.0	28.91390609741211	0.9129278014967542
8639.0	30473.0	23.0	4.0	5.0	1,4,1,4	0,4,13,2	1.0	28.91390609741211	0.9196054115389088
8729.0	30474.0	32.0	1.0	3.0	1,4	0,4	0.0	28.91390609741211	0.8899357105666091
8652.0	30475.0	18.0	4.0	9.0	1,1,1,1,4,1,4,1	0,3,2,2,2,5,2,7	1.0	28.91390609741211	0.9365139086452208
8239.0	30476.0	34.0	4.0	5.0	4,1,4,4	0,5,2,6	1.0	28.91390609741211	0.8834735436815677
8007.0	30477.0	23.0	1.0	5.0	4,4,1,4	0,5,19,2	0.0	28.91390609741211	0.9196054115389088
8006.0	30478.0	28.0	4.0	5.0	4,4,1,4	0,4,13,4	1.0	28.91390609741211	0.903002192626284
8586.0	30479.0	21.0	1.0	10.0	1,1,1,2,1,1,1,1,4	0,3,2,2,3,5,3,2,2	0.0	28.91390609741211	0.9263318649570698
8590.0	30480.0	22.0	4.0	5.0	1,4,1,4	0,5,14,2	1.0	28.91390609741211	0.9229625105579592
7953.0	30481.0	25.0	1.0	5.0	4,4,1,4	0,5,19,3	0.0	28.91390609741211	0.9129278014967542
7839.0	30482.0	38.0	1.0	4.0	3,3,2	0,18,21	0.0	28.91390609741211	0.8706896420443652
8214.0	30483.0	25.0	1.0	5.0	4,4,1,4	0,4,16,3	0.0	28.91390609741211	0.9129278014967542
8830.0	30484.0	18.0	1.0	3.0	4,1	0,5	0.0	28.91390609741211	0.9365139086452208
8826.0	30485.0	18.0	1.0	3.0	1,1	0,5	0.0	28.91390609741211	0.9365139086452208
8724.0	30486.0	18.0	1.0	8.0	1,1,1,1,1,1,1	0,4,4,3,1,2,4	0.0	28.91390609741211	0.9365139086452208
8614.0	30487.0	33.0	1.0	5.0	1,1,4,4	0,3,2,5	0.0	28.91390609741211	0.8866987401948061
8229.0	30488.0	23.0	4.0	5.0	4,4,1,4	0,5,17,2	1.0	28.91390609741211	0.9196054115389088
8774.0	30489.0	18.0	1.0	5.0	1,1,1,1	0,5,2,3	0.0	28.91390609741211	0.9365139086452208
8648.0	30490.0	21.0	4.0	9.0	1,1,1,1,1,1,1,4	0,5,2,2,4,3,2,2	1.0	28.91390609741211	0.9263318649570698
8641.0	30491.0	18.0	2.0	4.0	1,4,1	0,5,18	1.0	28.91390609741211	0.9365139086452208
8800.0	30492.0	18.0	1.0	4.0	1,1,1	0,3,4	0.0	28.91390609741211	0.9365139086452208
8709.0	30493.0	18.0	1.0	4.0	1,4,1	0,5,15	0.0	28.91390609741211	0.9365139086452208
8696.0	30494.0	18.0	1.0	4.0	4,4,1	0,5,16	0.0	28.91390609741211	0.9365139086452208
8821.0	30495.0	18.0	1.0	4.0	1,1,1	0,3,4	0.0	28.91390609741211	0.9365139086452208
8711.0	30497.0	18.0	1.0	8.0	1,1,1,1,1,1,1	0,5,5,3,2,2,3	0.0	28.91390609741211	0.9365139086452208
8581.0	30498.0	18.0	4.0	6.0	4,1,4,4,1	0,3,2,5,15	1.0	28.91390609741211	0.9365139086452208
8609.0	30501.0	23.0	4.0	5.0	4,4,1,4	0,4,14,2	1.0	28.91390609741211	0.9196054115389088
8791.0	30502.0	21.0	1.0	4.0	4,1,4	0,4,2	0.0	28.91390609741211	0.9263318649570698
8782.0	30503.0	18.0	1.0	6.0	1,1,1,1,1	0,3,2,2,3	0.0	28.91390609741211	0.9365139086452208
8831.0	30504.0	18.0	4.0	3.0	1,1	0,5	1.0	28.91390609741211	0.9365139086452208
8768.0	30505.0	22.0	4.0	4.0	4,1,4	0,4,2	1.0	28.91390609741211	0.9229625105579592
8828.0	30506.0	18.0	1.0	3.0	1,1	0,5	0.0	28.91390609741211	0.9365139086452208
7875.0	30507.0	28.0	4.0	7.0	4,1,4,4,1,4	0,4,2,5,14,4	1.0	28.91390609741211	0.903002192626284
8638.0	30509.0	25.0	4.0	5.0	1,4,1,4	0,3,11,3	1.0	28.91390609741211	0.9129278014967542
8779.0	30510.0	18.0	1.0	5.0	1,1,1,1	0,4,2,4	0.0	28.91390609741211	0.9365139086452208
8267.0	30511.0	18.0	4.0	6.0	1,1,4,4,1	0,4,2,5,16	1.0	28.91390609741211	0.9365139086452208
8657.0	30512.0	18.0	4.0	4.0	4,4,1	0,5,18	1.0	28.91390609741211	0.9365139086452208
8778.0	30513.0	18.0	1.0	5.0	1,1,1,1	0,4,2,4	0.0	28.91390609741211	0.9365139086452208
8589.0	30514.0	18.0	1.0	10.0	1,1,1,1,4,1,1,4,1	0,4,3,2,2,5,2,1,6	0.0	28.91390609741211	0.9365139086452208
8264.0	30515.0	18.0	4.0	6.0	1,1,4,4,1	0,5,2,5,15	1.0	28.91390609741211	0.9365139086452208
8732.0	30516.0	18.0	1.0	7.0	1,1,1,1,1,1	0,8,3,2,2,3	0.0	28.91390609741211	0.9365139086452208
8271.0	30517.0	33.0	4.0	5.0	1,1,4,4	0,4,2,6	1.0	28.91390609741211	0.8866987401948061
8702.0	30518.0	34.0	4.0	3.0	4,4	0,5	1.0	28.91390609741211	0.8834735436815677
8827.0	30519.0	18.0	1.0	3.0	1,1	0,5	0.0	28.91390609741211	0.9365139086452208
8659.0	30520.0	18.0	4.0	4.0	1,4,1	0,5,18	1.0	28.91390609741211	0.9365139086452208
8776.0	30521.0	21.0	1.0	5.0	1,1,1,4	0,3,2,2	0.0	28.91390609741211	0.9263318649570698
8788.0	30522.0	24.0	1.0	3.0	4,4	0,3	0.0	28.91390609741211	0.9162605233233253
8247.0	30523.0	28.0	1.0	6.0	4,1,4,1,4	0,5,2,6,5	0.0	28.91390609741211	0.903002192626284
7903.0	30524.0	45.0	4.0	4.0	4,4,4	0,3,8	1.0	28.91390609741211	0.8487613193566366
7845.0	30525.0	46.0	4.0	4.0	3,4,4	0,3,10	1.0	28.91390609741211	0.8456741129316458
8642.0	30526.0	25.0	1.0	6.0	1,1,4,1,4	0,5,2,6,3	0.0	28.91390609741211	0.9129278014967542
7902.0	30527.0	44.0	4.0	4.0	4,4,4	0,3,9	1.0	28.91390609741211	0.851859795895451
8228.0	30528.0	34.0	1.0	5.0	1,1,4,4	0,5,2,6	0.0	28.91390609741211	0.8834735436815677
8769.0	30529.0	25.0	4.0	3.0	4,4	0,3	1.0	28.91390609741211	0.9129278014967542
8591.0	30530.0	25.0	1.0	5.0	1,4,1,4	0,3,12,3	0.0	28.91390609741211	0.9129278014967542
8209.0	30531.0	25.0	1.0	5.0	1,4,1,4	0,4,16,3	0.0	28.91390609741211	0.9129278014967542
8786.0	30532.0	25.0	4.0	3.0	4,4	0,3	1.0	28.91390609741211	0.9129278014967542
8633.0	30533.0	36.0	1.0	3.0	4,4	0,6	0.0	28.91390609741211	0.877058301085949
8781.0	30534.0	21.0	4.0	4.0	4,1,4	0,5,2	1.0	28.91390609741211	0.9263318649570698
7988.0	30535.0	25.0	4.0	5.0	4,4,1,4	0,5,17,3	1.0	28.91390609741211	0.9129278014967542
7887.0	30536.0	44.0	4.0	4.0	4,4,4	0,3,9	1.0	28.91390609741211	0.851859795895451
7981.0	30537.0	27.0	1.0	9.0	1,1,1,4,1,1,4,4	0,5,2,2,6,2,2,5	0.0	28.91390609741211	0.9062986801599895
8794.0	30538.0	21.0	1.0	4.0	1,1,4	0,4,2	0.0	28.91390609741211	0.9263318649570698
7901.0	30539.0	44.0	4.0	4.0	4,4,4	0,3,9	1.0	28.91390609741211	0.851859795895451
8783.0	30540.0	25.0	1.0	3.0	4,4	0,3	0.0	28.91390609741211	0.9129278014967542
7884.0	30541.0	45.0	4.0	4.0	4,4,4	0,3,9	1.0	28.91390609741211	0.8487613193566366
8775.0	30542.0	25.0	1.0	3.0	4,4	0,3	0.0	28.91390609741211	0.9129278014967542
8005.0	30543.0	39.0	1.0	4.0	4,4,4	0,3,8	0.0	28.91390609741211	0.8675226755535622
8799.0	30544.0	22.0	4.0	3.0	4,4	0,3	1.0	28.91390609741211	0.9229625105579592
7961.0	30545.0	25.0	1.0	5.0	2,4,1,4	0,5,19,3	0.0	28.91390609741211	0.9129278014967542
8767.0	30546.0	25.0	1.0	3.0	1,4	0,3	0.0	28.91390609741211	0.9129278014967542
7856.0	30547.0	46.0	4.0	4.0	4,4,4	0,3,10	1.0	28.91390609741211	0.8456741129316458
8726.0	30548.0	22.0	4.0	5.0	1,1,2,4	0,8,3,3	1.0	28.91390609741211	0.9229625105579592
7949.0	30549.0	40.0	4.0	4.0	4,4,4	0,3,9	1.0	28.91390609741211	0.8643672282956403
8260.0	30550.0	28.0	1.0	6.0	1,1,4,1,4	0,5,2,6,5	0.0	28.91390609741211	0.903002192626284
8200.0	30552.0	38.0	4.0	4.0	4,4,4	0,3,8	1.0	28.91390609741211	0.8706896420443652
7999.0	30553.0	39.0	4.0	4.0	4,4,4	0,3,8	1.0	28.91390609741211	0.8675226755535622
8787.0	30554.0	24.0	1.0	3.0	1,4	0,3	0.0	28.91390609741211	0.9162605233233253
8698.0	30555.0	27.0	4.0	5.0	4,1,4,4	0,5,2,5	1.0	28.91390609741211	0.9062986801599895
8003.0	30556.0	36.0	1.0	5.0	4,1,4,4	0,5,2,7	0.0	28.91390609741211	0.877058301085949
7913.0	30557.0	43.0	4.0	4.0	4,4,4	0,3,8	1.0	28.91390609741211	0.8549695836906135
8815.0	30558.0	22.0	1.0	3.0	1,4	0,3	0.0	28.91390609741211	0.9229625105579592
8588.0	30559.0	28.0	4.0	6.0	1,1,1,4,4	0,4,3,2,6	1.0	28.91390609741211	0.903002192626284
8230.0	30560.0	28.0	1.0	4.0	4,4,2	0,4,15	0.0	28.91390609741211	0.903002192626284
8540.0	30656.0	16.0	3.0	10.0	1,1,4,2,1,1,1,3,4	0,4,2,6,9,2,3,1,3	1.0	28.91390609741211	0.9433640392587631
8753.0	30657.0	25.0	4.0	3.0	4,4	0,4	1.0	28.91390609741211	0.9129278014967542
8752.0	30658.0	25.0	1.0	3.0	4,4	0,4	0.0	28.91390609741211	0.9129278014967542
8752.0	30659.0	7.0	4.0	4.0	4,4,1	0,4,25	1.0	28.91390609741211	0.9748149953452515
8814.0	30660.0	27.0	1.0	4.0	1,1,4	0,3,3	0.0	28.91390609741211	0.9062986801599895
8501.0	30661.0	27.0	2.0	11.0	1,1,1,1,1,1,1,1,4,4	0,4,2,2,3,2,2,4,3,6	1.0	28.91390609741211	0.9062986801599895
8371.0	30662.0	50.0	2.0	4.0	4,4,4	0,3,9	1.0	28.91390609741211	0.833437170745697
8378.0	30663.0	48.0	4.0	4.0	4,4,4	0,3,10	1.0	28.91390609741211	0.8395333466007339
8292.0	30664.0	53.0	4.0	4.0	3,4,4	0,3,11	1.0	28.91390609741211	0.824375806461062
8529.0	30665.0	31.0	3.0	6.0	1,1,4,4,2	0,3,2,5,13	1.0	28.91390609741211	0.8931844977784651
8398.0	30666.0	48.0	2.0	4.0	4,4,4	0,3,9	1.0	28.91390609741211	0.8395333466007339
8758.0	30667.0	32.0	2.0	3.0	4,4	0,4	1.0	28.91390609741211	0.8899357105666091
8301.0	30668.0	54.0	1.0	4.0	4,4,4	0,3,10	0.0	28.91390609741211	0.8213772976597389
8759.0	30669.0	31.0	3.0	3.0	4,4	0,5	1.0	28.91390609741211	0.8931844977784651
8760.0	30670.0	32.0	4.0	3.0	4,4	0,4	1.0	28.91390609741211	0.8899357105666091
8672.0	30671.0	36.0	1.0	6.0	1,1,1,4,4	0,3,3,2,6	0.0	28.91390609741211	0.877058301085949
8809.0	30672.0	29.0	4.0	3.0	4,4	0,4	1.0	28.91390609741211	0.8997176954333986
8735.0	30673.0	36.0	4.0	3.0	4,4	0,6	1.0	28.91390609741211	0.877058301085949
8737.0	30674.0	36.0	4.0	3.0	4,4	0,6	1.0	28.91390609741211	0.877058301085949
8317.0	30675.0	52.0	2.0	4.0	4,4,4	0,3,10	1.0	28.91390609741211	0.8273852615778692
8665.0	30676.0	36.0	2.0	5.0	4,1,4,4	0,6,2,6	1.0	28.91390609741211	0.877058301085949
8808.0	30677.0	29.0	1.0	3.0	4,4	0,4	0.0	28.91390609741211	0.8997176954333986
8322.0	30678.0	52.0	4.0	4.0	1,4,4	0,3,10	1.0	28.91390609741211	0.8273852615778692
8388.0	30679.0	41.0	4.0	6.0	4,4,1,4,4	0,3,8,2,7	1.0	28.91390609741211	0.8612232583716003
8364.0	30680.0	50.0	2.0	4.0	4,4,4	0,3,9	1.0	28.91390609741211	0.833437170745697
8754.0	30681.0	31.0	4.0	3.0	1,4	0,5	1.0	28.91390609741211	0.8931844977784651
8736.0	30682.0	36.0	4.0	3.0	4,4	0,6	1.0	28.91390609741211	0.877058301085949
8451.0	30683.0	36.0	2.0	4.0	4,4,2	0,4,18	1.0	28.91390609741211	0.877058301085949
8738.0	30684.0	36.0	2.0	3.0	4,4	0,6	1.0	28.91390609741211	0.877058301085949
8363.0	30685.0	50.0	1.0	4.0	4,4,4	0,3,9	0.0	28.91390609741211	0.833437170745697
8343.0	30686.0	51.0	1.0	4.0	4,4,4	0,3,10	0.0	28.91390609741211	0.830405702970631
8481.0	30687.0	26.0	1.0	10.0	1,1,1,4,1,2,1,4,4	0,5,2,2,6,5,3,2,5	0.0	28.91390609741211	0.9096072018062902
8420.0	30688.0	36.0	1.0	7.0	4,1,4,1,4,4	0,5,2,6,2,8	0.0	28.91390609741211	0.877058301085949
8486.0	30689.0	44.0	4.0	4.0	4,4,4	0,3,9	1.0	28.91390609741211	0.851859795895451
8334.0	30690.0	52.0	4.0	4.0	4,4,4	0,3,10	1.0	28.91390609741211	0.8273852615778692
8357.0	30691.0	50.0	2.0	4.0	4,4,4	0,3,9	1.0	28.91390609741211	0.833437170745697
8765.0	30692.0	31.0	4.0	3.0	4,4	0,5	1.0	28.91390609741211	0.8931844977784651
8677.0	30693.0	26.0	4.0	9.0	4,1,1,4,1,1,4,4	0,3,3,2,6,3,2,5	1.0	28.91390609741211	0.9096072018062902
8837.0	30694.0	27.0	1.0	3.0	4,4	0,4	0.0	28.91390609741211	0.9062986801599895
8810.0	30695.0	29.0	2.0	3.0	4,4	0,4	1.0	28.91390609741211	0.8997176954333986
8346.0	30696.0	51.0	4.0	4.0	4,4,4	0,3,10	1.0	28.91390609741211	0.830405702970631
8838.0	30697.0	27.0	4.0	3.0	4,4	0,4	1.0	28.91390609741211	0.9062986801599895
8385.0	30698.0	49.0	4.0	4.0	4,4,4	0,3,9	1.0	28.91390609741211	0.8364797051558288
8336.0	30699.0	50.0	2.0	4.0	4,4,4	0,3,11	1.0	28.91390609741211	0.833437170745697
8325.0	30700.0	52.0	4.0	4.0	4,4,4	0,3,10	1.0	28.91390609741211	0.8273852615778692
8834.0	30701.0	27.0	4.0	3.0	4,4	0,4	1.0	28.91390609741211	0.9062986801599895
8375.0	30702.0	48.0	1.0	4.0	1,4,4	0,3,10	0.0	28.91390609741211	0.8395333466007339
8526.0	30703.0	42.0	4.0	4.0	1,4,4	0,3,9	1.0	28.91390609741211	0.8580907240348429
8630.0	30704.0	35.0	4.0	6.0	1,1,1,4,4	0,4,3,2,7	1.0	28.91390609741211	0.880260078201743
8513.0	30705.0	33.0	1.0	7.0	1,1,4,1,4,4	0,4,2,7,2,7	0.0	28.91390609741211	0.8866987401948061
8354.0	30706.0	51.0	4.0	4.0	4,4,4	0,3,10	1.0	28.91390609741211	0.830405702970631
8381.0	30707.0	48.0	1.0	4.0	4,4,4	0,3,10	0.0	28.91390609741211	0.8395333466007339
8516.0	30708.0	36.0	4.0	6.0	1,1,1,4,4	0,5,2,3,8	1.0	28.91390609741211	0.877058301085949
8839.0	30709.0	26.0	1.0	3.0	4,4	0,5	0.0	28.91390609741211	0.9096072018062902
8536.0	30710.0	35.0	1.0	6.0	1,1,1,4,4	0,4,2,3,9	0.0	28.91390609741211	0.880260078201743
8464.0	30711.0	44.0	2.0	4.0	1,4,4	0,3,10	1.0	28.91390609741211	0.851859795895451
8842.0	30712.0	27.0	1.0	3.0	4,4	0,4	0.0	28.91390609741211	0.9062986801599895
8503.0	30713.0	35.0	1.0	7.0	4,1,4,1,4,4	0,3,2,6,2,7	0.0	28.91390609741211	0.880260078201743
8465.0	30714.0	44.0	4.0	4.0	4,4,4	0,3,10	1.0	28.91390609741211	0.851859795895451
8841.0	30715.0	26.0	4.0	3.0	4,4	0,5	1.0	28.91390609741211	0.9096072018062902
8605.0	30716.0	36.0	1.0	5.0	1,1,4,4	0,4,3,8	0.0	28.91390609741211	0.877058301085949
8458.0	30717.0	36.0	4.0	5.0	4,2,2,4	0,5,6,10	1.0	28.91390609741211	0.877058301085949
8847.0	30718.0	26.0	4.0	3.0	4,4	0,5	1.0	28.91390609741211	0.9096072018062902
8600.0	30719.0	27.0	1.0	8.0	4,1,1,4,1,4,4	0,5,3,2,6,3,6	0.0	28.91390609741211	0.9062986801599895
8455.0	30720.0	44.0	4.0	4.0	1,4,4	0,3,10	1.0	28.91390609741211	0.851859795895451
8663.0	30721.0	27.0	4.0	8.0	1,1,1,4,1,4,4	0,3,2,2,8,3,6	1.0	28.91390609741211	0.9062986801599895
8428.0	30722.0	46.0	4.0	4.0	4,4,4	0,3,10	1.0	28.91390609741211	0.8456741129316458
8467.0	30723.0	44.0	4.0	4.0	4,4,4	0,3,10	1.0	28.91390609741211	0.851859795895451
8612.0	30724.0	36.0	1.0	5.0	1,1,4,4	0,5,2,8	0.0	28.91390609741211	0.877058301085949
8356.0	30725.0	26.0	1.0	10.0	1,1,1,1,4,4,1,4,4	0,5,2,2,2,5,13,2,5	0.0	28.91390609741211	0.9096072018062902
8840.0	30726.0	26.0	4.0	3.0	4,4	0,5	1.0	28.91390609741211	0.9096072018062902
8552.0	30727.0	27.0	4.0	8.0	1,1,1,4,1,4,4	0,4,2,3,9,2,6	1.0	28.91390609741211	0.9062986801599895
8401.0	30728.0	47.0	4.0	4.0	4,4,4	0,3,10	1.0	28.91390609741211	0.8425981356276024
8519.0	30729.0	33.0	4.0	7.0	1,1,4,1,4,4	0,3,2,7,2,7	1.0	28.91390609741211	0.8866987401948061
8479.0	30731.0	44.0	4.0	4.0	4,4,4	0,3,9	1.0	28.91390609741211	0.851859795895451
8668.0	30732.0	36.0	1.0	5.0	1,1,4,4	0,3,3,8	0.0	28.91390609741211	0.877058301085949
8832.0	30733.0	26.0	4.0	3.0	4,4	0,5	1.0	28.91390609741211	0.9096072018062902
8446.0	30734.0	44.0	1.0	4.0	4,4,4	0,3,11	0.0	28.91390609741211	0.851859795895451
8560.0	30735.0	36.0	1.0	5.0	1,1,4,4	0,5,3,8	0.0	28.91390609741211	0.877058301085949
8502.0	30736.0	32.0	1.0	4.0	1,4,2	0,5,18	0.0	28.91390609741211	0.8899357105666091
8459.0	30737.0	44.0	1.0	4.0	4,4,4	0,3,10	0.0	28.91390609741211	0.851859795895451
8844.0	30738.0	26.0	1.0	3.0	4,4	0,5	0.0	28.91390609741211	0.9096072018062902
8718.0	30739.0	36.0	1.0	3.0	1,4	0,8	0.0	28.91390609741211	0.877058301085949
8843.0	30740.0	26.0	1.0	3.0	1,4	0,5	0.0	28.91390609741211	0.9096072018062902
8833.0	30741.0	26.0	4.0	3.0	4,4	0,5	1.0	28.91390609741211	0.9096072018062902
8318.0	30742.0	50.0	1.0	4.0	4,4,4	0,4,11	0.0	28.91390609741211	0.833437170745697
8468.0	30743.0	44.0	1.0	4.0	1,4,4	0,3,10	0.0	28.91390609741211	0.851859795895451
8539.0	30745.0	35.0	1.0	6.0	1,1,1,4,4	0,4,2,3,9	0.0	28.91390609741211	0.880260078201743
8463.0	30746.0	44.0	4.0	4.0	4,4,4	0,3,10	1.0	28.91390609741211	0.851859795895451
8690.0	30748.0	35.0	4.0	4.0	4,4,4	0,3,9	1.0	28.91390609741211	0.880260078201743
8462.0	30749.0	44.0	1.0	4.0	4,4,4	0,3,10	0.0	28.91390609741211	0.851859795895451
8676.0	30750.0	36.0	4.0	5.0	4,1,4,4	0,4,2,8	1.0	28.91390609741211	0.877058301085949
8307.0	30751.0	36.0	4.0	6.0	1,4,1,4,4	0,5,16,2,8	1.0	28.91390609741211	0.877058301085949
8316.0	30752.0	48.0	4.0	4.0	4,4,4	0,4,13	1.0	28.91390609741211	0.8395333466007339
8522.0	30753.0	41.0	4.0	4.0	1,4,4	0,3,10	1.0	28.91390609741211	0.8612232583716003
8391.0	30754.0	47.0	4.0	4.0	4,4,4	0,3,11	1.0	28.91390609741211	0.8425981356276024
8450.0	30756.0	44.0	4.0	4.0	4,4,4	0,3,11	1.0	28.91390609741211	0.851859795895451
8739.0	30757.0	8.0	4.0	4.0	4,4,1	0,6,28	1.0	28.91390609741211	0.971269292863088
8303.0	30758.0	8.0	4.0	8.0	1,4,1,4,1,4,1	0,5,14,2,6,4,28	1.0	28.91390609741211	0.971269292863088
8449.0	30759.0	8.0	1.0	8.0	4,1,4,4,1,4,1	0,3,2,5,17,2,21	0.0	28.91390609741211	0.971269292863088
8423.0	30760.0	44.0	4.0	4.0	4,4,4	0,3,12	1.0	28.91390609741211	0.851859795895451
8592.0	30762.0	8.0	4.0	6.0	1,1,4,4,1	0,4,2,5,33	1.0	28.91390609741211	0.971269292863088
8836.0	30763.0	8.0	1.0	5.0	1,1,1,1	0,4,1,18	0.0	28.91390609741211	0.971269292863088
8764.0	30764.0	8.0	4.0	6.0	1,1,1,4,1	0,3,2,2,21	1.0	28.91390609741211	0.971269292863088
8694.0	30799.0	26.0	1.0	9.0	4,1,1,1,1,1,1,4	0,5,2,4,3,2,2,3	0.0	28.91390609741211	0.9096072018062902
7910.0	30800.0	36.0	4.0	8.0	4,1,4,1,4,1,4	0,5,2,6,2,6,5	1.0	28.91390609741211	0.877058301085949
8193.0	30801.0	36.0	1.0	5.0	4,4,1,4	0,4,12,5	0.0	28.91390609741211	0.877058301085949
7874.0	30802.0	53.0	4.0	4.0	4,4,4	0,3,9	1.0	28.91390609741211	0.824375806461062
8283.0	30803.0	41.0	4.0	5.0	1,1,4,4	0,3,2,6	1.0	28.91390609741211	0.8612232583716003
8621.0	30804.0	36.0	1.0	5.0	1,1,4,4	0,6,2,6	0.0	28.91390609741211	0.877058301085949
7888.0	30805.0	36.0	4.0	6.0	4,4,1,4,4	0,5,15,2,6	1.0	28.91390609741211	0.877058301085949
8792.0	30806.0	31.0	1.0	3.0	4,4	0,4	0.0	28.91390609741211	0.8931844977784651
7950.0	30807.0	48.0	4.0	4.0	4,4,4	0,3,9	1.0	28.91390609741211	0.8395333466007339
8790.0	30808.0	31.0	4.0	3.0	4,4	0,4	1.0	28.91390609741211	0.8931844977784651
8771.0	30809.0	26.0	4.0	5.0	1,1,1,4	0,5,2,3	1.0	28.91390609741211	0.9096072018062902
7952.0	30810.0	40.0	4.0	6.0	4,4,1,4,4	0,3,8,2,7	1.0	28.91390609741211	0.8643672282956403
8796.0	30811.0	31.0	1.0	3.0	4,4	0,4	0.0	28.91390609741211	0.8931844977784651
7966.0	30812.0	47.0	4.0	4.0	4,4,4	0,3,9	1.0	28.91390609741211	0.8425981356276024
8216.0	30813.0	42.0	1.0	6.0	1,1,1,4,4	0,3,2,2,7	0.0	28.91390609741211	0.8580907240348429
7916.0	30814.0	49.0	4.0	4.0	4,4,4	0,3,10	1.0	28.91390609741211	0.8364797051558288
8713.0	30815.0	35.0	1.0	5.0	1,1,4,4	0,4,2,5	0.0	28.91390609741211	0.880260078201743
8748.0	30816.0	36.0	1.0	3.0	4,4	0,6	0.0	28.91390609741211	0.877058301085949
8746.0	30817.0	36.0	1.0	3.0	1,4	0,6	0.0	28.91390609741211	0.877058301085949
7998.0	30818.0	46.0	4.0	4.0	4,4,4	0,3,9	1.0	28.91390609741211	0.8456741129316458
8654.0	30819.0	36.0	4.0	5.0	4,1,4,4	0,5,2,6	1.0	28.91390609741211	0.877058301085949
7873.0	30820.0	36.0	4.0	9.0	4,1,1,1,1,4,2,4	0,3,7,2,2,2,5,8	1.0	28.91390609741211	0.877058301085949
8770.0	30821.0	32.0	4.0	3.0	4,4	0,4	1.0	28.91390609741211	0.8899357105666091
7954.0	30822.0	47.0	4.0	4.0	4,4,4	0,3,10	1.0	28.91390609741211	0.8425981356276024
8742.0	30823.0	36.0	4.0	3.0	4,4	0,6	1.0	28.91390609741211	0.877058301085949
8741.0	30824.0	36.0	4.0	3.0	4,4	0,6	1.0	28.91390609741211	0.877058301085949
8635.0	30825.0	36.0	1.0	6.0	1,1,1,4,4	0,4,2,2,6	0.0	28.91390609741211	0.877058301085949
8784.0	30826.0	26.0	1.0	5.0	1,1,1,4	0,4,2,4	0.0	28.91390609741211	0.9096072018062902
8777.0	30827.0	32.0	4.0	3.0	4,4	0,4	1.0	28.91390609741211	0.8899357105666091
7921.0	30828.0	50.0	4.0	4.0	4,4,4	0,3,9	1.0	28.91390609741211	0.833437170745697
8820.0	30829.0	29.0	1.0	3.0	1,4	0,4	0.0	28.91390609741211	0.8997176954333986
7872.0	30830.0	52.0	4.0	4.0	4,4,4	0,3,10	1.0	28.91390609741211	0.8273852615778692
8785.0	30831.0	32.0	1.0	3.0	4,4	0,4	0.0	28.91390609741211	0.8899357105666091
8793.0	30832.0	26.0	4.0	4.0	4,1,4	0,5,4	1.0	28.91390609741211	0.9096072018062902
8627.0	30833.0	36.0	4.0	5.0	4,1,4,4	0,6,2,6	1.0	28.91390609741211	0.877058301085949
8801.0	30834.0	29.0	4.0	3.0	4,4	0,4	1.0	28.91390609741211	0.8997176954333986
7859.0	30835.0	54.0	1.0	4.0	4,4,4	0,3,10	0.0	28.91390609741211	0.8213772976597389
8658.0	30836.0	26.0	4.0	5.0	1,4,1,4	0,5,14,4	1.0	28.91390609741211	0.9096072018062902
8802.0	30837.0	29.0	4.0	3.0	4,4	0,4	1.0	28.91390609741211	0.8997176954333986
8798.0	30838.0	30.0	4.0	3.0	4,4	0,5	1.0	28.91390609741211	0.8964451449687695
8818.0	30839.0	29.0	4.0	3.0	1,4	0,4	1.0	28.91390609741211	0.8997176954333986
7852.0	30840.0	36.0	1.0	10.0	4,1,1,1,4,1,1,4,4	0,3,2,6,2,6,2,2,8	0.0	28.91390609741211	0.877058301085949
8745.0	30841.0	36.0	4.0	3.0	4,4	0,6	1.0	28.91390609741211	0.877058301085949
7898.0	30842.0	50.0	4.0	4.0	4,4,4	0,3,11	1.0	28.91390609741211	0.833437170745697
8744.0	30843.0	36.0	1.0	3.0	4,4	0,6	0.0	28.91390609741211	0.877058301085949
8747.0	30844.0	36.0	1.0	3.0	4,4	0,6	0.0	28.91390609741211	0.877058301085949
8290.0	30845.0	41.0	4.0	4.0	4,4,4	0,3,8	1.0	28.91390609741211	0.8612232583716003
7928.0	30846.0	49.0	4.0	4.0	4,4,4	0,3,9	1.0	28.91390609741211	0.8364797051558288
7983.0	30847.0	26.0	1.0	7.0	4,1,4,4,1,4	0,5,2,6,17,3	0.0	28.91390609741211	0.9096072018062902
7939.0	30848.0	48.0	4.0	4.0	4,4,4	0,3,10	1.0	28.91390609741211	0.8395333466007339
8803.0	30849.0	29.0	1.0	3.0	1,4	0,4	0.0	28.91390609741211	0.8997176954333986
7842.0	30850.0	50.0	4.0	4.0	3,4,4	0,5,12	1.0	28.91390609741211	0.833437170745697
7886.0	30851.0	49.0	1.0	4.0	4,4,4	0,4,11	0.0	28.91390609741211	0.8364797051558288
8653.0	30852.0	26.0	1.0	5.0	1,4,1,4	0,5,14,4	0.0	28.91390609741211	0.9096072018062902
7938.0	30853.0	47.0	1.0	4.0	4,4,4	0,3,11	0.0	28.91390609741211	0.8425981356276024
8780.0	30854.0	31.0	3.0	3.0	4,4	0,5	1.0	28.91390609741211	0.8931844977784651
7863.0	30855.0	53.0	4.0	4.0	4,4,4	0,3,11	1.0	28.91390609741211	0.824375806461062
8789.0	30856.0	30.0	4.0	3.0	4,4	0,5	1.0	28.91390609741211	0.8964451449687695
8727.0	30857.0	26.0	4.0	5.0	4,2,1,4	0,8,6,4	1.0	28.91390609741211	0.9096072018062902
8202.0	30858.0	44.0	4.0	4.0	4,4,4	0,3,9	1.0	28.91390609741211	0.851859795895451
8805.0	30859.0	26.0	1.0	4.0	1,1,4	0,3,4	0.0	28.91390609741211	0.9096072018062902
8795.0	30860.0	30.0	1.0	3.0	4,4	0,5	0.0	28.91390609741211	0.8964451449687695
8232.0	30861.0	44.0	3.0	4.0	4,4,4	0,3,8	1.0	28.91390609741211	0.851859795895451
7909.0	30862.0	49.0	4.0	4.0	4,4,4	0,3,10	1.0	28.91390609741211	0.8364797051558288
7991.0	30863.0	46.0	4.0	4.0	4,4,4	0,3,9	1.0	28.91390609741211	0.8456741129316458
7862.0	30864.0	53.0	1.0	4.0	1,4,4	0,3,11	0.0	28.91390609741211	0.824375806461062
8625.0	30865.0	26.0	1.0	8.0	1,1,4,1,1,4,4	0,6,2,6,3,2,5	0.0	28.91390609741211	0.9096072018062902
7840.0	30866.0	36.0	1.0	6.0	3,3,4,4,2	0,18,2,6,23	0.0	28.91390609741211	0.877058301085949
8236.0	30867.0	36.0	1.0	7.0	1,1,1,1,4,4	0,5,2,2,2,8	0.0	28.91390609741211	0.877058301085949
8577.0	30868.0	36.0	1.0	5.0	1,1,4,4	0,5,2,8	0.0	28.91390609741211	0.877058301085949
7855.0	30869.0	51.0	4.0	4.0	4,4,4	0,5,11	1.0	28.91390609741211	0.830405702970631
8618.0	30870.0	36.0	1.0	5.0	1,1,4,4	0,3,3,8	0.0	28.91390609741211	0.877058301085949
7930.0	30871.0	35.0	4.0	6.0	4,4,1,4,4	0,4,13,2,7	1.0	28.91390609741211	0.880260078201743
8725.0	30872.0	36.0	4.0	3.0	4,4	0,8	1.0	28.91390609741211	0.877058301085949
8219.0	30873.0	44.0	1.0	4.0	4,4,4	0,3,9	0.0	28.91390609741211	0.851859795895451
8701.0	30874.0	36.0	1.0	4.0	4,4,4	0,3,8	0.0	28.91390609741211	0.877058301085949
8580.0	30875.0	36.0	4.0	5.0	1,1,4,4	0,4,3,8	1.0	28.91390609741211	0.877058301085949
8584.0	30876.0	40.0	1.0	4.0	1,4,4	0,3,8	0.0	28.91390609741211	0.8643672282956403
8227.0	30877.0	36.0	1.0	7.0	4,1,1,1,4,4	0,5,2,2,2,8	0.0	28.91390609741211	0.877058301085949
7947.0	30878.0	46.0	4.0	4.0	4,4,4	0,3,11	1.0	28.91390609741211	0.8456741129316458
7883.0	30879.0	50.0	3.0	4.0	4,4,4	0,4,11	1.0	28.91390609741211	0.833437170745697
8576.0	30880.0	36.0	4.0	5.0	1,1,4,4	0,5,2,8	1.0	28.91390609741211	0.877058301085949
8628.0	30881.0	36.0	1.0	5.0	1,1,4,4	0,4,2,8	0.0	28.91390609741211	0.877058301085949
8231.0	30882.0	33.0	4.0	4.0	4,4,2	0,5,17	1.0	28.91390609741211	0.8866987401948061
8824.0	30883.0	26.0	4.0	3.0	4,4	0,5	1.0	28.91390609741211	0.9096072018062902
8569.0	30884.0	26.0	1.0	6.0	1,4,1,4,4	0,5,14,2,5	0.0	28.91390609741211	0.9096072018062902
8567.0	30885.0	40.0	4.0	4.0	4,4,4	0,3,9	1.0	28.91390609741211	0.8643672282956403
7955.0	30886.0	47.0	4.0	4.0	4,4,4	0,3,10	1.0	28.91390609741211	0.8425981356276024
7926.0	30887.0	48.0	1.0	4.0	4,4,4	0,3,10	0.0	28.91390609741211	0.8395333466007339
8199.0	30888.0	44.0	4.0	4.0	4,4,4	0,3,10	1.0	28.91390609741211	0.851859795895451
7920.0	30889.0	47.0	4.0	4.0	4,4,4	0,4,11	1.0	28.91390609741211	0.8425981356276024
8220.0	30890.0	44.0	4.0	4.0	4,4,4	0,3,9	1.0	28.91390609741211	0.851859795895451
8272.0	30891.0	40.0	4.0	4.0	4,4,4	0,3,10	1.0	28.91390609741211	0.8643672282956403
8258.0	30892.0	42.0	4.0	4.0	4,4,4	0,3,9	1.0	28.91390609741211	0.8580907240348429
7985.0	30893.0	44.0	4.0	4.0	4,4,4	0,4,11	1.0	28.91390609741211	0.851859795895451
8217.0	30894.0	44.0	4.0	4.0	4,4,4	0,3,9	1.0	28.91390609741211	0.851859795895451
7904.0	30895.0	48.0	4.0	4.0	4,4,4	0,4,12	1.0	28.91390609741211	0.8395333466007339
8207.0	30896.0	44.0	4.0	4.0	1,4,4	0,3,9	1.0	28.91390609741211	0.851859795895451
7870.0	30897.0	49.0	4.0	4.0	4,4,4	0,4,12	1.0	28.91390609741211	0.8364797051558288
7861.0	30898.0	33.0	1.0	5.0	4,4,4,2	0,3,7,24	0.0	28.91390609741211	0.8866987401948061
8813.0	30940.0	9.0	1.0	5.0	1,1,1,1	0,6,1,18	0.0	28.91390609741211	0.9677364871932962
8685.0	30941.0	9.0	3.0	6.0	4,1,4,4,1	0,3,2,6,28	1.0	28.91390609741211	0.9677364871932962
8719.0	30942.0	9.0	4.0	5.0	1,1,4,1	0,3,5,28	1.0	28.91390609741211	0.9677364871932962
8670.0	30943.0	9.0	1.0	4.0	4,4,1	0,6,36	0.0	28.91390609741211	0.9677364871932962
8675.0	30944.0	9.0	4.0	4.0	4,4,1	0,6,36	1.0	28.91390609741211	0.9677364871932962
8548.0	30945.0	9.0	1.0	7.0	1,1,4,1,4,1	0,5,2,5,5,28	0.0	28.91390609741211	0.9677364871932962
8845.0	30946.0	9.0	3.0	4.0	1,1,1	0,5,18	1.0	28.91390609741211	0.9677364871932962
8807.0	30948.0	9.0	1.0	5.0	4,1,4,1	0,6,1,18	0.0	28.91390609741211	0.9677364871932962
8601.0	30949.0	9.0	1.0	6.0	1,1,4,4,1	0,3,2,5,33	0.0	28.91390609741211	0.9677364871932962
8679.0	30950.0	9.0	1.0	8.0	1,1,4,1,4,1,1	0,6,2,6,3,7,18	0.0	28.91390609741211	0.9677364871932962
8521.0	30951.0	9.0	1.0	6.0	1,4,1,4,1	0,5,16,2,23	0.0	28.91390609741211	0.9677364871932962
8666.0	30952.0	9.0	1.0	8.0	1,1,1,4,1,4,1	0,3,3,2,6,3,25	0.0	28.91390609741211	0.9677364871932962
8489.0	30953.0	9.0	1.0	6.0	1,1,4,4,1	0,5,2,7,34	0.0	28.91390609741211	0.9677364871932962
8527.0	30955.0	9.0	4.0	6.0	4,1,4,4,1	0,5,2,6,33	1.0	28.91390609741211	0.9677364871932962
8400.0	30957.0	9.0	4.0	6.0	4,4,1,4,1	0,5,19,3,25	1.0	28.91390609741211	0.9677364871932962
8315.0	30958.0	50.0	4.0	4.0	1,4,4	0,4,12	1.0	28.91390609741211	0.833437170745697
8667.0	30959.0	9.0	1.0	10.0	1,1,1,1,1,1,4,1,1	0,3,3,2,2,4,3,7,18	0.0	28.91390609741211	0.9677364871932962
8424.0	30960.0	9.0	1.0	7.0	1,4,1,1,4,1	0,4,14,5,3,25	0.0	28.91390609741211	0.9677364871932962
8537.0	30962.0	9.0	4.0	7.0	1,4,1,1,4,1	0,5,15,2,2,21	1.0	28.91390609741211	0.9677364871932962
8806.0	30963.0	9.0	4.0	4.0	4,2,1	0,6,19	1.0	28.91390609741211	0.9677364871932962
8673.0	30964.0	9.0	4.0	7.0	1,1,4,1,4,1	0,6,2,6,3,25	1.0	28.91390609741211	0.9677364871932962
8597.0	30965.0	9.0	4.0	7.0	1,1,4,1,4,1	0,3,2,6,5,28	1.0	28.91390609741211	0.9677364871932962
8812.0	30966.0	9.0	1.0	6.0	1,1,1,1,1	0,3,3,1,18	0.0	28.91390609741211	0.9677364871932962
8523.0	30967.0	9.0	4.0	5.0	1,4,4,1	0,3,7,36	1.0	28.91390609741211	0.9677364871932962
8604.0	30969.0	9.0	4.0	7.0	1,1,1,4,4,1	0,4,3,2,6,28	1.0	28.91390609741211	0.9677364871932962
8532.0	30971.0	41.0	4.0	4.0	4,4,4	0,3,11	1.0	28.91390609741211	0.8612232583716003
8497.0	30972.0	9.0	1.0	8.0	1,1,4,1,4,4,1	0,5,2,6,2,5,27	0.0	28.91390609741211	0.9677364871932962
8687.0	30973.0	9.0	1.0	5.0	4,4,1,1	0,5,16,18	0.0	28.91390609741211	0.9677364871932962
8418.0	30974.0	9.0	4.0	11.0	1,1,1,4,1,4,1,4,1,1	0,5,2,1,4,3,8,3,10,15	1.0	28.91390609741211	0.9677364871932962
8353.0	30976.0	49.0	4.0	4.0	4,4,4	0,4,12	1.0	28.91390609741211	0.8364797051558288
8692.0	30977.0	9.0	4.0	6.0	4,1,4,4,1	0,3,2,6,28	1.0	28.91390609741211	0.9677364871932962
8553.0	30978.0	9.0	4.0	6.0	1,4,1,4,1	0,3,14,3,25	1.0	28.91390609741211	0.9677364871932962
8372.0	30979.0	47.0	4.0	4.0	4,4,4	0,4,12	1.0	28.91390609741211	0.8425981356276024
8608.0	30980.0	9.0	4.0	6.0	1,4,1,4,1	0,5,17,2,19	1.0	28.91390609741211	0.9677364871932962
8846.0	30981.0	9.0	1.0	5.0	1,1,1,1	0,4,1,18	0.0	28.91390609741211	0.9677364871932962
8299.0	30984.0	9.0	4.0	7.0	4,4,1,4,4,1	0,5,18,2,6,28	1.0	28.91390609741211	0.9677364871932962
8734.0	30985.0	9.0	4.0	4.0	4,4,1	0,6,28	1.0	28.91390609741211	0.9677364871932962
8328.0	30986.0	9.0	4.0	7.0	4,4,1,4,4,1	0,5,16,2,6,28	1.0	28.91390609741211	0.9677364871932962
8811.0	30987.0	9.0	4.0	4.0	4,3,1	0,3,22	1.0	28.91390609741211	0.9677364871932962
8766.0	30988.0	9.0	4.0	4.0	4,4,1	0,3,25	1.0	28.91390609741211	0.9677364871932962
8596.0	30992.0	9.0	4.0	12.0	1,1,1,1,1,4,1,4,1,4,2	0,4,2,2,2,2,5,2,6,1,18	1.0	28.91390609741211	0.9677364871932962
8660.0	30993.0	27.0	1.0	8.0	1,1,1,4,1,4,4	0,3,2,2,8,3,7	0.0	28.91390609741211	0.9062986801599895
8511.0	30995.0	43.0	4.0	4.0	4,4,4	0,3,10	1.0	28.91390609741211	0.8549695836906135
8448.0	30997.0	45.0	1.0	4.0	4,4,4	0,3,11	0.0	28.91390609741211	0.8487613193566366
8507.0	30998.0	43.0	4.0	4.0	1,4,4	0,3,10	1.0	28.91390609741211	0.8549695836906135
8324.0	31000.0	50.0	4.0	4.0	4,4,4	0,4,12	1.0	28.91390609741211	0.833437170745697
8494.0	31001.0	43.0	4.0	4.0	4,4,4	0,3,11	1.0	28.91390609741211	0.8549695836906135
8671.0	31002.0	24.0	4.0	8.0	1,1,1,4,1,4,4	0,6,2,2,7,2,8	1.0	28.91390609741211	0.9162605233233253
8471.0	31005.0	42.0	4.0	4.0	4,4,4	0,4,12	1.0	28.91390609741211	0.8580907240348429
8352.0	31006.0	48.0	4.0	4.0	4,4,4	0,4,13	1.0	28.91390609741211	0.8395333466007339
8396.0	31009.0	45.0	4.0	4.0	4,4,4	0,4,12	1.0	28.91390609741211	0.8487613193566366
8452.0	31012.0	43.0	4.0	4.0	4,4,4	0,4,12	1.0	28.91390609741211	0.8549695836906135
8460.0	31013.0	43.0	4.0	4.0	4,4,4	0,3,12	1.0	28.91390609741211	0.8549695836906135
8454.0	31014.0	45.0	4.0	4.0	4,4,4	0,3,11	1.0	28.91390609741211	0.8487613193566366
8682.0	31015.0	36.0	4.0	4.0	4,4,4	0,3,9	1.0	28.91390609741211	0.877058301085949
8520.0	31016.0	42.0	1.0	4.0	4,4,4	0,3,10	0.0	28.91390609741211	0.8580907240348429
8326.0	31019.0	48.0	4.0	4.0	4,4,4	0,4,14	1.0	28.91390609741211	0.8395333466007339
8345.0	31020.0	48.0	4.0	4.0	1,4,4	0,4,13	1.0	28.91390609741211	0.8395333466007339
8432.0	31021.0	27.0	4.0	6.0	4,4,1,4,4	0,5,18,3,7	1.0	28.91390609741211	0.9062986801599895
8330.0	31022.0	48.0	4.0	4.0	4,4,4	0,4,14	1.0	28.91390609741211	0.8395333466007339
8524.0	31023.0	41.0	4.0	4.0	1,4,4	0,3,11	1.0	28.91390609741211	0.8612232583716003
8407.0	31025.0	45.0	1.0	4.0	4,4,4	0,4,12	0.0	28.91390609741211	0.8487613193566366
8664.0	31027.0	37.0	4.0	4.0	1,4,4	0,3,11	1.0	28.91390609741211	0.8738681698200044
8749.0	31028.0	24.0	4.0	5.0	4,1,4,4	0,4,2,7	1.0	28.91390609741211	0.9162605233233253
8436.0	31029.0	43.0	4.0	4.0	4,4,4	0,4,12	1.0	28.91390609741211	0.8549695836906135
8406.0	31030.0	45.0	4.0	4.0	4,4,4	0,4,12	1.0	28.91390609741211	0.8487613193566366
8348.0	31032.0	47.0	4.0	4.0	4,4,4	0,4,14	1.0	28.91390609741211	0.8425981356276024
8383.0	31033.0	45.0	4.0	4.0	4,4,4	0,4,13	1.0	28.91390609741211	0.8487613193566366
8751.0	31034.0	9.0	1.0	6.0	4,1,1,4,2	0,4,2,3,19	0.0	28.91390609741211	0.9677364871932962
8683.0	31035.0	34.0	4.0	4.0	4,4,4	0,3,11	1.0	28.91390609741211	0.8834735436815677
8393.0	31036.0	45.0	4.0	4.0	4,4,4	0,4,13	1.0	28.91390609741211	0.8487613193566366
8412.0	31037.0	45.0	1.0	4.0	4,4,4	0,4,12	0.0	28.91390609741211	0.8487613193566366
8415.0	31038.0	43.0	4.0	4.0	4,4,4	0,4,13	1.0	28.91390609741211	0.8549695836906135
8453.0	31039.0	42.0	4.0	4.0	4,4,4	0,4,13	1.0	28.91390609741211	0.8580907240348429
8562.0	31040.0	24.0	4.0	8.0	1,1,4,2,1,4,4	0,4,2,6,7,2,8	1.0	28.91390609741211	0.9162605233233253
8512.0	31041.0	41.0	1.0	4.0	1,4,4	0,4,11	0.0	28.91390609741211	0.8612232583716003
8421.0	31042.0	43.0	1.0	4.0	4,4,4	0,4,13	0.0	28.91390609741211	0.8549695836906135
8825.0	31063.0	27.0	4.0	3.0	1,4	0,5	1.0	28.91390609741211	0.9062986801599895
8823.0	31064.0	27.0	4.0	3.0	4,4	0,5	1.0	28.91390609741211	0.9062986801599895
8829.0	31065.0	27.0	4.0	3.0	4,4	0,5	1.0	28.91390609741211	0.9062986801599895
8192.0	31066.0	45.0	4.0	4.0	4,4,4	0,3,10	1.0	28.91390609741211	0.8487613193566366
8728.0	31067.0	37.0	4.0	3.0	4,4	0,8	1.0	28.91390609741211	0.8738681698200044
7980.0	31068.0	47.0	4.0	4.0	4,4,4	0,3,10	1.0	28.91390609741211	0.8425981356276024
8288.0	31069.0	37.0	4.0	5.0	4,1,4,4	0,5,3,8	1.0	28.91390609741211	0.8738681698200044
8731.0	31070.0	37.0	4.0	3.0	4,4	0,8	1.0	28.91390609741211	0.8738681698200044
7896.0	31072.0	49.0	4.0	4.0	1,4,4	0,4,12	1.0	28.91390609741211	0.8364797051558288
7927.0	31073.0	34.0	4.0	6.0	4,3,1,4,4	0,5,14,2,7	1.0	28.91390609741211	0.8834735436815677
7868.0	31074.0	34.0	1.0	6.0	4,4,1,4,4	0,5,18,2,7	0.0	28.91390609741211	0.8834735436815677
8743.0	31075.0	9.0	4.0	5.0	1,1,4,1	0,6,3,25	1.0	28.91390609741211	0.9677364871932962
8710.0	31076.0	27.0	1.0	4.0	4,4,2	0,5,15	0.0	28.91390609741211	0.9062986801599895
8287.0	31077.0	27.0	1.0	8.0	1,1,1,4,1,4,4	0,3,2,3,8,3,7	0.0	28.91390609741211	0.9062986801599895
7866.0	31078.0	50.0	4.0	4.0	4,4,4	0,4,12	1.0	28.91390609741211	0.833437170745697
8211.0	31080.0	27.0	4.0	7.0	1,4,1,1,4,4	0,4,12,4,3,7	1.0	28.91390609741211	0.9062986801599895
8008.0	31081.0	45.0	4.0	4.0	4,4,4	0,3,10	1.0	28.91390609741211	0.8487613193566366
7880.0	31082.0	49.0	4.0	4.0	4,4,4	0,4,13	1.0	28.91390609741211	0.8364797051558288
8827.0	31083.0	9.0	4.0	4.0	1,1,1	0,5,18	1.0	28.91390609741211	0.9677364871932962
8003.0	31084.0	9.0	1.0	6.0	4,1,4,4,1	0,5,2,7,36	0.0	28.91390609741211	0.9677364871932962
8797.0	31085.0	9.0	1.0	5.0	1,1,1,1	0,5,4,18	0.0	28.91390609741211	0.9677364871932962
8260.0	31086.0	9.0	1.0	7.0	1,1,4,1,4,1	0,5,2,6,5,28	0.0	28.91390609741211	0.9677364871932962
7839.0	31088.0	9.0	4.0	5.0	3,3,2,1	0,18,21,38	1.0	28.91390609741211	0.9677364871932962
8005.0	31089.0	9.0	4.0	5.0	4,4,4,1	0,3,8,39	1.0	28.91390609741211	0.9677364871932962
8779.0	31090.0	9.0	1.0	6.0	1,1,1,1,1	0,4,2,4,18	0.0	28.91390609741211	0.9677364871932962
8722.0	31091.0	9.0	4.0	6.0	1,1,1,4,1	0,4,4,3,25	1.0	28.91390609741211	0.9677364871932962
8238.0	31092.0	43.0	4.0	4.0	4,4,4	0,3,10	1.0	28.91390609741211	0.8549695836906135
8787.0	31094.0	9.0	1.0	4.0	1,4,1	0,3,24	0.0	28.91390609741211	0.9677364871932962
8589.0	31096.0	9.0	1.0	11.0	1,1,1,1,4,1,1,4,1,1	0,4,3,2,2,5,2,1,6,18	0.0	28.91390609741211	0.9677364871932962
8800.0	31097.0	9.0	1.0	5.0	1,1,1,1	0,3,4,18	0.0	28.91390609741211	0.9677364871932962
7994.0	31098.0	45.0	4.0	4.0	4,4,4	0,3,11	1.0	28.91390609741211	0.8487613193566366
8711.0	31099.0	9.0	1.0	9.0	1,1,1,1,1,1,1,1	0,5,5,3,2,2,3,18	0.0	28.91390609741211	0.9677364871932962
8228.0	31100.0	9.0	4.0	6.0	1,1,4,4,1	0,5,2,6,34	1.0	28.91390609741211	0.9677364871932962
8729.0	31101.0	9.0	4.0	4.0	1,4,1	0,4,32	1.0	28.91390609741211	0.9677364871932962
8783.0	31102.0	9.0	1.0	4.0	4,4,1	0,3,25	0.0	28.91390609741211	0.9677364871932962
8586.0	31104.0	9.0	1.0	11.0	1,1,1,2,1,1,1,1,4,1	0,3,2,2,3,5,3,2,2,21	0.0	28.91390609741211	0.9677364871932962
8709.0	31105.0	9.0	4.0	5.0	1,4,1,1	0,5,15,18	1.0	28.91390609741211	0.9677364871932962
8826.0	31106.0	9.0	4.0	4.0	1,1,1	0,5,18	1.0	28.91390609741211	0.9677364871932962
8794.0	31107.0	9.0	4.0	5.0	1,1,4,1	0,4,2,21	1.0	28.91390609741211	0.9677364871932962
7937.0	31109.0	27.0	4.0	6.0	4,4,1,4,4	0,5,20,3,7	1.0	28.91390609741211	0.9062986801599895
8767.0	31110.0	9.0	1.0	4.0	1,4,1	0,3,25	0.0	28.91390609741211	0.9677364871932962
8772.0	31112.0	9.0	4.0	5.0	1,1,4,1	0,3,2,23	1.0	28.91390609741211	0.9677364871932962
8776.0	31113.0	9.0	4.0	6.0	1,1,1,4,1	0,3,2,2,21	1.0	28.91390609741211	0.9677364871932962
8822.0	31115.0	27.0	4.0	3.0	1,4	0,7	1.0	28.91390609741211	0.9062986801599895
8815.0	31116.0	9.0	4.0	4.0	1,4,1	0,3,22	1.0	28.91390609741211	0.9677364871932962
8249.0	31117.0	41.0	4.0	4.0	4,4,4	0,3,11	1.0	28.91390609741211	0.8612232583716003
8633.0	31118.0	9.0	4.0	4.0	4,4,1	0,6,36	1.0	28.91390609741211	0.9677364871932962
8821.0	31121.0	9.0	1.0	5.0	1,1,1,1	0,3,4,18	0.0	28.91390609741211	0.9677364871932962
8696.0	31122.0	9.0	4.0	5.0	4,4,1,1	0,5,16,18	1.0	28.91390609741211	0.9677364871932962
8775.0	31123.0	9.0	4.0	4.0	4,4,1	0,3,25	1.0	28.91390609741211	0.9677364871932962
8642.0	31124.0	9.0	1.0	7.0	1,1,4,1,4,1	0,5,2,6,3,25	0.0	28.91390609741211	0.9677364871932962
8804.0	31125.0	27.0	1.0	3.0	4,4	0,7	0.0	28.91390609741211	0.9062986801599895
8591.0	31126.0	9.0	3.0	6.0	1,4,1,4,1	0,3,12,3,25	1.0	28.91390609741211	0.9677364871932962
8774.0	31128.0	9.0	1.0	6.0	1,1,1,1,1	0,5,2,3,18	0.0	28.91390609741211	0.9677364871932962
8778.0	31129.0	9.0	4.0	6.0	1,1,1,1,1	0,4,2,4,18	1.0	28.91390609741211	0.9677364871932962
8732.0	31130.0	9.0	1.0	8.0	1,1,1,1,1,1,1	0,8,3,2,2,3,18	0.0	28.91390609741211	0.9677364871932962
8782.0	31131.0	9.0	1.0	7.0	1,1,1,1,1,1	0,3,2,2,3,18	0.0	28.91390609741211	0.9677364871932962
7961.0	31134.0	9.0	1.0	6.0	2,4,1,4,1	0,5,19,3,25	0.0	28.91390609741211	0.9677364871932962
8230.0	31136.0	9.0	4.0	5.0	4,4,2,1	0,4,15,28	1.0	28.91390609741211	0.9677364871932962
8214.0	31137.0	9.0	3.0	6.0	4,4,1,4,1	0,4,16,3,25	1.0	28.91390609741211	0.9677364871932962
8209.0	31138.0	9.0	4.0	6.0	1,4,1,4,1	0,4,16,3,25	1.0	28.91390609741211	0.9677364871932962
8830.0	31140.0	9.0	4.0	4.0	4,1,1	0,5,18	1.0	28.91390609741211	0.9677364871932962
8614.0	31141.0	9.0	4.0	6.0	1,1,4,4,1	0,3,2,5,33	1.0	28.91390609741211	0.9677364871932962
7953.0	31142.0	9.0	1.0	6.0	4,4,1,4,1	0,5,19,3,25	0.0	28.91390609741211	0.9677364871932962
8724.0	31146.0	9.0	1.0	9.0	1,1,1,1,1,1,1,1	0,4,4,3,1,2,4,18	0.0	28.91390609741211	0.9677364871932962
7981.0	31147.0	9.0	4.0	10.0	1,1,1,4,1,1,4,4,1	0,5,2,2,6,2,2,5,27	1.0	28.91390609741211	0.9677364871932962
8009.0	31148.0	9.0	4.0	6.0	4,4,1,4,1	0,4,17,3,25	1.0	28.91390609741211	0.9677364871932962
8828.0	31149.0	9.0	1.0	4.0	1,1,1	0,5,18	0.0	28.91390609741211	0.9677364871932962
8247.0	31150.0	9.0	4.0	7.0	4,1,4,1,4,1	0,5,2,6,5,28	1.0	28.91390609741211	0.9677364871932962
8791.0	31152.0	9.0	4.0	5.0	4,1,4,1	0,4,2,21	1.0	28.91390609741211	0.9677364871932962
7918.0	31153.0	9.0	4.0	5.0	4,4,4,1	0,3,8,43	1.0	28.91390609741211	0.9677364871932962
8634.0	31154.0	9.0	4.0	4.0	4,4,1	0,6,36	1.0	28.91390609741211	0.9677364871932962
8233.0	31156.0	9.0	3.0	7.0	1,3,1,1,4,1	0,4,10,5,3,25	1.0	28.91390609741211	0.9677364871932962
8007.0	31158.0	9.0	4.0	6.0	4,4,1,4,1	0,5,19,2,23	1.0	28.91390609741211	0.9677364871932962
8788.0	31160.0	9.0	4.0	4.0	4,4,1	0,3,24	1.0	28.91390609741211	0.9677364871932962
8773.0	31161.0	9.0	4.0	5.0	1,1,4,1	0,3,2,23	1.0	28.91390609741211	0.9677364871932962
8246.0	31162.0	27.0	4.0	6.0	4,4,1,4,4	0,4,15,2,7	1.0	28.91390609741211	0.9062986801599895
7948.0	31163.0	47.0	1.0	4.0	4,4,4	0,3,11	0.0	28.91390609741211	0.8425981356276024
8255.0	31164.0	42.0	4.0	4.0	4,4,4	0,3,10	1.0	28.91390609741211	0.8580907240348429
8641.0	31165.0	9.0	1.0	5.0	1,4,1,2	0,5,18,18	0.0	28.91390609741211	0.9677364871932962
8234.0	31166.0	42.0	4.0	4.0	4,4,4	0,3,11	1.0	28.91390609741211	0.8580907240348429
8011.0	31168.0	43.0	4.0	4.0	4,4,4	0,3,12	1.0	28.91390609741211	0.8549695836906135
7892.0	31169.0	48.0	4.0	4.0	4,4,4	0,4,13	1.0	28.91390609741211	0.8395333466007339
8000.0	31170.0	43.0	4.0	4.0	4,4,4	0,4,12	1.0	28.91390609741211	0.8549695836906135
8622.0	31171.0	32.0	4.0	6.0	1,1,3,4,4	0,3,3,4,9	1.0	28.91390609741211	0.8899357105666091
7997.0	31173.0	45.0	4.0	4.0	4,4,4	0,3,11	1.0	28.91390609741211	0.8487613193566366
8221.0	31174.0	43.0	4.0	4.0	4,4,4	0,3,10	1.0	28.91390609741211	0.8549695836906135
8645.0	31176.0	37.0	4.0	4.0	4,4,4	0,3,10	1.0	28.91390609741211	0.8738681698200044
8206.0	31177.0	42.0	4.0	4.0	4,4,4	0,4,11	1.0	28.91390609741211	0.8580907240348429
8566.0	31178.0	27.0	4.0	6.0	4,4,1,4,4	0,4,13,2,7	1.0	28.91390609741211	0.9062986801599895
7996.0	31179.0	27.0	4.0	6.0	1,4,1,4,4	0,5,18,2,7	1.0	28.91390609741211	0.9062986801599895
8281.0	31180.0	36.0	1.0	5.0	4,1,4,4	0,5,3,9	0.0	28.91390609741211	0.877058301085949
8259.0	31181.0	41.0	4.0	4.0	4,4,4	0,3,11	1.0	28.91390609741211	0.8612232583716003
8816.0	31182.0	27.0	1.0	3.0	4,4	0,7	0.0	28.91390609741211	0.9062986801599895
7993.0	31184.0	27.0	4.0	6.0	4,4,1,4,4	0,5,18,2,7	1.0	28.91390609741211	0.9062986801599895
8819.0	31185.0	27.0	1.0	3.0	4,4	0,7	0.0	28.91390609741211	0.9062986801599895
8204.0	31188.0	41.0	4.0	4.0	1,4,4	0,4,12	1.0	28.91390609741211	0.8612232583716003
7877.0	31189.0	48.0	1.0	4.0	1,4,4	0,4,14	0.0	28.91390609741211	0.8395333466007339
7978.0	31190.0	43.0	4.0	4.0	4,4,4	0,4,13	1.0	28.91390609741211	0.8549695836906135
8817.0	31192.0	27.0	4.0	3.0	4,4	0,7	1.0	28.91390609741211	0.9062986801599895
8381.0	31239.0	2.0	4.0	5.0	4,4,4,1	0,3,10,48	1.0	28.91390609741211	0.9927386138028701
8503.0	31240.0	2.0	1.0	8.0	4,1,4,1,4,4,1	0,3,2,6,2,7,35	0.0	28.91390609741211	0.9927386138028701
8844.0	31241.0	2.0	4.0	4.0	4,4,1	0,5,26	1.0	28.91390609741211	0.9927386138028701
8536.0	31242.0	2.0	4.0	7.0	1,1,1,4,4,1	0,4,2,3,9,35	1.0	28.91390609741211	0.9927386138028701
8462.0	31243.0	2.0	4.0	5.0	4,4,4,1	0,3,10,44	1.0	28.91390609741211	0.9927386138028701
8595.0	31244.0	38.0	1.0	4.0	1,4,4	0,4,12	0.0	28.91390609741211	0.8706896420443652
8356.0	31245.0	2.0	4.0	11.0	1,1,1,1,4,4,1,4,4,1	0,5,2,2,2,5,13,2,5,26	1.0	28.91390609741211	0.9927386138028701
8839.0	31246.0	2.0	4.0	4.0	4,4,1	0,5,26	1.0	28.91390609741211	0.9927386138028701
8674.0	31247.0	25.0	4.0	8.0	4,1,4,1,1,4,4	0,4,2,8,3,2,8	1.0	28.91390609741211	0.9129278014967542
8420.0	31248.0	2.0	4.0	8.0	4,1,4,1,4,4,1	0,5,2,6,2,8,36	1.0	28.91390609741211	0.9927386138028701
8605.0	31249.0	2.0	4.0	6.0	1,1,4,4,1	0,4,3,8,36	1.0	28.91390609741211	0.9927386138028701
8513.0	31250.0	2.0	4.0	8.0	1,1,4,1,4,4,1	0,4,2,7,2,7,33	1.0	28.91390609741211	0.9927386138028701
8843.0	31251.0	2.0	1.0	4.0	1,4,1	0,5,26	0.0	28.91390609741211	0.9927386138028701
8836.0	31252.0	2.0	1.0	6.0	1,1,1,1,1	0,4,1,18,8	0.0	28.91390609741211	0.9927386138028701
8468.0	31253.0	2.0	4.0	5.0	1,4,4,1	0,3,10,44	1.0	28.91390609741211	0.9927386138028701
8814.0	31254.0	2.0	1.0	5.0	1,1,4,1	0,3,3,27	0.0	28.91390609741211	0.9927386138028701
8394.0	31255.0	44.0	4.0	4.0	4,4,4	0,5,14	1.0	28.91390609741211	0.851859795895451
8502.0	31256.0	2.0	4.0	5.0	1,4,2,1	0,5,18,32	1.0	28.91390609741211	0.9927386138028701
8688.0	31257.0	35.0	1.0	4.0	4,4,4	0,3,11	0.0	28.91390609741211	0.880260078201743
8740.0	31258.0	10.0	4.0	5.0	4,1,4,2	0,6,3,25	1.0	28.91390609741211	0.9642165314261959
8842.0	31259.0	2.0	4.0	4.0	4,4,1	0,4,27	1.0	28.91390609741211	0.9927386138028701
8680.0	31260.0	38.0	1.0	4.0	4,4,4	0,3,11	0.0	28.91390609741211	0.8706896420443652
8560.0	31261.0	2.0	4.0	6.0	1,1,4,4,1	0,5,3,8,36	1.0	28.91390609741211	0.9927386138028701
8363.0	31262.0	2.0	1.0	5.0	4,4,4,1	0,3,9,50	0.0	28.91390609741211	0.9927386138028701
8301.0	31263.0	2.0	4.0	5.0	4,4,4,1	0,3,10,54	1.0	28.91390609741211	0.9927386138028701
8600.0	31264.0	2.0	4.0	9.0	4,1,1,4,1,4,4,1	0,5,3,2,6,3,6,27	1.0	28.91390609741211	0.9927386138028701
8387.0	31265.0	46.0	4.0	4.0	4,4,4	0,4,13	1.0	28.91390609741211	0.8456741129316458
8446.0	31266.0	2.0	1.0	5.0	4,4,4,1	0,3,11,44	0.0	28.91390609741211	0.9927386138028701
8449.0	31267.0	2.0	4.0	9.0	4,1,4,4,1,4,1,1	0,3,2,5,17,2,21,8	1.0	28.91390609741211	0.9927386138028701
8318.0	31268.0	2.0	3.0	5.0	4,4,4,1	0,4,11,50	1.0	28.91390609741211	0.9927386138028701
8718.0	31269.0	2.0	4.0	4.0	1,4,1	0,8,36	1.0	28.91390609741211	0.9927386138028701
8668.0	31270.0	2.0	1.0	6.0	1,1,4,4,1	0,3,3,8,36	0.0	28.91390609741211	0.9927386138028701
8343.0	31271.0	2.0	4.0	5.0	4,4,4,1	0,3,10,51	1.0	28.91390609741211	0.9927386138028701
8459.0	31272.0	2.0	4.0	5.0	4,4,4,1	0,3,10,44	1.0	28.91390609741211	0.9927386138028701
8392.0	31273.0	44.0	4.0	4.0	4,4,4	0,5,14	1.0	28.91390609741211	0.851859795895451
8612.0	31274.0	2.0	4.0	6.0	1,1,4,4,1	0,5,2,8,36	1.0	28.91390609741211	0.9927386138028701
8837.0	31275.0	2.0	4.0	4.0	4,4,1	0,4,27	1.0	28.91390609741211	0.9927386138028701
8752.0	31276.0	2.0	4.0	5.0	4,4,1,4	0,4,25,7	1.0	28.91390609741211	0.9927386138028701
8672.0	31277.0	2.0	4.0	7.0	1,1,1,4,4,1	0,3,3,2,6,36	1.0	28.91390609741211	0.9927386138028701
8375.0	31278.0	2.0	1.0	5.0	1,4,4,1	0,3,10,48	0.0	28.91390609741211	0.9927386138028701
8539.0	31279.0	2.0	4.0	7.0	1,1,1,4,4,1	0,4,2,3,9,35	1.0	28.91390609741211	0.9927386138028701
8762.0	31280.0	10.0	4.0	4.0	4,4,2	0,3,25	1.0	28.91390609741211	0.9642165314261959
8481.0	31281.0	2.0	4.0	11.0	1,1,1,4,1,2,1,4,4,1	0,5,2,2,6,5,3,2,5,26	1.0	28.91390609741211	0.9927386138028701
8808.0	31282.0	2.0	4.0	4.0	4,4,1	0,4,29	1.0	28.91390609741211	0.9927386138028701
8695.0	31294.0	37.0	1.0	4.0	4,4,4	0,3,9	0.0	28.91390609741211	0.8738681698200044
8636.0	31295.0	35.0	4.0	5.0	1,1,4,4	0,3,3,11	1.0	28.91390609741211	0.880260078201743
7914.0	31296.0	46.0	4.0	4.0	4,4,4	0,4,14	1.0	28.91390609741211	0.8456741129316458
7936.0	31297.0	46.0	4.0	4.0	4,4,4	0,4,13	1.0	28.91390609741211	0.8456741129316458
7879.0	31298.0	49.0	4.0	4.0	4,4,4	0,4,14	1.0	28.91390609741211	0.8364797051558288
8644.0	31299.0	37.0	1.0	4.0	4,4,4	0,3,11	0.0	28.91390609741211	0.8738681698200044
7889.0	31300.0	48.0	4.0	4.0	4,4,4	0,4,14	1.0	28.91390609741211	0.8395333466007339
7911.0	31301.0	46.0	4.0	4.0	4,4,4	0,4,14	1.0	28.91390609741211	0.8456741129316458
7942.0	31302.0	46.0	4.0	4.0	4,4,4	0,4,13	1.0	28.91390609741211	0.8456741129316458
7971.0	31303.0	44.0	4.0	4.0	4,4,4	0,4,13	1.0	28.91390609741211	0.851859795895451
8010.0	31304.0	42.0	4.0	4.0	4,4,4	0,4,13	1.0	28.91390609741211	0.8580907240348429
7858.0	31305.0	50.0	4.0	4.0	4,4,4	0,5,14	1.0	28.91390609741211	0.833437170745697
8792.0	31306.0	2.0	4.0	4.0	4,4,1	0,4,31	1.0	28.91390609741211	0.9927386138028701
7859.0	31307.0	2.0	4.0	5.0	4,4,4,1	0,3,10,54	1.0	28.91390609741211	0.9927386138028701
8744.0	31308.0	2.0	1.0	4.0	4,4,1	0,6,36	0.0	28.91390609741211	0.9927386138028701
7945.0	31309.0	46.0	4.0	4.0	4,4,4	0,4,13	1.0	28.91390609741211	0.8456741129316458
8796.0	31310.0	2.0	4.0	4.0	4,4,1	0,4,31	1.0	28.91390609741211	0.9927386138028701
8584.0	31311.0	2.0	4.0	5.0	1,4,4,1	0,3,8,40	1.0	28.91390609741211	0.9927386138028701
8625.0	31312.0	2.0	1.0	9.0	1,1,4,1,1,4,4,1	0,6,2,6,3,2,5,26	0.0	28.91390609741211	0.9927386138028701
8227.0	31313.0	2.0	4.0	8.0	4,1,1,1,4,4,1	0,5,2,2,2,8,36	1.0	28.91390609741211	0.9927386138028701
8568.0	31318.0	38.0	1.0	4.0	4,4,4	0,4,12	0.0	28.91390609741211	0.8706896420443652
7886.0	31319.0	2.0	1.0	5.0	4,4,4,1	0,4,11,49	0.0	28.91390609741211	0.9927386138028701
8216.0	31320.0	2.0	1.0	7.0	1,1,1,4,4,1	0,3,2,2,7,42	0.0	28.91390609741211	0.9927386138028701
7861.0	31321.0	2.0	4.0	6.0	4,4,4,2,1	0,3,7,24,33	1.0	28.91390609741211	0.9927386138028701
7881.0	31322.0	49.0	4.0	4.0	4,4,4	0,4,14	1.0	28.91390609741211	0.8364797051558288
7983.0	31323.0	2.0	1.0	8.0	4,1,4,4,1,4,1	0,5,2,6,17,3,26	0.0	28.91390609741211	0.9927386138028701
8628.0	31324.0	2.0	4.0	6.0	1,1,4,4,1	0,4,2,8,36	1.0	28.91390609741211	0.9927386138028701
8193.0	31325.0	2.0	4.0	6.0	4,4,1,4,1	0,4,12,5,36	1.0	28.91390609741211	0.9927386138028701
8620.0	31326.0	38.0	4.0	4.0	1,4,4	0,3,11	1.0	28.91390609741211	0.8706896420443652
8748.0	31327.0	2.0	4.0	4.0	4,4,1	0,6,36	1.0	28.91390609741211	0.9927386138028701
8713.0	31328.0	2.0	4.0	6.0	1,1,4,4,1	0,4,2,5,35	1.0	28.91390609741211	0.9927386138028701
8746.0	31329.0	2.0	4.0	4.0	1,4,1	0,6,36	1.0	28.91390609741211	0.9927386138028701
8569.0	31330.0	2.0	4.0	7.0	1,4,1,4,4,1	0,5,14,2,5,26	1.0	28.91390609741211	0.9927386138028701
8795.0	31331.0	2.0	4.0	4.0	4,4,1	0,5,30	1.0	28.91390609741211	0.9927386138028701
8653.0	31332.0	2.0	4.0	6.0	1,4,1,4,1	0,5,14,4,26	1.0	28.91390609741211	0.9927386138028701
7926.0	31333.0	2.0	4.0	5.0	4,4,4,1	0,3,10,48	1.0	28.91390609741211	0.9927386138028701
8577.0	31334.0	2.0	4.0	6.0	1,1,4,4,1	0,5,2,8,36	1.0	28.91390609741211	0.9927386138028701
8701.0	31335.0	2.0	4.0	5.0	4,4,4,1	0,3,8,36	1.0	28.91390609741211	0.9927386138028701
8784.0	31336.0	2.0	4.0	6.0	1,1,1,4,1	0,4,2,4,26	1.0	28.91390609741211	0.9927386138028701
8694.0	31337.0	2.0	4.0	10.0	4,1,1,1,1,1,1,4,1	0,5,2,4,3,2,2,3,26	1.0	28.91390609741211	0.9927386138028701
7852.0	31339.0	2.0	1.0	11.0	4,1,1,1,4,1,1,4,4,1	0,3,2,6,2,6,2,2,8,36	0.0	28.91390609741211	0.9927386138028701
7938.0	31340.0	2.0	4.0	5.0	4,4,4,1	0,3,11,47	1.0	28.91390609741211	0.9927386138028701
8219.0	31341.0	2.0	4.0	5.0	4,4,4,1	0,3,9,44	1.0	28.91390609741211	0.9927386138028701
8805.0	31342.0	2.0	1.0	5.0	1,1,4,1	0,3,4,26	0.0	28.91390609741211	0.9927386138028701
8803.0	31343.0	2.0	1.0	4.0	1,4,1	0,4,29	0.0	28.91390609741211	0.9927386138028701
8236.0	31344.0	2.0	4.0	8.0	1,1,1,1,4,4,1	0,5,2,2,2,8,36	1.0	28.91390609741211	0.9927386138028701
8618.0	31345.0	2.0	4.0	6.0	1,1,4,4,1	0,3,3,8,36	1.0	28.91390609741211	0.9927386138028701
8621.0	31346.0	2.0	4.0	6.0	1,1,4,4,1	0,6,2,6,36	1.0	28.91390609741211	0.9927386138028701
8579.0	31347.0	38.0	4.0	4.0	1,4,4	0,3,12	1.0	28.91390609741211	0.8706896420443652
7862.0	31348.0	2.0	4.0	5.0	1,4,4,1	0,3,11,53	1.0	28.91390609741211	0.9927386138028701
7840.0	31349.0	2.0	4.0	7.0	3,3,4,4,2,1	0,18,2,6,23,36	1.0	28.91390609741211	0.9927386138028701
7906.0	31350.0	46.0	4.0	4.0	4,4,4	0,4,14	1.0	28.91390609741211	0.8456741129316458
8785.0	31351.0	2.0	4.0	4.0	4,4,1	0,4,32	1.0	28.91390609741211	0.9927386138028701
8820.0	31352.0	2.0	4.0	4.0	1,4,1	0,4,29	1.0	28.91390609741211	0.9927386138028701
8747.0	31353.0	2.0	4.0	4.0	4,4,1	0,6,36	1.0	28.91390609741211	0.9927386138028701
8635.0	31354.0	2.0	4.0	7.0	1,1,1,4,4,1	0,4,2,2,6,36	1.0	28.91390609741211	0.9927386138028701
8404.0	31367.0	44.0	2.0	4.0	4,4,4	0,5,14	1.0	28.91390609741211	0.851859795895451
8457.0	31368.0	43.0	4.0	4.0	4,4,4	0,4,13	1.0	28.91390609741211	0.8549695836906135
8407.0	31369.0	2.0	4.0	5.0	4,4,4,1	0,4,12,45	1.0	28.91390609741211	0.9927386138028701
8812.0	31370.0	2.0	1.0	7.0	1,1,1,1,1,1	0,3,3,1,18,9	0.0	28.91390609741211	0.9927386138028701
8846.0	31371.0	2.0	1.0	6.0	1,1,1,1,1	0,4,1,18,9	0.0	28.91390609741211	0.9927386138028701
8448.0	31372.0	2.0	4.0	5.0	4,4,4,1	0,3,11,45	1.0	28.91390609741211	0.9927386138028701
8421.0	31373.0	2.0	4.0	5.0	4,4,4,1	0,4,13,43	1.0	28.91390609741211	0.9927386138028701
8399.0	31374.0	45.0	4.0	4.0	4,4,4	0,4,14	1.0	28.91390609741211	0.8487613193566366
8687.0	31375.0	2.0	4.0	6.0	4,4,1,1,1	0,5,16,18,9	1.0	28.91390609741211	0.9927386138028701
8424.0	31376.0	2.0	4.0	8.0	1,4,1,1,4,1,1	0,4,14,5,3,25,9	1.0	28.91390609741211	0.9927386138028701
8361.0	31377.0	47.0	4.0	4.0	4,4,4	0,4,14	1.0	28.91390609741211	0.8425981356276024
8497.0	31378.0	2.0	4.0	9.0	1,1,4,1,4,4,1,1	0,5,2,6,2,5,27,9	1.0	28.91390609741211	0.9927386138028701
8521.0	31379.0	2.0	4.0	7.0	1,4,1,4,1,1	0,5,16,2,23,9	1.0	28.91390609741211	0.9927386138028701
8412.0	31380.0	2.0	4.0	5.0	4,4,4,1	0,4,12,45	1.0	28.91390609741211	0.9927386138028701
8520.0	31381.0	2.0	4.0	5.0	4,4,4,1	0,3,10,42	1.0	28.91390609741211	0.9927386138028701
8660.0	31382.0	2.0	1.0	9.0	1,1,1,4,1,4,4,1	0,3,2,2,8,3,7,27	0.0	28.91390609741211	0.9927386138028701
8512.0	31383.0	2.0	4.0	5.0	1,4,4,1	0,4,11,41	1.0	28.91390609741211	0.9927386138028701
8807.0	31384.0	2.0	4.0	6.0	4,1,4,1,1	0,6,1,18,9	1.0	28.91390609741211	0.9927386138028701
8751.0	31385.0	2.0	4.0	7.0	4,1,1,4,2,1	0,4,2,3,19,9	1.0	28.91390609741211	0.9927386138028701
8295.0	31386.0	44.0	4.0	6.0	4,1,4,4,4	0,5,2,5,14	1.0	28.91390609741211	0.851859795895451
8679.0	31387.0	2.0	4.0	9.0	1,1,4,1,4,1,1,1	0,6,2,6,3,7,18,9	1.0	28.91390609741211	0.9927386138028701
8313.0	31388.0	50.0	4.0	4.0	4,4,4	0,5,15	1.0	28.91390609741211	0.833437170745697
8601.0	31389.0	2.0	4.0	7.0	1,1,4,4,1,1	0,3,2,5,33,9	1.0	28.91390609741211	0.9927386138028701
8670.0	31390.0	2.0	1.0	5.0	4,4,1,1	0,6,36,9	0.0	28.91390609741211	0.9927386138028701
8489.0	31391.0	2.0	4.0	7.0	1,1,4,4,1,1	0,5,2,7,34,9	1.0	28.91390609741211	0.9927386138028701
8548.0	31392.0	2.0	4.0	8.0	1,1,4,1,4,1,1	0,5,2,5,5,28,9	1.0	28.91390609741211	0.9927386138028701
8666.0	31393.0	2.0	4.0	9.0	1,1,1,4,1,4,1,1	0,3,3,2,6,3,25,9	1.0	28.91390609741211	0.9927386138028701
8813.0	31394.0	2.0	1.0	6.0	1,1,1,1,1	0,6,1,18,9	0.0	28.91390609741211	0.9927386138028701
8329.0	31395.0	49.0	4.0	4.0	4,4,4	0,5,14	1.0	28.91390609741211	0.8364797051558288
8767.0	31402.0	2.0	4.0	5.0	1,4,1,1	0,3,25,9	1.0	28.91390609741211	0.9927386138028701
8828.0	31403.0	2.0	4.0	5.0	1,1,1,1	0,5,18,9	1.0	28.91390609741211	0.9927386138028701
8260.0	31404.0	2.0	1.0	8.0	1,1,4,1,4,1,1	0,5,2,6,5,28,9	0.0	28.91390609741211	0.9927386138028701
7877.0	31405.0	2.0	4.0	5.0	1,4,4,1	0,4,14,48	1.0	28.91390609741211	0.9927386138028701
8003.0	31406.0	2.0	4.0	7.0	4,1,4,4,1,1	0,5,2,7,36,9	1.0	28.91390609741211	0.9927386138028701
7868.0	31407.0	2.0	4.0	7.0	4,4,1,4,4,1	0,5,18,2,7,34	1.0	28.91390609741211	0.9927386138028701
7961.0	31408.0	2.0	4.0	7.0	2,4,1,4,1,1	0,5,19,3,25,9	1.0	28.91390609741211	0.9927386138028701
7948.0	31409.0	2.0	1.0	5.0	4,4,4,1	0,3,11,47	0.0	28.91390609741211	0.9927386138028701
8787.0	31410.0	2.0	4.0	5.0	1,4,1,1	0,3,24,9	1.0	28.91390609741211	0.9927386138028701
7953.0	31411.0	2.0	4.0	7.0	4,4,1,4,1,1	0,5,19,3,25,9	1.0	28.91390609741211	0.9927386138028701
8281.0	31412.0	2.0	4.0	6.0	4,1,4,4,1	0,5,3,9,36	1.0	28.91390609741211	0.9927386138028701
8641.0	31413.0	2.0	1.0	6.0	1,4,1,2,1	0,5,18,18,9	0.0	28.91390609741211	0.9927386138028701
8782.0	31414.0	2.0	1.0	8.0	1,1,1,1,1,1,1	0,3,2,2,3,18,9	0.0	28.91390609741211	0.9927386138028701
8642.0	31415.0	2.0	4.0	8.0	1,1,4,1,4,1,1	0,5,2,6,3,25,9	1.0	28.91390609741211	0.9927386138028701
8800.0	31416.0	2.0	4.0	6.0	1,1,1,1,1	0,3,4,18,9	1.0	28.91390609741211	0.9927386138028701
8819.0	31417.0	2.0	4.0	4.0	4,4,1	0,7,27	1.0	28.91390609741211	0.9927386138028701
8585.0	31418.0	39.0	4.0	4.0	4,4,4	0,3,12	1.0	28.91390609741211	0.8675226755535622
8774.0	31419.0	2.0	2.0	7.0	1,1,1,1,1,1	0,5,2,3,18,9	1.0	28.91390609741211	0.9927386138028701
8732.0	31420.0	2.0	1.0	9.0	1,1,1,1,1,1,1,1	0,8,3,2,2,3,18,9	0.0	28.91390609741211	0.9927386138028701
8779.0	31421.0	2.0	1.0	7.0	1,1,1,1,1,1	0,4,2,4,18,9	0.0	28.91390609741211	0.9927386138028701
8797.0	31422.0	2.0	1.0	6.0	1,1,1,1,1	0,5,4,18,9	0.0	28.91390609741211	0.9927386138028701
8287.0	31423.0	2.0	1.0	9.0	1,1,1,4,1,4,4,1	0,3,2,3,8,3,7,27	0.0	28.91390609741211	0.9927386138028701
8816.0	31424.0	2.0	1.0	4.0	4,4,1	0,7,27	0.0	28.91390609741211	0.9927386138028701
7951.0	31425.0	45.0	4.0	4.0	4,4,4	0,4,14	1.0	28.91390609741211	0.8487613193566366
8821.0	31426.0	2.0	4.0	6.0	1,1,1,1,1	0,3,4,18,9	1.0	28.91390609741211	0.9927386138028701
8783.0	31427.0	2.0	4.0	5.0	4,4,1,1	0,3,25,9	1.0	28.91390609741211	0.9927386138028701
7995.0	31428.0	45.0	4.0	4.0	4,4,4	0,4,12	1.0	28.91390609741211	0.8487613193566366
8804.0	31429.0	2.0	4.0	4.0	4,4,1	0,7,27	1.0	28.91390609741211	0.9927386138028701
8710.0	31430.0	2.0	4.0	5.0	4,4,2,1	0,5,15,27	1.0	28.91390609741211	0.9927386138028701
8814.0	31441.0	2.0	4.0	6.0	1,1,4,1,1	0,3,3,27,2	1.0	28.91390609741211	0.9927386138028701
8688.0	31442.0	2.0	4.0	5.0	4,4,4,1	0,3,11,35	1.0	28.91390609741211	0.9927386138028701
8363.0	31443.0	2.0	4.0	6.0	4,4,4,1,1	0,3,9,50,2	1.0	28.91390609741211	0.9927386138028701
8320.0	31444.0	51.0	1.0	4.0	4,4,4	0,4,14	0.0	28.91390609741211	0.830405702970631
8595.0	31445.0	2.0	4.0	5.0	1,4,4,1	0,4,12,38	1.0	28.91390609741211	0.9927386138028701
8446.0	31446.0	2.0	4.0	6.0	4,4,4,1,1	0,3,11,44,2	1.0	28.91390609741211	0.9927386138028701
8680.0	31447.0	2.0	4.0	5.0	4,4,4,1	0,3,11,38	1.0	28.91390609741211	0.9927386138028701
8375.0	31448.0	2.0	4.0	6.0	1,4,4,1,1	0,3,10,48,2	1.0	28.91390609741211	0.9927386138028701
8843.0	31449.0	2.0	4.0	5.0	1,4,1,1	0,5,26,2	1.0	28.91390609741211	0.9927386138028701
8836.0	31450.0	2.0	4.0	7.0	1,1,1,1,1,1	0,4,1,18,8,2	1.0	28.91390609741211	0.9927386138028701
8333.0	31451.0	50.0	4.0	4.0	4,4,4	0,4,15	1.0	28.91390609741211	0.833437170745697
8668.0	31452.0	2.0	4.0	7.0	1,1,4,4,1,1	0,3,3,8,36,2	1.0	28.91390609741211	0.9927386138028701
8867.0	31453.0	3.0	4.0	2.0	4	0	1.0	28.91390609741211	0.9891277175980433
8503.0	31454.0	2.0	4.0	9.0	4,1,4,1,4,4,1,1	0,3,2,6,2,7,35,2	1.0	28.91390609741211	0.9927386138028701
8474.0	31455.0	44.0	2.0	4.0	4,4,4	0,4,13	1.0	28.91390609741211	0.851859795895451
8644.0	31457.0	2.0	4.0	5.0	4,4,4,1	0,3,11,37	1.0	28.91390609741211	0.9927386138028701
7852.0	31458.0	2.0	4.0	12.0	4,1,1,1,4,1,1,4,4,1,1	0,3,2,6,2,6,2,2,8,36,2	1.0	28.91390609741211	0.9927386138028701
8853.0	31459.0	3.0	4.0	2.0	4	0	1.0	28.91390609741211	0.9891277175980433
8803.0	31460.0	2.0	4.0	5.0	1,4,1,1	0,4,29,2	1.0	28.91390609741211	0.9927386138028701
8279.0	31461.0	40.0	4.0	4.0	4,4,4	0,4,13	1.0	28.91390609741211	0.8643672282956403
8216.0	31462.0	2.0	4.0	8.0	1,1,1,4,4,1,1	0,3,2,2,7,42,2	1.0	28.91390609741211	0.9927386138028701
8744.0	31463.0	2.0	4.0	5.0	4,4,1,1	0,6,36,2	1.0	28.91390609741211	0.9927386138028701
8625.0	31464.0	2.0	1.0	10.0	1,1,4,1,1,4,4,1,1	0,6,2,6,3,2,5,26,2	0.0	28.91390609741211	0.9927386138028701
8695.0	31465.0	2.0	4.0	5.0	4,4,4,1	0,3,9,37	1.0	28.91390609741211	0.9927386138028701
8805.0	31466.0	2.0	4.0	6.0	1,1,4,1,1	0,3,4,26,2	1.0	28.91390609741211	0.9927386138028701
8568.0	31467.0	2.0	4.0	5.0	4,4,4,1	0,4,12,38	1.0	28.91390609741211	0.9927386138028701
8869.0	31468.0	3.0	4.0	2.0	4	0	1.0	28.91390609741211	0.9891277175980433
7983.0	31469.0	2.0	4.0	9.0	4,1,4,4,1,4,1,1	0,5,2,6,17,3,26,2	1.0	28.91390609741211	0.9927386138028701
8850.0	31470.0	3.0	4.0	2.0	4	0	1.0	28.91390609741211	0.9891277175980433
8275.0	31471.0	40.0	4.0	4.0	4,4,4	0,4,13	1.0	28.91390609741211	0.8643672282956403
7886.0	31472.0	2.0	1.0	6.0	4,4,4,1,1	0,4,11,49,2	0.0	28.91390609741211	0.9927386138028701
8208.0	31473.0	44.0	2.0	4.0	4,4,4	0,4,12	1.0	28.91390609741211	0.851859795895451
429.0	31477.0	57.0	4.0	2.0	4	0	1.0	28.91390609741211	0.8124470517210263
3538.0	31478.0	87.0	4.0	4.0	4,4,4	0,4,11	1.0	28.91390609741211	0.7283142150595048
205.0	31479.0	60.0	4.0	6.0	4,4,4,1,4	0,3,7,25,2	1.0	28.91390609741211	0.8036138979380781
7152.0	31480.0	107.0	4.0	5.0	4,4,4,4	0,3,11,5	1.0	28.91390609741211	0.6771235721670551
341.0	31483.0	68.0	1.0	3.0	1,4	0,4	0.0	28.91390609741211	0.780525502385267
428.0	31484.0	57.0	1.0	2.0	4	0	0.0	28.91390609741211	0.8124470517210263
3808.0	31485.0	57.0	4.0	2.0	4	0	1.0	28.91390609741211	0.8124470517210263
301.0	31486.0	78.0	4.0	3.0	4,4	0,7	1.0	28.91390609741211	0.7525955925996112
373.0	31488.0	63.0	4.0	3.0	4,4	0,3	1.0	28.91390609741211	0.7948767806975582
7130.0	31489.0	107.0	1.0	5.0	4,4,4,4	0,4,12,4	0.0	28.91390609741211	0.6771235721670551
225.0	31490.0	69.0	4.0	5.0	1,4,1,4	0,3,17,5	1.0	28.91390609741211	0.7776864906503078
3820.0	31491.0	56.0	4.0	2.0	4	0	1.0	28.91390609741211	0.8154129598878767
432.0	31494.0	57.0	4.0	2.0	4	0	1.0	28.91390609741211	0.8124470517210263
7153.0	31495.0	107.0	4.0	5.0	4,4,4,4	0,3,11,5	1.0	28.91390609741211	0.6771235721670551
3807.0	31496.0	57.0	4.0	2.0	4	0	1.0	28.91390609741211	0.8124470517210263
322.0	31498.0	69.0	1.0	3.0	4,3	0,9	0.0	28.91390609741211	0.7776864906503078
7421.0	31500.0	74.0	1.0	5.0	1,4,1,4	0,6,25,6	0.0	28.91390609741211	0.7636455782245639
349.0	31501.0	68.0	1.0	3.0	1,4	0,4	0.0	28.91390609741211	0.780525502385267
3678.0	31503.0	78.0	4.0	3.0	4,4	0,8	1.0	28.91390609741211	0.7525955925996112
262.0	31504.0	80.0	4.0	3.0	1,4	0,9	1.0	28.91390609741211	0.7471307053514875
3817.0	31505.0	56.0	4.0	2.0	4	0	1.0	28.91390609741211	0.8154129598878767
3675.0	31506.0	78.0	4.0	3.0	4,4	0,8	1.0	28.91390609741211	0.7525955925996112
7134.0	31508.0	107.0	4.0	5.0	4,4,4,4	0,3,10,7	1.0	28.91390609741211	0.6771235721670551
346.0	31509.0	60.0	2.0	6.0	1,1,1,1,4	0,4,2,3,3	1.0	28.91390609741211	0.8036138979380781
3806.0	31510.0	57.0	4.0	2.0	4	0	1.0	28.91390609741211	0.8124470517210263
438.0	31511.0	56.0	4.0	2.0	4	0	1.0	28.91390609741211	0.8154129598878767
3822.0	31513.0	56.0	4.0	2.0	4	0	1.0	28.91390609741211	0.8154129598878767
3826.0	31514.0	56.0	4.0	2.0	4	0	1.0	28.91390609741211	0.8154129598878767
3654.0	31515.0	80.0	4.0	3.0	4,4	0,8	1.0	28.91390609741211	0.7471307053514875
3556.0	31516.0	86.0	4.0	4.0	4,4,4	0,3,11	1.0	28.91390609741211	0.730972989036101
3809.0	31518.0	57.0	4.0	2.0	4	0	1.0	28.91390609741211	0.8124470517210263
238.0	31519.0	78.0	4.0	5.0	1,1,4,4	0,4,2,9	1.0	28.91390609741211	0.7525955925996112
3805.0	31520.0	57.0	4.0	2.0	4	0	1.0	28.91390609741211	0.8124470517210263
364.0	31521.0	58.0	4.0	5.0	1,1,1,4	0,5,3,2	1.0	28.91390609741211	0.809491931475986
353.0	31523.0	60.0	1.0	4.0	1,1,4	0,6,3	0.0	28.91390609741211	0.8036138979380781
386.0	31524.0	57.0	1.0	4.0	1,1,4	0,4,2	0.0	28.91390609741211	0.8124470517210263
3513.0	31525.0	91.0	4.0	4.0	4,4,4	0,3,11	1.0	28.91390609741211	0.717775475837617
3812.0	31526.0	57.0	4.0	2.0	4	0	1.0	28.91390609741211	0.8124470517210263
118.0	31528.0	72.0	2.0	7.0	1,1,4,4,1,4	0,5,2,5,16,6	1.0	28.91390609741211	0.769231263503771
376.0	31529.0	63.0	4.0	3.0	1,4	0,3	1.0	28.91390609741211	0.7948767806975582
375.0	31533.0	63.0	1.0	3.0	1,4	0,3	0.0	28.91390609741211	0.7948767806975582
278.0	31534.0	80.0	4.0	3.0	4,4	0,8	1.0	28.91390609741211	0.7471307053514875
7244.0	31535.0	102.0	4.0	4.0	4,4,4	0,5,14	1.0	28.91390609741211	0.6895736315261478
3825.0	31536.0	56.0	4.0	2.0	4	0	1.0	28.91390609741211	0.8154129598878767
396.0	31538.0	57.0	4.0	3.0	1,2	0,5	1.0	28.91390609741211	0.8124470517210263
3682.0	31539.0	78.0	4.0	3.0	4,4	0,8	1.0	28.91390609741211	0.7525955925996112
7339.0	31540.0	93.0	1.0	5.0	1,1,4,4	0,4,5,13	0.0	28.91390609741211	0.7125634309047314
3814.0	31541.0	57.0	2.0	2.0	4	0	1.0	28.91390609741211	0.8124470517210263
3823.0	31543.0	56.0	2.0	2.0	4	0	1.0	28.91390609741211	0.8154129598878767
400.0	31544.0	59.0	1.0	3.0	1,4	0,3	0.0	28.91390609741211	0.8065475599137603
3645.0	31545.0	80.0	4.0	3.0	4,4	0,9	1.0	28.91390609741211	0.7471307053514875
443.0	31546.0	56.0	4.0	2.0	4	0	1.0	28.91390609741211	0.8154129598878767
248.0	31548.0	69.0	1.0	4.0	1,4,2	0,4,19	0.0	28.91390609741211	0.7776864906503078
7132.0	31549.0	107.0	4.0	5.0	4,4,4,4	0,4,13,3	1.0	28.91390609741211	0.6771235721670551
3821.0	31550.0	56.0	4.0	2.0	4	0	1.0	28.91390609741211	0.8154129598878767
3758.0	31553.0	63.0	4.0	3.0	4,4	0,3	1.0	28.91390609741211	0.7948767806975582
273.0	31554.0	80.0	4.0	3.0	4,4	0,8	1.0	28.91390609741211	0.7471307053514875
3813.0	31555.0	57.0	4.0	2.0	4	0	1.0	28.91390609741211	0.8124470517210263
266.0	31556.0	80.0	1.0	3.0	4,4	0,9	0.0	28.91390609741211	0.7471307053514875
7121.0	31558.0	106.0	4.0	4.0	4,4,4	0,4,17	1.0	28.91390609741211	0.6795954702783265
3824.0	31559.0	56.0	1.0	2.0	3	0	0.0	28.91390609741211	0.8154129598878767
7170.0	31560.0	107.0	4.0	5.0	4,4,4,4	0,3,11,4	1.0	28.91390609741211	0.6771235721670551
3804.0	31561.0	57.0	4.0	2.0	4	0	1.0	28.91390609741211	0.8124470517210263
397.0	31563.0	59.0	4.0	3.0	4,4	0,3	1.0	28.91390609741211	0.8065475599137603
286.0	31564.0	78.0	2.0	3.0	4,4	0,9	1.0	28.91390609741211	0.7525955925996112
426.0	31565.0	57.0	4.0	3.0	1,4	0,1	1.0	28.91390609741211	0.8124470517210263
7268.0	31566.0	101.0	4.0	4.0	4,4,4	0,4,15	1.0	28.91390609741211	0.6920909796549344
7162.0	31568.0	106.0	4.0	4.0	4,4,4	0,4,15	1.0	28.91390609741211	0.6795954702783265
7026.0	31569.0	105.0	4.0	8.0	4,1,1,2,4,4,4	0,11,7,3,2,5,17	1.0	28.91390609741211	0.6820763922672527
332.0	31570.0	58.0	4.0	6.0	1,1,4,1,4	0,6,2,6,2	1.0	28.91390609741211	0.809491931475986
7330.0	31571.0	97.0	4.0	4.0	4,4,4	0,5,14	1.0	28.91390609741211	0.7022526062330682
382.0	31573.0	57.0	1.0	4.0	1,1,4	0,4,2	0.0	28.91390609741211	0.8124470517210263
338.0	31574.0	68.0	4.0	3.0	1,4	0,6	1.0	28.91390609741211	0.780525502385267
3520.0	31575.0	89.0	4.0	4.0	4,4,4	0,3,12	1.0	28.91390609741211	0.7230256442710982
383.0	31578.0	60.0	4.0	3.0	4,4	0,3	1.0	28.91390609741211	0.8036138979380781
7290.0	31579.0	101.0	4.0	4.0	4,4,4	0,4,14	1.0	28.91390609741211	0.6920909796549344
7238.0	31580.0	101.0	4.0	4.0	4,4,4	0,5,15	1.0	28.91390609741211	0.6920909796549344
437.0	31581.0	56.0	4.0	2.0	4	0	1.0	28.91390609741211	0.8154129598878767
7140.0	31585.0	105.0	4.0	4.0	4,4,4	0,5,16	1.0	28.91390609741211	0.6820763922672527
379.0	31586.0	62.0	4.0	3.0	1,4	0,4	1.0	28.91390609741211	0.7977785470717689
7141.0	31587.0	107.0	4.0	5.0	4,4,4,4	0,3,10,6	1.0	28.91390609741211	0.6771235721670551
3663.0	31588.0	80.0	1.0	3.0	1,4	0,8	0.0	28.91390609741211	0.7471307053514875
3539.0	31589.0	89.0	4.0	4.0	4,4,4	0,3,10	1.0	28.91390609741211	0.7230256442710982
388.0	31590.0	60.0	1.0	3.0	4,4	0,3	0.0	28.91390609741211	0.8036138979380781
119.0	31591.0	91.0	4.0	4.0	4,4,4	0,4,11	1.0	28.91390609741211	0.717775475837617
284.0	31593.0	78.0	4.0	3.0	4,4	0,9	1.0	28.91390609741211	0.7525955925996112
3514.0	31594.0	91.0	4.0	4.0	4,4,4	0,3,11	1.0	28.91390609741211	0.717775475837617
3676.0	31595.0	78.0	4.0	3.0	4,4	0,8	1.0	28.91390609741211	0.7525955925996112
7124.0	31596.0	105.0	4.0	4.0	4,4,4	0,5,17	1.0	28.91390609741211	0.6820763922672527
3819.0	31597.0	56.0	4.0	2.0	4	0	1.0	28.91390609741211	0.8154129598878767
7346.0	31598.0	92.0	2.0	6.0	1,1,4,4,4	0,3,2,5,13	1.0	28.91390609741211	0.7151647052827261
3818.0	31599.0	56.0	4.0	2.0	4	0	1.0	28.91390609741211	0.8154129598878767
7169.0	31600.0	105.0	4.0	4.0	1,4,4	0,4,16	1.0	28.91390609741211	0.6820763922672527
3715.0	31602.0	68.0	4.0	3.0	4,4	0,6	1.0	28.91390609741211	0.780525502385267
8865.0	31625.0	4.0	4.0	2.0	4	0	1.0	28.91390609741211	0.985529955335244
8813.0	31626.0	2.0	4.0	7.0	1,1,1,1,1,1	0,6,1,18,9,2	1.0	28.91390609741211	0.9927386138028701
8555.0	31627.0	40.0	4.0	4.0	4,4,4	0,4,13	1.0	28.91390609741211	0.8643672282956403
8812.0	31628.0	2.0	1.0	8.0	1,1,1,1,1,1,1	0,3,3,1,18,9,2	0.0	28.91390609741211	0.9927386138028701
8670.0	31629.0	2.0	4.0	6.0	4,4,1,1,1	0,6,36,9,2	1.0	28.91390609741211	0.9927386138028701
8376.0	31630.0	47.0	4.0	4.0	4,4,4	0,5,14	1.0	28.91390609741211	0.8425981356276024
8862.0	31631.0	4.0	4.0	2.0	1	0	1.0	28.91390609741211	0.985529955335244
8866.0	31632.0	4.0	4.0	2.0	4	0	1.0	28.91390609741211	0.985529955335244
8308.0	31633.0	52.0	4.0	4.0	1,4,4	0,5,15	1.0	28.91390609741211	0.8273852615778692
8857.0	31634.0	4.0	1.0	2.0	1	0	0.0	28.91390609741211	0.985529955335244
8846.0	31635.0	2.0	1.0	7.0	1,1,1,1,1,1	0,4,1,18,9,2	0.0	28.91390609741211	0.9927386138028701
8660.0	31636.0	2.0	4.0	10.0	1,1,1,4,1,4,4,1,1	0,3,2,2,8,3,7,27,2	1.0	28.91390609741211	0.9927386138028701
7933.0	31640.0	47.0	4.0	4.0	4,4,4	0,5,14	1.0	28.91390609741211	0.8425981356276024
8852.0	31641.0	4.0	4.0	2.0	1	0	1.0	28.91390609741211	0.985529955335244
8287.0	31642.0	2.0	4.0	10.0	1,1,1,4,1,4,4,1,1	0,3,2,3,8,3,7,27,2	1.0	28.91390609741211	0.9927386138028701
8723.0	31643.0	36.0	4.0	4.0	4,4,4	0,3,10	1.0	28.91390609741211	0.877058301085949
8641.0	31644.0	2.0	4.0	7.0	1,4,1,2,1,1	0,5,18,18,9,2	1.0	28.91390609741211	0.9927386138028701
7982.0	31645.0	47.0	4.0	4.0	4,4,4	0,4,13	1.0	28.91390609741211	0.8425981356276024
8779.0	31646.0	2.0	4.0	8.0	1,1,1,1,1,1,1	0,4,2,4,18,9,2	1.0	28.91390609741211	0.9927386138028701
8782.0	31647.0	2.0	4.0	9.0	1,1,1,1,1,1,1,1	0,3,2,2,3,18,9,2	1.0	28.91390609741211	0.9927386138028701
8816.0	31648.0	2.0	4.0	5.0	4,4,1,1	0,7,27,2	1.0	28.91390609741211	0.9927386138028701
8651.0	31649.0	40.0	4.0	4.0	4,4,4	0,3,11	1.0	28.91390609741211	0.8643672282956403
8797.0	31650.0	2.0	4.0	7.0	1,1,1,1,1,1	0,5,4,18,9,2	1.0	28.91390609741211	0.9927386138028701
8849.0	31651.0	4.0	4.0	2.0	1	0	1.0	28.91390609741211	0.985529955335244
8260.0	31652.0	2.0	4.0	9.0	1,1,4,1,4,1,1,1	0,5,2,6,5,28,9,2	1.0	28.91390609741211	0.9927386138028701
8856.0	31653.0	4.0	4.0	2.0	4	0	1.0	28.91390609741211	0.985529955335244
7948.0	31654.0	2.0	4.0	6.0	4,4,4,1,1	0,3,11,47,2	1.0	28.91390609741211	0.9927386138028701
8855.0	31655.0	4.0	4.0	2.0	4	0	1.0	28.91390609741211	0.985529955335244
8270.0	31656.0	41.0	1.0	4.0	4,4,4	0,4,13	0.0	28.91390609741211	0.8612232583716003
8004.0	31657.0	46.0	4.0	4.0	4,4,4	0,4,13	1.0	28.91390609741211	0.8456741129316458
8871.0	31658.0	4.0	4.0	2.0	4	0	1.0	28.91390609741211	0.985529955335244
8854.0	31659.0	4.0	1.0	2.0	1	0	0.0	28.91390609741211	0.985529955335244
7126.0	31662.0	108.0	4.0	5.0	3,4,4,4	0,4,11,5	1.0	28.91390609741211	0.6746606651108153
371.0	31663.0	58.0	4.0	4.0	1,1,4	0,6,3	1.0	28.91390609741211	0.809491931475986
3717.0	31664.0	69.0	2.0	3.0	4,4	0,6	1.0	28.91390609741211	0.7776864906503078
441.0	31665.0	57.0	2.0	2.0	4	0	1.0	28.91390609741211	0.8124470517210263
442.0	31666.0	57.0	4.0	2.0	4	0	1.0	28.91390609741211	0.8124470517210263
3716.0	31669.0	69.0	4.0	3.0	4,4	0,6	1.0	28.91390609741211	0.7776864906503078
7155.0	31671.0	106.0	4.0	4.0	1,4,4	0,4,17	1.0	28.91390609741211	0.6795954702783265
7272.0	31673.0	102.0	4.0	4.0	4,4,4	0,4,15	1.0	28.91390609741211	0.6895736315261478
7127.0	31674.0	108.0	4.0	5.0	4,4,4,4	0,4,13,3	1.0	28.91390609741211	0.6746606651108153
7258.0	31675.0	101.0	4.0	4.0	4,4,4	0,5,15	1.0	28.91390609741211	0.6920909796549344
175.0	31676.0	88.0	4.0	4.0	4,4,4	0,3,10	1.0	28.91390609741211	0.7256651118630394
3718.0	31678.0	69.0	4.0	3.0	4,4	0,6	1.0	28.91390609741211	0.7776864906503078
299.0	31679.0	79.0	4.0	3.0	1,4	0,8	1.0	28.91390609741211	0.7498581705518506
7263.0	31680.0	102.0	4.0	4.0	4,4,4	0,5,14	1.0	28.91390609741211	0.6895736315261478
7255.0	31681.0	103.0	4.0	4.0	1,4,4	0,5,14	1.0	28.91390609741211	0.6870654397681099
369.0	31683.0	61.0	4.0	4.0	1,1,4	0,5,3	1.0	28.91390609741211	0.8006909065948736
144.0	31684.0	69.0	1.0	6.0	1,4,1,2,4	0,5,18,6,6	0.0	28.91390609741211	0.7776864906503078
3714.0	31685.0	69.0	4.0	3.0	4,4	0,6	1.0	28.91390609741211	0.7776864906503078
372.0	31688.0	63.0	4.0	3.0	4,4	0,4	1.0	28.91390609741211	0.7948767806975582
3765.0	31689.0	61.0	4.0	3.0	4,4	0,3	1.0	28.91390609741211	0.8006909065948736
7183.0	31690.0	106.0	4.0	4.0	4,4,4	0,4,15	1.0	28.91390609741211	0.6795954702783265
298.0	31691.0	79.0	1.0	3.0	1,4	0,8	0.0	28.91390609741211	0.7498581705518506
7137.0	31693.0	108.0	4.0	5.0	4,4,4,4	0,3,11,5	1.0	28.91390609741211	0.6746606651108153
370.0	31694.0	61.0	1.0	4.0	1,1,4	0,5,3	0.0	28.91390609741211	0.8006909065948736
3722.0	31695.0	69.0	4.0	3.0	4,4	0,6	1.0	28.91390609741211	0.7776864906503078
7117.0	31696.0	106.0	4.0	4.0	1,4,4	0,5,17	1.0	28.91390609741211	0.6795954702783265
7048.0	31698.0	114.0	4.0	4.0	4,4,4	0,7,19	1.0	28.91390609741211	0.6600702118501879
3679.0	31699.0	79.0	4.0	3.0	4,4	0,8	1.0	28.91390609741211	0.7498581705518506
3783.0	31700.0	60.0	4.0	3.0	4,4	0,3	1.0	28.91390609741211	0.8036138979380781
384.0	31701.0	61.0	4.0	3.0	4,4	0,3	1.0	28.91390609741211	0.8006909065948736
7277.0	31703.0	101.0	1.0	4.0	1,4,4	0,4,15	0.0	28.91390609741211	0.6920909796549344
3582.0	31704.0	86.0	4.0	4.0	4,4,4	0,3,10	1.0	28.91390609741211	0.730972989036101
343.0	31705.0	67.0	1.0	3.0	1,4	0,6	0.0	28.91390609741211	0.7833748781778871
7211.0	31706.0	105.0	1.0	4.0	1,4,4	0,4,15	0.0	28.91390609741211	0.6820763922672527
7082.0	31708.0	108.0	4.0	5.0	4,4,4,4	0,4,13,5	1.0	28.91390609741211	0.6746606651108153
368.0	31709.0	64.0	1.0	3.0	4,4	0,5	0.0	28.91390609741211	0.7919855689416955
3723.0	31710.0	69.0	4.0	3.0	4,4	0,6	1.0	28.91390609741211	0.7776864906503078
7131.0	31711.0	107.0	4.0	4.0	1,4,4	0,4,17	1.0	28.91390609741211	0.6771235721670551
3770.0	31713.0	61.0	4.0	3.0	4,4	0,3	1.0	28.91390609741211	0.8006909065948736
393.0	31714.0	60.0	4.0	3.0	4,4	0,3	1.0	28.91390609741211	0.8036138979380781
3781.0	31715.0	60.0	4.0	3.0	4,4	0,3	1.0	28.91390609741211	0.8036138979380781
3720.0	31716.0	69.0	4.0	3.0	4,4	0,6	1.0	28.91390609741211	0.7776864906503078
381.0	31718.0	58.0	1.0	4.0	1,1,4	0,3,3	0.0	28.91390609741211	0.809491931475986
3762.0	31719.0	63.0	4.0	3.0	4,4	0,4	1.0	28.91390609741211	0.7948767806975582
7097.0	31720.0	107.0	4.0	4.0	1,4,4	0,5,17	1.0	28.91390609741211	0.6771235721670551
3560.0	31721.0	88.0	4.0	4.0	4,4,4	0,3,10	1.0	28.91390609741211	0.7256651118630394
3524.0	31723.0	90.0	4.0	4.0	4,4,4	0,3,12	1.0	28.91390609741211	0.7203957772360184
7156.0	31724.0	107.0	4.0	4.0	4,4,4	0,4,16	1.0	28.91390609741211	0.6771235721670551
3753.0	31725.0	64.0	4.0	3.0	4,4	0,5	1.0	28.91390609741211	0.7919855689416955
7285.0	31728.0	61.0	1.0	6.0	1,4,4,1,4	0,5,7,44,3	0.0	28.91390609741211	0.8006909065948736
7237.0	31729.0	102.0	4.0	4.0	4,4,4	0,5,15	1.0	28.91390609741211	0.6895736315261478
3752.0	31730.0	64.0	4.0	3.0	4,4	0,5	1.0	28.91390609741211	0.7919855689416955
7329.0	31731.0	97.0	2.0	4.0	1,4,4	0,5,15	1.0	28.91390609741211	0.7022526062330682
3727.0	31733.0	67.0	4.0	3.0	4,4	0,6	1.0	28.91390609741211	0.7833748781778871
3769.0	31734.0	61.0	4.0	3.0	4,4	0,3	1.0	28.91390609741211	0.8006909065948736
3549.0	31735.0	88.0	4.0	4.0	4,4,4	0,3,11	1.0	28.91390609741211	0.7256651118630394
7125.0	31736.0	106.0	4.0	4.0	1,4,4	0,5,17	1.0	28.91390609741211	0.6795954702783265
3651.0	31738.0	81.0	4.0	3.0	4,4	0,9	1.0	28.91390609741211	0.7444131607824002
7309.0	31739.0	99.0	4.0	4.0	1,4,4	0,5,15	1.0	28.91390609741211	0.6971532788512688
173.0	31741.0	88.0	4.0	4.0	1,4,4	0,3,10	1.0	28.91390609741211	0.7256651118630394
318.0	31743.0	73.0	4.0	3.0	4,4	0,8	1.0	28.91390609741211	0.7664333323954206
7071.0	31744.0	105.0	4.0	6.0	3,1,4,4,4	0,4,2,5,17	1.0	28.91390609741211	0.6820763922672527
136.0	31745.0	90.0	4.0	4.0	4,4,4	0,3,12	1.0	28.91390609741211	0.7203957772360184
7122.0	31746.0	108.0	4.0	5.0	4,4,4,4	0,4,13,3	1.0	28.91390609741211	0.6746606651108153
366.0	31748.0	64.0	1.0	3.0	4,4	0,5	0.0	28.91390609741211	0.7919855689416955
7319.0	31749.0	92.0	1.0	5.0	1,1,4,4	0,5,5,15	0.0	28.91390609741211	0.7151647052827261
7312.0	31750.0	101.0	4.0	4.0	4,4,4	0,4,14	1.0	28.91390609741211	0.6920909796549344
7092.0	31751.0	107.0	4.0	4.0	4,4,4	0,5,18	1.0	28.91390609741211	0.6771235721670551
3648.0	31753.0	81.0	4.0	3.0	4,4	0,9	1.0	28.91390609741211	0.7444131607824002
7371.0	31754.0	96.0	4.0	4.0	4,4,4	0,4,15	1.0	28.91390609741211	0.704816240054628
7078.0	31755.0	108.0	4.0	5.0	4,4,4,4	0,5,14,3	1.0	28.91390609741211	0.6746606651108153
7345.0	31756.0	58.0	4.0	10.0	1,1,4,1,4,1,4,1,4	0,5,4,12,2,6,6,20,3	1.0	28.91390609741211	0.809491931475986
3653.0	31758.0	81.0	4.0	3.0	4,4	0,9	1.0	28.91390609741211	0.7444131607824002
7274.0	31759.0	101.0	4.0	4.0	4,4,4	0,5,15	1.0	28.91390609741211	0.6920909796549344
3512.0	31760.0	89.0	4.0	4.0	4,4,4	0,4,13	1.0	28.91390609741211	0.7230256442710982
416.0	31761.0	57.0	1.0	3.0	1,4	0,3	0.0	28.91390609741211	0.8124470517210263
3700.0	31763.0	73.0	4.0	3.0	4,4	0,8	1.0	28.91390609741211	0.7664333323954206
3798.0	31764.0	57.0	4.0	3.0	4,4	0,3	1.0	28.91390609741211	0.8124470517210263
3733.0	31765.0	67.0	4.0	3.0	4,4	0,6	1.0	28.91390609741211	0.7833748781778871
334.0	31766.0	69.0	4.0	3.0	4,4	0,6	1.0	28.91390609741211	0.7776864906503078
3650.0	31768.0	81.0	4.0	3.0	4,4	0,9	1.0	28.91390609741211	0.7444131607824002
340.0	31769.0	69.0	1.0	3.0	4,4	0,6	0.0	28.91390609741211	0.7776864906503078
7432.0	31770.0	93.0	4.0	4.0	4,4,4	0,5,14	1.0	28.91390609741211	0.7125634309047314
365.0	31771.0	64.0	1.0	3.0	4,4	0,5	0.0	28.91390609741211	0.7919855689416955
391.0	31773.0	60.0	4.0	3.0	4,4	0,3	1.0	28.91390609741211	0.8036138979380781
7147.0	31774.0	108.0	1.0	6.0	1,4,1,1,4	0,3,10,2,4	0.0	28.91390609741211	0.6746606651108153
3747.0	31775.0	64.0	4.0	3.0	4,4	0,5	1.0	28.91390609741211	0.7919855689416955
7084.0	31776.0	108.0	4.0	5.0	4,4,4,4	0,4,12,6	1.0	28.91390609741211	0.6746606651108153
7210.0	31777.0	102.0	4.0	4.0	3,4,4	0,5,17	1.0	28.91390609741211	0.6895736315261478
363.0	31778.0	64.0	4.0	3.0	4,4	0,5	1.0	28.91390609741211	0.7919855689416955
3719.0	31779.0	69.0	4.0	3.0	4,4	0,6	1.0	28.91390609741211	0.7776864906503078
3594.0	31780.0	63.0	1.0	5.0	1,4,2,2	0,3,18,12	0.0	28.91390609741211	0.7948767806975582
3509.0	31781.0	89.0	4.0	4.0	4,4,4	0,4,13	1.0	28.91390609741211	0.7230256442710982
314.0	31782.0	73.0	4.0	3.0	4,4	0,8	1.0	28.91390609741211	0.7664333323954206
361.0	31783.0	64.0	4.0	3.0	4,4	0,5	1.0	28.91390609741211	0.7919855689416955
3749.0	31784.0	64.0	4.0	3.0	4,4	0,5	1.0	28.91390609741211	0.7919855689416955
337.0	31785.0	69.0	4.0	3.0	1,4	0,6	1.0	28.91390609741211	0.7776864906503078
8408.0	31805.0	47.0	4.0	4.0	4,4,4	0,4,15	1.0	28.91390609741211	0.8425981356276024
8859.0	31806.0	5.0	4.0	2.0	4	0	1.0	28.91390609741211	0.9819452792422783
8864.0	31807.0	5.0	1.0	2.0	4	0	0.0	28.91390609741211	0.9819452792422783
8426.0	31808.0	48.0	1.0	4.0	1,4,4	0,4,13	0.0	28.91390609741211	0.8395333466007339
8320.0	31809.0	2.0	4.0	5.0	4,4,4,1	0,4,14,51	1.0	28.91390609741211	0.9927386138028701
8860.0	31810.0	5.0	1.0	2.0	1	0	0.0	28.91390609741211	0.9819452792422783
8565.0	31811.0	41.0	4.0	4.0	1,4,4	0,4,13	1.0	28.91390609741211	0.8612232583716003
8311.0	31812.0	53.0	4.0	4.0	4,4,4	0,5,15	1.0	28.91390609741211	0.824375806461062
8858.0	31813.0	5.0	4.0	2.0	4	0	1.0	28.91390609741211	0.9819452792422783
8863.0	31814.0	5.0	4.0	2.0	4	0	1.0	28.91390609741211	0.9819452792422783
8861.0	31815.0	5.0	4.0	2.0	4	0	1.0	28.91390609741211	0.9819452792422783
8848.0	31819.0	5.0	4.0	2.0	4	0	1.0	28.91390609741211	0.9819452792422783
8289.0	31820.0	42.0	4.0	4.0	4,4,4	0,3,13	1.0	28.91390609741211	0.8580907240348429
7959.0	31821.0	48.0	4.0	4.0	4,4,4	0,4,14	1.0	28.91390609741211	0.8395333466007339
8870.0	31822.0	5.0	4.0	2.0	4	0	1.0	28.91390609741211	0.9819452792422783
7843.0	31823.0	53.0	4.0	4.0	3,4,4	0,5,15	1.0	28.91390609741211	0.824375806461062
8575.0	31824.0	41.0	4.0	4.0	4,4,4	0,4,13	1.0	28.91390609741211	0.8612232583716003
8625.0	31825.0	2.0	1.0	11.0	1,1,4,1,1,4,4,1,1,1	0,6,2,6,3,2,5,26,2,2	0.0	28.91390609741211	0.9927386138028701
8851.0	31826.0	5.0	1.0	2.0	1	0	0.0	28.91390609741211	0.9819452792422783
8647.0	31827.0	41.0	4.0	4.0	4,4,4	0,3,11	1.0	28.91390609741211	0.8612232583716003
7886.0	31828.0	2.0	4.0	7.0	4,4,4,1,1,1	0,4,11,49,2,2	1.0	28.91390609741211	0.9927386138028701
7970.0	31829.0	48.0	4.0	4.0	4,4,4	0,4,13	1.0	28.91390609741211	0.8395333466007339
8868.0	31830.0	5.0	1.0	2.0	1	0	0.0	28.91390609741211	0.9819452792422783
7979.0	31831.0	47.0	4.0	4.0	4,4,4	0,4,14	1.0	28.91390609741211	0.8425981356276024
8774.0	31832.0	3.0	4.0	8.0	1,1,1,1,1,1,2	0,5,2,3,18,9,2	1.0	28.91390609741211	0.9891277175980433
8002.0	31833.0	47.0	4.0	4.0	4,4,4	0,4,13	1.0	28.91390609741211	0.8425981356276024
8844.0	31839.0	7.0	4.0	5.0	4,4,1,4	0,5,26,2	1.0	28.91390609741211	0.9748149953452515
8502.0	31840.0	7.0	4.0	6.0	1,4,2,1,4	0,5,18,32,2	1.0	28.91390609741211	0.9748149953452515
8600.0	31841.0	7.0	4.0	10.0	4,1,1,4,1,4,4,1,4	0,5,3,2,6,3,6,27,2	1.0	28.91390609741211	0.9748149953452515
8496.0	31842.0	32.0	4.0	6.0	1,4,1,4,4	0,4,15,3,10	1.0	28.91390609741211	0.8899357105666091
8708.0	31843.0	39.0	4.0	4.0	4,4,4	0,4,12	1.0	28.91390609741211	0.8675226755535622
8369.0	31844.0	51.0	1.0	4.0	4,4,4	0,5,15	0.0	28.91390609741211	0.830405702970631
8356.0	31845.0	7.0	4.0	12.0	1,1,1,1,4,4,1,4,4,1,4	0,5,2,2,2,5,13,2,5,26,2	1.0	28.91390609741211	0.9748149953452515
8481.0	31846.0	7.0	4.0	12.0	1,1,1,4,1,2,1,4,4,1,4	0,5,2,2,6,5,3,2,5,26,2	1.0	28.91390609741211	0.9748149953452515
8350.0	31847.0	53.0	1.0	4.0	4,4,4	0,4,16	0.0	28.91390609741211	0.824375806461062
8857.0	31848.0	4.0	4.0	3.0	1,1	0,4	1.0	28.91390609741211	0.985529955335244
8669.0	31849.0	42.0	4.0	4.0	4,4,4	0,4,13	1.0	28.91390609741211	0.8580907240348429
8560.0	31850.0	7.0	4.0	7.0	1,1,4,4,1,4	0,5,3,8,36,2	1.0	28.91390609741211	0.9748149953452515
8304.0	31851.0	56.0	4.0	4.0	4,4,4	0,5,15	1.0	28.91390609741211	0.8154129598878767
8535.0	31852.0	45.0	4.0	4.0	1,4,4	0,4,13	1.0	28.91390609741211	0.8487613193566366
8380.0	31853.0	50.0	4.0	4.0	4,4,4	0,5,15	1.0	28.91390609741211	0.833437170745697
8301.0	31854.0	7.0	4.0	6.0	4,4,4,1,4	0,3,10,54,2	1.0	28.91390609741211	0.9748149953452515
8342.0	31855.0	53.0	4.0	4.0	4,4,4	0,4,16	1.0	28.91390609741211	0.824375806461062
8846.0	31856.0	4.0	4.0	8.0	1,1,1,1,1,1,1	0,4,1,18,9,2,2	1.0	28.91390609741211	0.985529955335244
8718.0	31857.0	7.0	4.0	5.0	1,4,1,4	0,8,36,2	1.0	28.91390609741211	0.9748149953452515
8812.0	31858.0	4.0	4.0	9.0	1,1,1,1,1,1,1,1	0,3,3,1,18,9,2,2	1.0	28.91390609741211	0.985529955335244
8672.0	31859.0	7.0	4.0	8.0	1,1,1,4,4,1,4	0,3,3,2,6,36,2	1.0	28.91390609741211	0.9748149953452515
8860.0	31860.0	3.0	4.0	3.0	1,1	0,5	1.0	28.91390609741211	0.9891277175980433
8449.0	31861.0	7.0	1.0	10.0	4,1,4,4,1,4,1,1,4	0,3,2,5,17,2,21,8,2	0.0	28.91390609741211	0.9748149953452515
8612.0	31862.0	7.0	4.0	7.0	1,1,4,4,1,4	0,5,2,8,36,2	1.0	28.91390609741211	0.9748149953452515
8305.0	31863.0	56.0	4.0	4.0	4,4,4	0,5,15	1.0	28.91390609741211	0.8154129598878767
8426.0	31864.0	3.0	1.0	5.0	1,4,4,1	0,4,13,48	0.0	28.91390609741211	0.9891277175980433
8601.0	31865.0	6.0	1.0	8.0	1,1,4,4,1,1,4	0,3,2,5,33,9,2	0.0	28.91390609741211	0.9783736417207146
8321.0	31866.0	50.0	4.0	6.0	1,1,4,4,4	0,3,2,5,14	1.0	28.91390609741211	0.833437170745697
8510.0	31867.0	45.0	4.0	4.0	4,4,4	0,5,14	1.0	28.91390609741211	0.8487613193566366
8807.0	31868.0	6.0	4.0	7.0	4,1,4,1,1,4	0,6,1,18,9,2	1.0	28.91390609741211	0.9783736417207146
8360.0	31869.0	51.0	1.0	4.0	4,4,4	0,5,15	0.0	28.91390609741211	0.830405702970631
8864.0	31870.0	3.0	4.0	3.0	4,1	0,5	1.0	28.91390609741211	0.9891277175980433
8445.0	31871.0	32.0	4.0	6.0	4,4,1,4,4	0,5,17,3,10	1.0	28.91390609741211	0.8899357105666091
8462.0	31872.0	7.0	4.0	6.0	4,4,4,1,4	0,3,10,44,2	1.0	28.91390609741211	0.9748149953452515
8839.0	31873.0	7.0	4.0	5.0	4,4,1,4	0,5,26,2	1.0	28.91390609741211	0.9748149953452515
8512.0	31874.0	6.0	4.0	6.0	1,4,4,1,4	0,4,11,41,2	1.0	28.91390609741211	0.9783736417207146
8306.0	31875.0	56.0	1.0	4.0	4,4,4	0,5,15	0.0	28.91390609741211	0.8154129598878767
8491.0	31876.0	41.0	4.0	7.0	4,1,1,4,4,4	0,3,2,2,5,12	1.0	28.91390609741211	0.8612232583716003
8318.0	31877.0	7.0	4.0	6.0	4,4,4,1,3	0,4,11,50,2	1.0	28.91390609741211	0.9748149953452515
8837.0	31878.0	7.0	4.0	5.0	4,4,1,4	0,4,27,2	1.0	28.91390609741211	0.9748149953452515
8497.0	31879.0	6.0	1.0	10.0	1,1,4,1,4,4,1,1,4	0,5,2,6,2,5,27,9,2	0.0	28.91390609741211	0.9783736417207146
8293.0	31880.0	55.0	4.0	4.0	3,4,4	0,5,16	1.0	28.91390609741211	0.8183896953587778
8302.0	31881.0	56.0	4.0	4.0	4,4,4	0,5,15	1.0	28.91390609741211	0.8154129598878767
8539.0	31882.0	7.0	1.0	8.0	1,1,1,4,4,1,4	0,4,2,3,9,35,2	0.0	28.91390609741211	0.9748149953452515
8666.0	31883.0	6.0	4.0	10.0	1,1,1,4,1,4,1,1,4	0,3,3,2,6,3,25,9,2	1.0	28.91390609741211	0.9783736417207146
8536.0	31884.0	7.0	4.0	8.0	1,1,1,4,4,1,4	0,4,2,3,9,35,2	1.0	28.91390609741211	0.9748149953452515
8751.0	31885.0	6.0	1.0	8.0	4,1,1,4,2,1,4	0,4,2,3,19,9,2	0.0	28.91390609741211	0.9783736417207146
8548.0	31886.0	6.0	4.0	9.0	1,1,4,1,4,1,1,4	0,5,2,5,5,28,9,2	1.0	28.91390609741211	0.9783736417207146
8679.0	31887.0	6.0	2.0	10.0	1,1,4,1,4,1,1,1,4	0,6,2,6,3,7,18,9,2	1.0	28.91390609741211	0.9783736417207146
8605.0	31888.0	7.0	4.0	7.0	1,1,4,4,1,4	0,4,3,8,36,2	1.0	28.91390609741211	0.9748149953452515
8381.0	31889.0	7.0	4.0	6.0	4,4,4,1,4	0,3,10,48,2	1.0	28.91390609741211	0.9748149953452515
8343.0	31890.0	7.0	4.0	6.0	4,4,4,1,4	0,3,10,51,2	1.0	28.91390609741211	0.9748149953452515
8513.0	31891.0	7.0	4.0	9.0	1,1,4,1,4,4,1,4	0,4,2,7,2,7,33,2	1.0	28.91390609741211	0.9748149953452515
8540.0	31892.0	16.0	4.0	11.0	1,1,4,2,1,1,1,3,4,3	0,4,2,6,9,2,3,1,3,16	1.0	28.91390609741211	0.9433640392587631
8425.0	31893.0	49.0	4.0	4.0	4,4,4	0,4,15	1.0	28.91390609741211	0.8364797051558288
8843.0	31894.0	5.0	4.0	6.0	1,4,1,1,4	0,5,26,2,2	1.0	28.91390609741211	0.9819452792422783
8842.0	31895.0	7.0	4.0	5.0	4,4,1,4	0,4,27,2	1.0	28.91390609741211	0.9748149953452515
8845.0	31896.0	8.0	1.0	5.0	1,1,1,3	0,5,18,9	0.0	28.91390609741211	0.971269292863088
8459.0	31897.0	7.0	4.0	6.0	4,4,4,1,4	0,3,10,44,2	1.0	28.91390609741211	0.9748149953452515
8412.0	31898.0	6.0	4.0	6.0	4,4,4,1,4	0,4,12,45,2	1.0	28.91390609741211	0.9783736417207146
8503.0	31899.0	5.0	4.0	10.0	4,1,4,1,4,4,1,1,4	0,3,2,6,2,7,35,2,2	1.0	28.91390609741211	0.9819452792422783
8389.0	31900.0	50.0	1.0	4.0	4,4,4	0,5,15	0.0	28.91390609741211	0.833437170745697
8411.0	31901.0	51.0	4.0	4.0	4,4,4	0,4,14	1.0	28.91390609741211	0.830405702970631
8687.0	31902.0	6.0	4.0	7.0	4,4,1,1,1,4	0,5,16,18,9,2	1.0	28.91390609741211	0.9783736417207146
8424.0	31903.0	6.0	1.0	9.0	1,4,1,1,4,1,1,4	0,4,14,5,3,25,9,2	0.0	28.91390609741211	0.9783736417207146
8808.0	31904.0	7.0	4.0	5.0	4,4,1,4	0,4,29,2	1.0	28.91390609741211	0.9748149953452515
8521.0	31905.0	6.0	4.0	8.0	1,4,1,4,1,1,4	0,5,16,2,23,9,2	1.0	28.91390609741211	0.9783736417207146
8422.0	31906.0	49.0	4.0	4.0	4,4,4	0,4,15	1.0	28.91390609741211	0.8364797051558288
8814.0	31907.0	5.0	4.0	7.0	1,1,4,1,1,4	0,3,3,27,2,2	1.0	28.91390609741211	0.9819452792422783
8420.0	31908.0	7.0	4.0	9.0	4,1,4,1,4,4,1,4	0,5,2,6,2,8,36,2	1.0	28.91390609741211	0.9748149953452515
8662.0	31909.0	45.0	4.0	4.0	4,4,4	0,3,12	1.0	28.91390609741211	0.8487613193566366
8386.0	31910.0	51.0	4.0	4.0	4,4,4	0,5,14	1.0	28.91390609741211	0.830405702970631
8613.0	31911.0	45.0	4.0	4.0	4,4,4	0,3,12	1.0	28.91390609741211	0.8487613193566366
8520.0	31912.0	6.0	4.0	6.0	4,4,4,1,4	0,3,10,42,2	1.0	28.91390609741211	0.9783736417207146
8489.0	31913.0	6.0	4.0	8.0	1,1,4,4,1,1,4	0,5,2,7,34,9,2	1.0	28.91390609741211	0.9783736417207146
8525.0	31914.0	45.0	1.0	4.0	4,4,4	0,4,14	0.0	28.91390609741211	0.8487613193566366
8370.0	31915.0	51.0	4.0	4.0	4,4,4	0,5,15	1.0	28.91390609741211	0.830405702970631
8752.0	31916.0	7.0	4.0	6.0	4,4,1,4,4	0,4,25,7,2	1.0	28.91390609741211	0.9748149953452515
8468.0	31917.0	7.0	4.0	6.0	1,4,4,1,4	0,3,10,44,2	1.0	28.91390609741211	0.9748149953452515
8836.0	31918.0	5.0	4.0	8.0	1,1,1,1,1,1,4	0,4,1,18,8,2,2	1.0	28.91390609741211	0.9819452792422783
8746.0	31935.0	7.0	1.0	5.0	1,4,1,4	0,6,36,2	0.0	28.91390609741211	0.9748149953452515
8582.0	31936.0	44.0	1.0	4.0	1,4,4	0,4,12	0.0	28.91390609741211	0.851859795895451
8854.0	31937.0	4.0	1.0	3.0	1,1	0,4	0.0	28.91390609741211	0.985529955335244
7865.0	31938.0	56.0	4.0	4.0	4,1,4	0,5,15	1.0	28.91390609741211	0.8154129598878767
7977.0	31939.0	50.0	4.0	4.0	4,4,4	0,4,14	1.0	28.91390609741211	0.833437170745697
8569.0	31940.0	7.0	4.0	8.0	1,4,1,4,4,1,4	0,5,14,2,5,26,2	1.0	28.91390609741211	0.9748149953452515
7957.0	31941.0	49.0	4.0	4.0	1,4,4	0,5,15	1.0	28.91390609741211	0.8364797051558288
7956.0	31942.0	50.0	4.0	4.0	4,4,4	0,4,15	1.0	28.91390609741211	0.833437170745697
8270.0	31943.0	4.0	4.0	5.0	4,4,4,1	0,4,13,41	1.0	28.91390609741211	0.985529955335244
7850.0	31944.0	56.0	4.0	4.0	4,4,4	0,5,15	1.0	28.91390609741211	0.8154129598878767
7922.0	31945.0	53.0	4.0	4.0	4,4,4	0,4,14	1.0	28.91390609741211	0.824375806461062
8694.0	31946.0	7.0	4.0	11.0	4,1,1,1,1,1,1,4,1,4	0,5,2,4,3,2,2,3,26,2	1.0	28.91390609741211	0.9748149953452515
8792.0	31947.0	7.0	4.0	5.0	4,4,1,4	0,4,31,2	1.0	28.91390609741211	0.9748149953452515
8828.0	31948.0	6.0	4.0	6.0	1,1,1,1,4	0,5,18,9,2	1.0	28.91390609741211	0.9783736417207146
8851.0	31949.0	3.0	1.0	3.0	1,1	0,5	0.0	28.91390609741211	0.9891277175980433
7944.0	31950.0	51.0	4.0	4.0	4,4,4	0,4,15	1.0	28.91390609741211	0.830405702970631
8784.0	31951.0	7.0	4.0	7.0	1,1,1,4,1,4	0,4,2,4,26,2	1.0	28.91390609741211	0.9748149953452515
7938.0	31952.0	7.0	4.0	6.0	4,4,4,1,4	0,3,11,47,2	1.0	28.91390609741211	0.9748149953452515
8635.0	31953.0	7.0	4.0	8.0	1,1,1,4,4,1,4	0,4,2,2,6,36,2	1.0	28.91390609741211	0.9748149953452515
7908.0	31954.0	53.0	4.0	4.0	4,4,4	0,4,14	1.0	28.91390609741211	0.824375806461062
8625.0	31955.0	3.0	4.0	12.0	1,1,4,1,1,4,4,1,1,1,1	0,6,2,6,3,2,5,26,2,2,2	1.0	28.91390609741211	0.9891277175980433
8795.0	31956.0	7.0	4.0	5.0	4,4,1,4	0,5,30,2	1.0	28.91390609741211	0.9748149953452515
8587.0	31957.0	45.0	1.0	4.0	1,4,4	0,3,12	0.0	28.91390609741211	0.8487613193566366
8868.0	31958.0	3.0	1.0	3.0	1,1	0,5	0.0	28.91390609741211	0.9891277175980433
8821.0	31959.0	6.0	1.0	7.0	1,1,1,1,1,4	0,3,4,18,9,2	0.0	28.91390609741211	0.9783736417207146
8796.0	31960.0	7.0	4.0	5.0	4,4,1,4	0,4,31,2	1.0	28.91390609741211	0.9748149953452515
8787.0	31961.0	6.0	1.0	6.0	1,4,1,1,4	0,3,24,9,2	0.0	28.91390609741211	0.9783736417207146
8713.0	31962.0	7.0	4.0	7.0	1,1,4,4,1,4	0,4,2,5,35,2	1.0	28.91390609741211	0.9748149953452515
8236.0	31963.0	7.0	4.0	9.0	1,1,1,1,4,4,1,4	0,5,2,2,2,8,36,2	1.0	28.91390609741211	0.9748149953452515
7840.0	31964.0	7.0	4.0	8.0	3,3,4,4,2,1,4	0,18,2,6,23,36,2	1.0	28.91390609741211	0.9748149953452515
7975.0	31965.0	49.0	4.0	4.0	4,4,4	0,4,15	1.0	28.91390609741211	0.8364797051558288
8800.0	31966.0	6.0	4.0	7.0	1,1,1,1,1,4	0,3,4,18,9,2	1.0	28.91390609741211	0.9783736417207146
7859.0	31967.0	7.0	4.0	6.0	4,4,4,1,4	0,3,10,54,2	1.0	28.91390609741211	0.9748149953452515
8747.0	31968.0	7.0	4.0	5.0	4,4,1,4	0,6,36,2	1.0	28.91390609741211	0.9748149953452515
7964.0	31969.0	51.0	4.0	4.0	4,4,4	0,4,14	1.0	28.91390609741211	0.830405702970631
7926.0	31970.0	7.0	4.0	6.0	4,4,4,1,4	0,3,10,48,2	1.0	28.91390609741211	0.9748149953452515
8653.0	31971.0	7.0	4.0	7.0	1,4,1,4,1,4	0,5,14,4,26,2	1.0	28.91390609741211	0.9748149953452515
8783.0	31972.0	6.0	4.0	6.0	4,4,1,1,4	0,3,25,9,2	1.0	28.91390609741211	0.9783736417207146
8227.0	31973.0	7.0	4.0	9.0	4,1,1,1,4,4,1,4	0,5,2,2,2,8,36,2	1.0	28.91390609741211	0.9748149953452515
7894.0	31974.0	53.0	4.0	4.0	4,4,4	0,5,15	1.0	28.91390609741211	0.824375806461062
8577.0	31975.0	7.0	4.0	7.0	1,1,4,4,1,4	0,5,2,8,36,2	1.0	28.91390609741211	0.9748149953452515
7861.0	31976.0	7.0	4.0	7.0	4,4,4,2,1,4	0,3,7,24,33,2	1.0	28.91390609741211	0.9748149953452515
7943.0	31977.0	51.0	4.0	4.0	4,4,4	0,4,15	1.0	28.91390609741211	0.830405702970631
7923.0	31978.0	51.0	4.0	4.0	4,4,4	0,5,15	1.0	28.91390609741211	0.830405702970631
8628.0	31979.0	7.0	4.0	7.0	1,1,4,4,1,4	0,4,2,8,36,2	1.0	28.91390609741211	0.9748149953452515
8644.0	31980.0	5.0	4.0	6.0	4,4,4,1,4	0,3,11,37,2	1.0	28.91390609741211	0.9819452792422783
8584.0	31981.0	7.0	4.0	6.0	1,4,4,1,4	0,3,8,40,2	1.0	28.91390609741211	0.9748149953452515
8615.0	31982.0	45.0	4.0	4.0	4,4,4	0,3,12	1.0	28.91390609741211	0.8487613193566366
8219.0	31983.0	7.0	4.0	6.0	4,4,4,1,4	0,3,9,44,2	1.0	28.91390609741211	0.9748149953452515
7862.0	31984.0	7.0	1.0	6.0	1,4,4,1,4	0,3,11,53,2	0.0	28.91390609741211	0.9748149953452515
8804.0	31985.0	6.0	4.0	5.0	4,4,1,4	0,7,27,2	1.0	28.91390609741211	0.9783736417207146
7974.0	31986.0	49.0	2.0	4.0	4,4,4	0,5,14	1.0	28.91390609741211	0.8364797051558288
7973.0	31987.0	49.0	4.0	4.0	1,4,4	0,4,15	1.0	28.91390609741211	0.8364797051558288
8820.0	31988.0	7.0	4.0	5.0	1,4,1,4	0,4,29,2	1.0	28.91390609741211	0.9748149953452515
8617.0	31989.0	44.0	4.0	4.0	4,4,4	0,3,12	1.0	28.91390609741211	0.851859795895451
7983.0	31990.0	5.0	4.0	10.0	4,1,4,4,1,4,1,1,4	0,5,2,6,17,3,26,2,2	1.0	28.91390609741211	0.9819452792422783
8621.0	31991.0	7.0	4.0	7.0	1,1,4,4,1,4	0,6,2,6,36,2	1.0	28.91390609741211	0.9748149953452515
7851.0	31992.0	55.0	4.0	4.0	4,4,4	0,5,16	1.0	28.91390609741211	0.8183896953587778
8710.0	31993.0	6.0	4.0	6.0	4,4,2,1,4	0,5,15,27,2	1.0	28.91390609741211	0.9783736417207146
7852.0	31994.0	5.0	4.0	13.0	4,1,1,1,4,1,1,4,4,1,1,4	0,3,2,6,2,6,2,2,8,36,2,2	1.0	28.91390609741211	0.9819452792422783
8819.0	31995.0	6.0	4.0	5.0	4,4,1,4	0,7,27,2	1.0	28.91390609741211	0.9783736417207146
8285.0	31996.0	44.0	4.0	4.0	4,4,4	0,4,13	1.0	28.91390609741211	0.851859795895451
8767.0	31997.0	6.0	4.0	6.0	1,4,1,1,4	0,3,25,9,2	1.0	28.91390609741211	0.9783736417207146
8803.0	31998.0	5.0	1.0	6.0	1,4,1,1,4	0,4,29,2,2	0.0	28.91390609741211	0.9819452792422783
7868.0	31999.0	6.0	4.0	8.0	4,4,1,4,4,1,4	0,5,18,2,7,34,2	1.0	28.91390609741211	0.9783736417207146
8003.0	32000.0	6.0	2.0	8.0	4,1,4,4,1,1,4	0,5,2,7,36,9,2	1.0	28.91390609741211	0.9783736417207146
8748.0	32001.0	7.0	4.0	5.0	4,4,1,4	0,6,36,2	1.0	28.91390609741211	0.9748149953452515
8193.0	32002.0	7.0	4.0	7.0	4,4,1,4,1,4	0,4,12,5,36,2	1.0	28.91390609741211	0.9748149953452515
8701.0	32003.0	7.0	4.0	6.0	4,4,4,1,4	0,3,8,36,2	1.0	28.91390609741211	0.9748149953452515
8785.0	32004.0	7.0	4.0	5.0	4,4,1,4	0,4,32,2	1.0	28.91390609741211	0.9748149953452515
8618.0	32005.0	7.0	4.0	7.0	1,1,4,4,1,4	0,3,3,8,36,2	1.0	28.91390609741211	0.9748149953452515
7987.0	32006.0	49.0	4.0	4.0	4,4,4	0,4,14	1.0	28.91390609741211	0.8364797051558288
8281.0	32007.0	6.0	4.0	7.0	4,1,4,4,1,4	0,5,3,9,36,2	1.0	28.91390609741211	0.9783736417207146
7961.0	32008.0	6.0	4.0	8.0	2,4,1,4,1,1,4	0,5,19,3,25,9,2	1.0	28.91390609741211	0.9783736417207146
7953.0	32009.0	6.0	1.0	8.0	4,4,1,4,1,1,4	0,5,19,3,25,9,2	0.0	28.91390609741211	0.9783736417207146
8642.0	32010.0	6.0	1.0	9.0	1,1,4,1,4,1,1,4	0,5,2,6,3,25,9,2	0.0	28.91390609741211	0.9783736417207146
8319.0	32027.0	54.0	4.0	4.0	4,4,4	0,5,16	1.0	28.91390609741211	0.8213772976597389
8366.0	32028.0	52.0	4.0	4.0	4,4,4	0,4,16	1.0	28.91390609741211	0.8273852615778692
8670.0	32029.0	5.0	4.0	7.0	4,4,1,1,1,4	0,6,36,9,2,2	1.0	28.91390609741211	0.9819452792422783
8501.0	32030.0	10.0	4.0	12.0	1,1,1,1,1,1,1,1,4,4,2	0,4,2,2,3,2,2,4,3,6,27	1.0	28.91390609741211	0.9642165314261959
8421.0	32031.0	7.0	4.0	6.0	4,4,4,1,4	0,4,13,43,2	1.0	28.91390609741211	0.9748149953452515
8660.0	32032.0	5.0	4.0	11.0	1,1,1,4,1,4,4,1,1,4	0,3,2,2,8,3,7,27,2,2	1.0	28.91390609741211	0.9819452792422783
8564.0	32033.0	46.0	4.0	4.0	4,4,4	0,3,13	1.0	28.91390609741211	0.8456741129316458
8375.0	32034.0	6.0	4.0	7.0	1,4,4,1,1,4	0,3,10,48,2,2	1.0	28.91390609741211	0.9783736417207146
8704.0	32035.0	40.0	4.0	4.0	4,4,4	0,4,12	1.0	28.91390609741211	0.8643672282956403
8561.0	32036.0	46.0	4.0	4.0	4,4,4	0,3,13	1.0	28.91390609741211	0.8456741129316458
8407.0	32037.0	7.0	4.0	6.0	4,4,4,1,4	0,4,12,45,2	1.0	28.91390609741211	0.9748149953452515
8368.0	32038.0	52.0	4.0	4.0	4,4,4	0,5,15	1.0	28.91390609741211	0.8273852615778692
8337.0	32039.0	54.0	4.0	4.0	4,4,4	0,5,15	1.0	28.91390609741211	0.8213772976597389
8668.0	32040.0	6.0	4.0	8.0	1,1,4,4,1,1,4	0,3,3,8,36,2,2	1.0	28.91390609741211	0.9783736417207146
8549.0	32041.0	46.0	1.0	4.0	4,4,4	0,4,13	0.0	28.91390609741211	0.8456741129316458
8813.0	32042.0	5.0	4.0	8.0	1,1,1,1,1,1,4	0,6,1,18,9,2,2	1.0	28.91390609741211	0.9819452792422783
8448.0	32043.0	7.0	4.0	6.0	4,4,4,1,4	0,3,11,45,2	1.0	28.91390609741211	0.9748149953452515
8413.0	32044.0	51.0	4.0	4.0	4,4,4	0,4,15	1.0	28.91390609741211	0.830405702970631
7877.0	32046.0	7.0	4.0	6.0	1,4,4,1,4	0,4,14,48,2	1.0	28.91390609741211	0.9748149953452515
8641.0	32047.0	5.0	4.0	8.0	1,4,1,2,1,1,4	0,5,18,18,9,2,2	1.0	28.91390609741211	0.9819452792422783
8261.0	32048.0	46.0	4.0	4.0	1,4,4	0,3,14	1.0	28.91390609741211	0.8456741129316458
8782.0	32049.0	5.0	4.0	10.0	1,1,1,1,1,1,1,1,4	0,3,2,2,3,18,9,2,2	1.0	28.91390609741211	0.9819452792422783
8744.0	32050.0	6.0	4.0	6.0	4,4,1,1,4	0,6,36,2,2	1.0	28.91390609741211	0.9783736417207146
8626.0	32051.0	43.0	4.0	4.0	1,4,4	0,4,13	1.0	28.91390609741211	0.8549695836906135
7948.0	32052.0	5.0	4.0	7.0	4,4,4,1,1,4	0,3,11,47,2,2	1.0	28.91390609741211	0.9819452792422783
8287.0	32053.0	5.0	4.0	11.0	1,1,1,4,1,4,4,1,1,4	0,3,2,3,8,3,7,27,2,2	1.0	28.91390609741211	0.9819452792422783
7958.0	32054.0	51.0	4.0	4.0	4,4,4	0,5,14	1.0	28.91390609741211	0.830405702970631
8797.0	32055.0	5.0	4.0	8.0	1,1,1,1,1,1,4	0,5,4,18,9,2,2	1.0	28.91390609741211	0.9819452792422783
8260.0	32056.0	5.0	4.0	10.0	1,1,4,1,4,1,1,1,4	0,5,2,6,5,28,9,2,2	1.0	28.91390609741211	0.9819452792422783
8216.0	32057.0	6.0	4.0	9.0	1,1,1,4,4,1,1,4	0,3,2,2,7,42,2,2	1.0	28.91390609741211	0.9783736417207146
8805.0	32058.0	6.0	4.0	7.0	1,1,4,1,1,4	0,3,4,26,2,2	1.0	28.91390609741211	0.9783736417207146
7876.0	32059.0	54.0	4.0	4.0	4,4,4	0,5,16	1.0	28.91390609741211	0.8213772976597389
8779.0	32060.0	5.0	1.0	9.0	1,1,1,1,1,1,1,4	0,4,2,4,18,9,2,2	0.0	28.91390609741211	0.9819452792422783
8405.0	32062.0	51.0	4.0	4.0	4,4,4	0,5,15	1.0	28.91390609741211	0.830405702970631
8382.0	32063.0	52.0	4.0	4.0	4,4,4	0,5,15	1.0	28.91390609741211	0.8273852615778692
8680.0	32064.0	7.0	4.0	6.0	4,4,4,1,4	0,3,11,38,2	1.0	28.91390609741211	0.9748149953452515
8360.0	32065.0	2.0	4.0	5.0	4,4,4,1	0,5,15,51	1.0	28.91390609741211	0.9927386138028701
8446.0	32066.0	7.0	4.0	7.0	4,4,4,1,1,4	0,3,11,44,2,2	1.0	28.91390609741211	0.9748149953452515
8426.0	32067.0	2.0	2.0	6.0	1,4,4,1,1	0,4,13,48,3	1.0	28.91390609741211	0.9927386138028701
8363.0	32068.0	7.0	4.0	7.0	4,4,4,1,1,4	0,3,9,50,2,2	1.0	28.91390609741211	0.9748149953452515
8449.0	32069.0	2.0	4.0	11.0	4,1,4,4,1,4,1,1,4,1	0,3,2,5,17,2,21,8,2,7	1.0	28.91390609741211	0.9927386138028701
8525.0	32070.0	2.0	4.0	5.0	4,4,4,1	0,4,14,45	1.0	28.91390609741211	0.9927386138028701
8688.0	32071.0	7.0	4.0	6.0	4,4,4,1,4	0,3,11,35,2	1.0	28.91390609741211	0.9748149953452515
8751.0	32072.0	2.0	4.0	9.0	4,1,1,4,2,1,4,1	0,4,2,3,19,9,2,6	1.0	28.91390609741211	0.9927386138028701
8369.0	32073.0	2.0	4.0	5.0	4,4,4,1	0,5,15,51	1.0	28.91390609741211	0.9927386138028701
8845.0	32074.0	2.0	4.0	6.0	1,1,1,3,1	0,5,18,9,8	1.0	28.91390609741211	0.9927386138028701
8595.0	32075.0	7.0	4.0	6.0	1,4,4,1,4	0,4,12,38,2	1.0	28.91390609741211	0.9748149953452515
8350.0	32076.0	2.0	4.0	5.0	4,4,4,1	0,4,16,53	1.0	28.91390609741211	0.9927386138028701
8389.0	32077.0	2.0	4.0	5.0	4,4,4,1	0,5,15,50	1.0	28.91390609741211	0.9927386138028701
8306.0	32078.0	2.0	1.0	5.0	4,4,4,1	0,5,15,56	0.0	28.91390609741211	0.9927386138028701
8539.0	32079.0	2.0	4.0	9.0	1,1,1,4,4,1,4,1	0,4,2,3,9,35,2,7	1.0	28.91390609741211	0.9927386138028701
8497.0	32080.0	2.0	4.0	11.0	1,1,4,1,4,4,1,1,4,1	0,5,2,6,2,5,27,9,2,6	1.0	28.91390609741211	0.9927386138028701
8490.0	32081.0	47.0	4.0	4.0	4,4,4	0,5,15	1.0	28.91390609741211	0.8425981356276024
8601.0	32082.0	2.0	1.0	9.0	1,1,4,4,1,1,4,1	0,3,2,5,33,9,2,6	0.0	28.91390609741211	0.9927386138028701
8424.0	32083.0	2.0	4.0	10.0	1,4,1,1,4,1,1,4,1	0,4,14,5,3,25,9,2,6	1.0	28.91390609741211	0.9927386138028701
8240.0	32086.0	47.0	4.0	4.0	4,4,4	0,4,15	1.0	28.91390609741211	0.8425981356276024
8868.0	32087.0	2.0	1.0	4.0	1,1,1	0,5,3	0.0	28.91390609741211	0.9927386138028701
7984.0	32088.0	52.0	4.0	4.0	4,4,4	0,4,14	1.0	28.91390609741211	0.8273852615778692
8851.0	32089.0	2.0	1.0	4.0	1,1,1	0,5,3	0.0	28.91390609741211	0.9927386138028701
8582.0	32090.0	2.0	4.0	5.0	1,4,4,1	0,4,12,44	1.0	28.91390609741211	0.9927386138028701
8568.0	32091.0	7.0	4.0	6.0	4,4,4,1,4	0,4,12,38,2	1.0	28.91390609741211	0.9748149953452515
7860.0	32092.0	57.0	4.0	4.0	4,4,4	0,5,16	1.0	28.91390609741211	0.8124470517210263
8816.0	32093.0	6.0	4.0	6.0	4,4,1,1,4	0,7,27,2,2	1.0	28.91390609741211	0.9783736417207146
8803.0	32094.0	2.0	4.0	7.0	1,4,1,1,4,1	0,4,29,2,2,5	1.0	28.91390609741211	0.9927386138028701
7965.0	32095.0	52.0	4.0	4.0	4,4,4	0,4,15	1.0	28.91390609741211	0.8273852615778692
7862.0	32096.0	2.0	4.0	7.0	1,4,4,1,4,1	0,3,11,53,2,7	1.0	28.91390609741211	0.9927386138028701
8640.0	32097.0	44.0	1.0	4.0	4,4,4	0,4,13	0.0	28.91390609741211	0.851859795895451
8821.0	32098.0	2.0	4.0	8.0	1,1,1,1,1,4,1	0,3,4,18,9,2,6	1.0	28.91390609741211	0.9927386138028701
8587.0	32099.0	2.0	4.0	5.0	1,4,4,1	0,3,12,45	1.0	28.91390609741211	0.9927386138028701
7891.0	32100.0	55.0	4.0	4.0	4,4,4	0,5,15	1.0	28.91390609741211	0.8183896953587778
8282.0	32101.0	46.0	4.0	4.0	4,4,4	0,4,13	1.0	28.91390609741211	0.8456741129316458
7962.0	32102.0	51.0	4.0	4.0	4,4,4	0,5,15	1.0	28.91390609741211	0.830405702970631
8746.0	32103.0	2.0	4.0	6.0	1,4,1,4,1	0,6,36,2,7	1.0	28.91390609741211	0.9927386138028701
7925.0	32104.0	52.0	4.0	4.0	4,4,4	0,5,16	1.0	28.91390609741211	0.8273852615778692
7934.0	32105.0	51.0	4.0	4.0	4,4,4	0,5,16	1.0	28.91390609741211	0.830405702970631
8268.0	32106.0	47.0	4.0	4.0	4,4,4	0,4,13	1.0	28.91390609741211	0.8425981356276024
8642.0	32107.0	2.0	4.0	10.0	1,1,4,1,4,1,1,4,1	0,5,2,6,3,25,9,2,6	1.0	28.91390609741211	0.9927386138028701
7912.0	32108.0	53.0	4.0	4.0	4,4,4	0,5,15	1.0	28.91390609741211	0.824375806461062
7867.0	32109.0	55.0	4.0	4.0	4,4,4	0,5,16	1.0	28.91390609741211	0.8183896953587778
7953.0	32110.0	2.0	4.0	9.0	4,4,1,4,1,1,4,1	0,5,19,3,25,9,2,6	1.0	28.91390609741211	0.9927386138028701
8695.0	32111.0	7.0	4.0	6.0	4,4,4,1,4	0,3,9,37,2	1.0	28.91390609741211	0.9748149953452515
7940.0	32112.0	53.0	4.0	4.0	4,4,4	0,4,15	1.0	28.91390609741211	0.824375806461062
7924.0	32113.0	53.0	4.0	4.0	4,4,4	0,4,16	1.0	28.91390609741211	0.824375806461062
8854.0	32114.0	2.0	1.0	4.0	1,1,1	0,4,4	0.0	28.91390609741211	0.9927386138028701
8787.0	32115.0	2.0	4.0	7.0	1,4,1,1,4,1	0,3,24,9,2,6	1.0	28.91390609741211	0.9927386138028701
8549.0	32120.0	2.0	4.0	5.0	4,4,4,1	0,4,13,46	1.0	28.91390609741211	0.9927386138028701
8685.0	32121.0	11.0	4.0	7.0	4,1,4,4,1,3	0,3,2,6,28,9	1.0	28.91390609741211	0.9607093788227318
8338.0	32122.0	54.0	4.0	4.0	4,4,4	0,5,17	1.0	28.91390609741211	0.8213772976597389
8716.0	32123.0	20.0	1.0	6.0	4,1,4,1,3	0,4,4,10,18	0.0	28.91390609741211	0.9297135194755641
8373.0	32124.0	54.0	2.0	4.0	4,4,4	0,5,15	1.0	28.91390609741211	0.8213772976597389
8563.0	32125.0	20.0	2.0	7.0	1,1,1,4,4,2	0,5,3,2,6,28	1.0	28.91390609741211	0.9297135194755641
8427.0	32126.0	52.0	4.0	4.0	4,4,4	0,4,15	1.0	28.91390609741211	0.8273852615778692
8578.0	32128.0	45.0	4.0	4.0	1,4,4	0,4,14	1.0	28.91390609741211	0.8487613193566366
7886.0	32129.0	6.0	4.0	8.0	4,4,4,1,1,1,4	0,4,11,49,2,2,2	1.0	28.91390609741211	0.9783736417207146
8774.0	32130.0	6.0	4.0	9.0	1,1,1,1,1,1,2,4	0,5,2,3,18,9,2,3	1.0	28.91390609741211	0.9783736417207146
8779.0	32131.0	2.0	1.0	10.0	1,1,1,1,1,1,1,4,1	0,4,2,4,18,9,2,2,5	0.0	28.91390609741211	0.9927386138028701
8721.0	32132.0	41.0	4.0	4.0	4,4,4	0,4,13	1.0	28.91390609741211	0.8612232583716003
8533.0	32133.0	49.0	4.0	4.0	4,4,4	0,4,15	1.0	28.91390609741211	0.8364797051558288
8402.0	32134.0	54.0	4.0	4.0	4,4,4	0,5,15	1.0	28.91390609741211	0.8213772976597389
8306.0	32135.0	3.0	4.0	6.0	4,4,4,1,1	0,5,15,56,2	1.0	28.91390609741211	0.9891277175980433
8518.0	32136.0	49.0	1.0	4.0	4,4,4	0,4,15	0.0	28.91390609741211	0.8364797051558288
8355.0	32137.0	56.0	4.0	4.0	4,4,4	0,5,15	1.0	28.91390609741211	0.8154129598878767
8601.0	32138.0	3.0	4.0	10.0	1,1,4,4,1,1,4,1,1	0,3,2,5,33,9,2,6,2	1.0	28.91390609741211	0.9891277175980433
8320.0	32139.0	8.0	4.0	6.0	4,4,4,1,4	0,4,14,51,2	1.0	28.91390609741211	0.971269292863088
8716.0	32140.0	2.0	4.0	7.0	4,1,4,1,3,1	0,4,4,10,18,20	1.0	28.91390609741211	0.9927386138028701
8867.0	32141.0	10.0	4.0	3.0	4,4	0,3	1.0	28.91390609741211	0.9642165314261959
8499.0	32142.0	50.0	4.0	4.0	4,4,4	0,5,14	1.0	28.91390609741211	0.833437170745697
8300.0	32143.0	58.0	1.0	4.0	1,4,4	0,5,18	0.0	28.91390609741211	0.809491931475986
8426.0	32144.0	3.0	1.0	7.0	1,4,4,1,1,2	0,4,13,48,3,2	0.0	28.91390609741211	0.9891277175980433
8226.0	32148.0	50.0	4.0	4.0	4,4,4	0,4,15	1.0	28.91390609741211	0.833437170745697
8854.0	32149.0	3.0	1.0	5.0	1,1,1,1	0,4,4,2	0.0	28.91390609741211	0.9891277175980433
8869.0	32150.0	10.0	4.0	3.0	4,4	0,3	1.0	28.91390609741211	0.9642165314261959
8214.0	32151.0	13.0	1.0	7.0	4,4,1,4,1,3	0,4,16,3,25,9	0.0	28.91390609741211	0.9537332969998952
7907.0	32152.0	55.0	4.0	4.0	4,4,4	0,5,16	1.0	28.91390609741211	0.8183896953587778
8624.0	32153.0	47.0	4.0	4.0	4,4,4	0,4,13	1.0	28.91390609741211	0.8425981356276024
8853.0	32154.0	10.0	4.0	3.0	4,4	0,3	1.0	28.91390609741211	0.9642165314261959
8233.0	32155.0	13.0	1.0	8.0	1,3,1,1,4,1,3	0,4,10,5,3,25,9	0.0	28.91390609741211	0.9537332969998952
8851.0	32156.0	3.0	4.0	5.0	1,1,1,1	0,5,3,2	1.0	28.91390609741211	0.9891277175980433
7853.0	32157.0	60.0	4.0	4.0	4,4,4	0,5,16	1.0	28.91390609741211	0.8036138979380781
8640.0	32158.0	3.0	4.0	5.0	4,4,4,1	0,4,13,44	1.0	28.91390609741211	0.9891277175980433
8868.0	32159.0	3.0	4.0	5.0	1,1,1,1	0,5,3,2	1.0	28.91390609741211	0.9891277175980433
7890.0	32160.0	56.0	4.0	4.0	4,4,4	0,5,17	1.0	28.91390609741211	0.8154129598878767
7897.0	32161.0	56.0	4.0	4.0	4,4,4	0,5,17	1.0	28.91390609741211	0.8154129598878767
8235.0	32162.0	22.0	4.0	6.0	4,1,4,4,2	0,5,2,6,34	1.0	28.91390609741211	0.9229625105579592
8223.0	32163.0	50.0	1.0	4.0	1,4,4	0,4,15	0.0	28.91390609741211	0.833437170745697
7893.0	32164.0	56.0	4.0	4.0	4,4,4	0,5,17	1.0	28.91390609741211	0.8154129598878767
8596.0	32169.0	14.0	4.0	13.0	1,1,1,1,1,4,1,4,1,4,2,4	0,4,2,2,2,2,5,2,6,1,18,9	1.0	28.91390609741211	0.9502642751499627
8335.0	32170.0	57.0	4.0	4.0	4,4,4	0,5,17	1.0	28.91390609741211	0.8124470517210263
8593.0	32171.0	23.0	4.0	6.0	4,1,4,4,2	0,3,2,6,33	1.0	28.91390609741211	0.9196054115389088
8298.0	32172.0	59.0	4.0	4.0	4,4,4	0,5,18	1.0	28.91390609741211	0.8065475599137603
8341.0	32173.0	57.0	4.0	4.0	4,4,4	0,5,17	1.0	28.91390609741211	0.8124470517210263
8252.0	32174.0	50.0	4.0	4.0	4,4,4	0,4,15	1.0	28.91390609741211	0.833437170745697
8244.0	32175.0	50.0	4.0	4.0	4,4,4	0,4,15	1.0	28.91390609741211	0.833437170745697
8269.0	32176.0	48.0	4.0	4.0	4,4,4	0,5,15	1.0	28.91390609741211	0.8395333466007339
8591.0	32177.0	14.0	4.0	7.0	1,4,1,4,1,3	0,3,12,3,25,9	1.0	28.91390609741211	0.9502642751499627
8625.0	32178.0	6.0	4.0	13.0	1,1,4,1,1,4,4,1,1,1,1,4	0,6,2,6,3,2,5,26,2,2,2,3	1.0	28.91390609741211	0.9783736417207146
8850.0	32179.0	11.0	1.0	3.0	4,4	0,3	0.0	28.91390609741211	0.9607093788227318
8262.0	32180.0	50.0	4.0	4.0	4,4,4	0,4,14	1.0	28.91390609741211	0.833437170745697
8845.0	32182.0	5.0	4.0	7.0	1,1,1,3,1,4	0,5,18,9,8,2	1.0	28.91390609741211	0.9819452792422783
8300.0	32183.0	2.0	4.0	5.0	1,4,4,1	0,5,18,58	1.0	28.91390609741211	0.9927386138028701
8424.0	32184.0	5.0	4.0	11.0	1,4,1,1,4,1,1,4,1,4	0,4,14,5,3,25,9,2,6,2	1.0	28.91390609741211	0.9819452792422783
8349.0	32185.0	58.0	4.0	4.0	4,4,4	0,5,17	1.0	28.91390609741211	0.809491931475986
8865.0	32186.0	11.0	4.0	3.0	4,4	0,4	1.0	28.91390609741211	0.9607093788227318
8679.0	32187.0	7.0	4.0	11.0	1,1,4,1,4,1,1,1,4,2	0,6,2,6,3,7,18,9,2,6	1.0	28.91390609741211	0.9748149953452515
8810.0	32188.0	16.0	4.0	4.0	4,4,2	0,4,29	1.0	28.91390609741211	0.9433640392587631
8594.0	32189.0	49.0	1.0	4.0	1,4,4	0,4,15	0.0	28.91390609741211	0.8364797051558288
8661.0	32190.0	48.0	4.0	4.0	4,4,4	0,5,14	1.0	28.91390609741211	0.8395333466007339
8751.0	32191.0	5.0	4.0	10.0	4,1,1,4,2,1,4,1,4	0,4,2,3,19,9,2,6,2	1.0	28.91390609741211	0.9819452792422783
8473.0	32192.0	52.0	4.0	4.0	4,4,4	0,5,16	1.0	28.91390609741211	0.8273852615778692
8629.0	32193.0	49.0	4.0	4.0	1,4,4	0,4,14	1.0	28.91390609741211	0.8364797051558288
8309.0	32194.0	60.0	4.0	4.0	4,4,4	0,5,18	1.0	28.91390609741211	0.8036138979380781
8426.0	32195.0	2.0	1.0	8.0	1,4,4,1,1,2,1	0,4,13,48,3,2,3	0.0	28.91390609741211	0.9927386138028701
8312.0	32196.0	60.0	4.0	4.0	4,4,4	0,5,18	1.0	28.91390609741211	0.8036138979380781
8862.0	32197.0	11.0	4.0	3.0	1,4	0,4	1.0	28.91390609741211	0.9607093788227318
8812.0	32198.0	7.0	1.0	10.0	1,1,1,1,1,1,1,1,4	0,3,3,1,18,9,2,2,4	0.0	28.91390609741211	0.9748149953452515
8497.0	32199.0	5.0	1.0	12.0	1,1,4,1,4,4,1,1,4,1,4	0,5,2,6,2,5,27,9,2,6,2	0.0	28.91390609741211	0.9819452792422783
8475.0	32200.0	52.0	4.0	4.0	4,4,4	0,4,16	1.0	28.91390609741211	0.8273852615778692
8518.0	32201.0	2.0	1.0	5.0	4,4,4,1	0,4,15,49	0.0	28.91390609741211	0.9927386138028701
8350.0	32207.0	6.0	4.0	6.0	4,4,4,1,4	0,4,16,53,2	1.0	28.91390609741211	0.9783736417207146
8389.0	32208.0	6.0	4.0	6.0	4,4,4,1,4	0,5,15,50,2	1.0	28.91390609741211	0.9783736417207146
8860.0	32209.0	8.0	4.0	4.0	1,1,4	0,5,3	1.0	28.91390609741211	0.971269292863088
8530.0	32210.0	52.0	1.0	4.0	1,4,4	0,4,15	0.0	28.91390609741211	0.8273852615778692
8466.0	32211.0	53.0	4.0	4.0	4,4,4	0,5,16	1.0	28.91390609741211	0.824375806461062
8559.0	32212.0	50.0	4.0	4.0	4,4,4	0,4,15	1.0	28.91390609741211	0.833437170745697
8546.0	32213.0	52.0	4.0	4.0	4,4,4	0,4,14	1.0	28.91390609741211	0.8273852615778692
8331.0	32214.0	59.0	4.0	4.0	4,4,4	0,5,18	1.0	28.91390609741211	0.8065475599137603
8493.0	32215.0	25.0	4.0	6.0	4,1,4,4,2	0,5,2,7,34	1.0	28.91390609741211	0.9129278014967542
8449.0	32216.0	6.0	1.0	12.0	4,1,4,4,1,4,1,1,4,1,4	0,3,2,5,17,2,21,8,2,7,2	0.0	28.91390609741211	0.9783736417207146
8506.0	32217.0	52.0	4.0	4.0	1,4,4	0,5,15	1.0	28.91390609741211	0.8273852615778692
8539.0	32218.0	6.0	4.0	10.0	1,1,1,4,4,1,4,1,4	0,4,2,3,9,35,2,7,2	1.0	28.91390609741211	0.9783736417207146
8223.0	32221.0	3.0	4.0	5.0	1,4,4,1	0,4,15,50	1.0	28.91390609741211	0.9891277175980433
8012.0	32222.0	53.0	1.0	4.0	2,4,4	0,5,16	0.0	28.91390609741211	0.824375806461062
8803.0	32223.0	6.0	4.0	8.0	1,4,1,1,4,1,4	0,4,29,2,2,5,2	1.0	28.91390609741211	0.9783736417207146
8214.0	32224.0	3.0	4.0	8.0	4,4,1,4,1,3,1	0,4,16,3,25,9,13	1.0	28.91390609741211	0.9891277175980433
8642.0	32225.0	6.0	1.0	11.0	1,1,4,1,4,1,1,4,1,4	0,5,2,6,3,25,9,2,6,2	0.0	28.91390609741211	0.9783736417207146
8571.0	32226.0	49.0	4.0	4.0	4,4,4	0,5,15	1.0	28.91390609741211	0.8364797051558288
8570.0	32227.0	49.0	1.0	4.0	4,4,4	0,5,15	0.0	28.91390609741211	0.8364797051558288
8266.0	32228.0	52.0	4.0	4.0	4,4,4	0,4,14	1.0	28.91390609741211	0.8273852615778692
8821.0	32229.0	6.0	4.0	9.0	1,1,1,1,1,4,1,4	0,3,4,18,9,2,6,2	1.0	28.91390609741211	0.9783736417207146
8854.0	32230.0	3.0	4.0	6.0	1,1,1,1,1	0,4,4,2,3	1.0	28.91390609741211	0.9891277175980433
8616.0	32231.0	50.0	4.0	4.0	4,4,4	0,4,14	1.0	28.91390609741211	0.833437170745697
8003.0	32232.0	8.0	2.0	9.0	4,1,4,4,1,1,4,2	0,5,2,7,36,9,2,6	1.0	28.91390609741211	0.971269292863088
8286.0	32233.0	50.0	4.0	4.0	4,4,4	0,5,14	1.0	28.91390609741211	0.833437170745697
8787.0	32234.0	6.0	4.0	8.0	1,4,1,1,4,1,4	0,3,24,9,2,6,2	1.0	28.91390609741211	0.9783736417207146
8233.0	32235.0	3.0	4.0	9.0	1,3,1,1,4,1,3,1	0,4,10,5,3,25,9,13	1.0	28.91390609741211	0.9891277175980433
8222.0	32236.0	53.0	4.0	4.0	4,4,4	0,4,15	1.0	28.91390609741211	0.824375806461062
8273.0	32237.0	50.0	4.0	4.0	4,4,4	0,5,15	1.0	28.91390609741211	0.833437170745697
8587.0	32238.0	6.0	4.0	6.0	1,4,4,1,4	0,3,12,45,2	1.0	28.91390609741211	0.9783736417207146
8871.0	32239.0	12.0	4.0	3.0	4,4	0,4	1.0	28.91390609741211	0.9572149828138532
7953.0	32240.0	6.0	4.0	10.0	4,4,1,4,1,1,4,1,4	0,5,19,3,25,9,2,6,2	1.0	28.91390609741211	0.9783736417207146
8573.0	32241.0	50.0	4.0	4.0	1,4,4	0,4,15	1.0	28.91390609741211	0.833437170745697
8277.0	32242.0	50.0	4.0	4.0	4,4,4	0,5,15	1.0	28.91390609741211	0.833437170745697
8850.0	32243.0	2.0	4.0	4.0	4,4,1	0,3,11	1.0	28.91390609741211	0.9927386138028701
7848.0	32244.0	61.0	4.0	4.0	4,4,4	0,5,18	1.0	28.91390609741211	0.8006909065948736
7838.0	32245.0	65.0	2.0	4.0	3,3,4	0,18,19	1.0	28.91390609741211	0.7891048734137819
8746.0	32246.0	6.0	1.0	7.0	1,4,1,4,1,4	0,6,36,2,7,2	0.0	28.91390609741211	0.9783736417207146
8441.0	32251.0	56.0	4.0	4.0	4,4,4	0,5,17	1.0	28.91390609741211	0.8154129598878767
8476.0	32252.0	56.0	1.0	4.0	4,4,4	0,4,16	0.0	28.91390609741211	0.8154129598878767
8444.0	32253.0	56.0	4.0	4.0	4,4,4	0,5,17	1.0	28.91390609741211	0.8154129598878767
8594.0	32254.0	4.0	4.0	5.0	1,4,4,1	0,4,15,49	1.0	28.91390609741211	0.985529955335244
8509.0	32255.0	49.0	4.0	6.0	1,1,4,4,4	0,4,2,5,15	1.0	28.91390609741211	0.8364797051558288
8497.0	32256.0	4.0	1.0	13.0	1,1,4,1,4,4,1,1,4,1,4,1	0,5,2,6,2,5,27,9,2,6,2,5	0.0	28.91390609741211	0.985529955335244
8517.0	32257.0	28.0	1.0	6.0	1,1,4,4,2	0,3,2,7,34	0.0	28.91390609741211	0.903002192626284
8492.0	32258.0	56.0	4.0	4.0	4,4,4	0,4,16	1.0	28.91390609741211	0.8154129598878767
8864.0	32259.0	11.0	4.0	4.0	4,1,4	0,5,3	1.0	28.91390609741211	0.9607093788227318
8525.0	32260.0	9.0	4.0	6.0	4,4,4,1,4	0,4,14,45,2	1.0	28.91390609741211	0.9677364871932962
8360.0	32261.0	9.0	4.0	6.0	4,4,4,1,4	0,5,15,51,2	1.0	28.91390609741211	0.9677364871932962
8369.0	32262.0	9.0	4.0	6.0	4,4,4,1,4	0,5,15,51,2	1.0	28.91390609741211	0.9677364871932962
8470.0	32263.0	49.0	1.0	7.0	1,1,1,4,4,4	0,3,2,2,6,15	0.0	28.91390609741211	0.8364797051558288
8846.0	32264.0	11.0	4.0	9.0	1,1,1,1,1,1,1,4	0,4,1,18,9,2,2,4	1.0	28.91390609741211	0.9607093788227318
8812.0	32265.0	4.0	1.0	11.0	1,1,1,1,1,1,1,1,4,1	0,3,3,1,18,9,2,2,4,7	0.0	28.91390609741211	0.985529955335244
8426.0	32266.0	4.0	4.0	9.0	1,4,4,1,1,2,1,1	0,4,13,48,3,2,3,2	1.0	28.91390609741211	0.985529955335244
8632.0	32267.0	51.0	4.0	4.0	4,4,4	0,5,15	1.0	28.91390609741211	0.830405702970631
8518.0	32268.0	4.0	1.0	6.0	4,4,4,1,1	0,4,15,49,2	0.0	28.91390609741211	0.985529955335244
8530.0	32269.0	3.0	4.0	5.0	1,4,4,1	0,4,15,52	1.0	28.91390609741211	0.9891277175980433
8478.0	32270.0	56.0	4.0	4.0	4,4,4	0,4,16	1.0	28.91390609741211	0.8154129598878767
8716.0	32271.0	6.0	4.0	8.0	4,1,4,1,3,1,4	0,4,4,10,18,20,2	1.0	28.91390609741211	0.9783736417207146
8631.0	32272.0	53.0	4.0	4.0	1,4,4	0,4,14	1.0	28.91390609741211	0.824375806461062
8549.0	32273.0	8.0	4.0	6.0	4,4,4,1,4	0,4,13,46,2	1.0	28.91390609741211	0.971269292863088
8866.0	32274.0	15.0	4.0	3.0	4,4	0,4	1.0	28.91390609741211	0.9468078712013169
8449.0	32275.0	3.0	4.0	13.0	4,1,4,4,1,4,1,1,4,1,4,1	0,3,2,5,17,2,21,8,2,7,2,6	1.0	28.91390609741211	0.9891277175980433
8857.0	32276.0	11.0	4.0	4.0	1,1,4	0,4,4	1.0	28.91390609741211	0.9607093788227318
8323.0	32277.0	62.0	4.0	4.0	4,4,4	0,5,18	1.0	28.91390609741211	0.7977785470717689
8440.0	32278.0	56.0	1.0	4.0	1,4,4	0,5,17	0.0	28.91390609741211	0.8154129598878767
8859.0	32279.0	14.0	1.0	3.0	4,4	0,5	0.0	28.91390609741211	0.9502642751499627
8758.0	32280.0	20.0	4.0	4.0	4,4,2	0,4,32	1.0	28.91390609741211	0.9297135194755641
7849.0	32290.0	64.0	4.0	4.0	4,4,4	0,5,18	1.0	28.91390609741211	0.7919855689416955
7931.0	32291.0	60.0	4.0	4.0	4,4,4	0,5,16	1.0	28.91390609741211	0.8036138979380781
7885.0	32292.0	62.0	4.0	4.0	4,4,4	0,5,18	1.0	28.91390609741211	0.7977785470717689
7862.0	32293.0	9.0	4.0	8.0	1,4,4,1,4,1,4	0,3,11,53,2,7,2	1.0	28.91390609741211	0.9677364871932962
7895.0	32294.0	61.0	4.0	4.0	4,4,4	0,5,18	1.0	28.91390609741211	0.8006909065948736
8856.0	32295.0	15.0	4.0	3.0	4,4	0,4	1.0	28.91390609741211	0.9468078712013169
8265.0	32296.0	53.0	4.0	4.0	4,4,4	0,5,15	1.0	28.91390609741211	0.824375806461062
8237.0	32297.0	56.0	1.0	4.0	4,4,4	0,4,15	0.0	28.91390609741211	0.8154129598878767
8782.0	32298.0	10.0	4.0	11.0	1,1,1,1,1,1,1,1,4,4	0,3,2,2,3,18,9,2,2,5	1.0	28.91390609741211	0.9642165314261959
8849.0	32299.0	15.0	1.0	3.0	1,4	0,4	0.0	28.91390609741211	0.9468078712013169
8582.0	32300.0	9.0	4.0	6.0	1,4,4,1,4	0,4,12,44,2	1.0	28.91390609741211	0.9677364871932962
8190.0	32301.0	56.0	4.0	4.0	4,4,4	0,5,16	1.0	28.91390609741211	0.8154129598878767
8649.0	32302.0	49.0	4.0	4.0	4,4,4	0,5,15	1.0	28.91390609741211	0.8364797051558288
8213.0	32303.0	56.0	4.0	4.0	4,4,4	0,5,15	1.0	28.91390609741211	0.8154129598878767
8195.0	32304.0	56.0	4.0	4.0	4,4,4	0,5,16	1.0	28.91390609741211	0.8154129598878767
8254.0	32305.0	53.0	1.0	4.0	4,4,4	0,5,16	0.0	28.91390609741211	0.824375806461062
8712.0	32306.0	49.0	1.0	4.0	4,4,4	0,4,13	0.0	28.91390609741211	0.8364797051558288
8572.0	32307.0	52.0	4.0	4.0	4,4,4	0,5,15	1.0	28.91390609741211	0.8273852615778692
7986.0	32308.0	56.0	4.0	4.0	4,4,4	0,5,17	1.0	28.91390609741211	0.8154129598878767
8797.0	32309.0	10.0	4.0	9.0	1,1,1,1,1,1,4,4	0,5,4,18,9,2,2,5	1.0	28.91390609741211	0.9642165314261959
7847.0	32310.0	64.0	4.0	4.0	4,4,4	0,5,18	1.0	28.91390609741211	0.7919855689416955
8746.0	32311.0	3.0	4.0	8.0	1,4,1,4,1,4,1	0,6,36,2,7,2,6	1.0	28.91390609741211	0.9891277175980433
8276.0	32312.0	53.0	4.0	4.0	4,4,4	0,5,15	1.0	28.91390609741211	0.824375806461062
8642.0	32313.0	3.0	4.0	12.0	1,1,4,1,4,1,1,4,1,4,1	0,5,2,6,3,25,9,2,6,2,6	1.0	28.91390609741211	0.9891277175980433
8242.0	32314.0	55.0	4.0	4.0	4,4,4	0,4,15	1.0	28.91390609741211	0.8183896953587778
8012.0	32315.0	3.0	4.0	5.0	2,4,4,1	0,5,16,53	1.0	28.91390609741211	0.9891277175980433
8570.0	32316.0	3.0	4.0	5.0	4,4,4,1	0,5,15,49	1.0	28.91390609741211	0.9891277175980433
8278.0	32317.0	52.0	4.0	4.0	1,4,4	0,5,16	1.0	28.91390609741211	0.8273852615778692
7900.0	32318.0	62.0	4.0	4.0	4,4,4	0,5,17	1.0	28.91390609741211	0.7977785470717689
8855.0	32319.0	15.0	4.0	3.0	4,4	0,4	1.0	28.91390609741211	0.9468078712013169
8270.0	32320.0	11.0	4.0	6.0	4,4,4,1,4	0,4,13,41,4	1.0	28.91390609741211	0.9607093788227318
8198.0	32321.0	55.0	4.0	4.0	4,4,4	0,5,17	1.0	28.91390609741211	0.8183896953587778
8212.0	32322.0	56.0	1.0	4.0	4,4,4	0,4,16	0.0	28.91390609741211	0.8154129598878767
8852.0	32323.0	15.0	4.0	3.0	1,4	0,4	1.0	28.91390609741211	0.9468078712013169
8263.0	32324.0	53.0	4.0	4.0	4,4,4	0,4,16	1.0	28.91390609741211	0.824375806461062
8650.0	32325.0	49.0	4.0	4.0	4,4,4	0,5,15	1.0	28.91390609741211	0.8364797051558288
8203.0	32326.0	55.0	4.0	4.0	4,4,4	0,5,16	1.0	28.91390609741211	0.8183896953587778
8188.0	32327.0	56.0	4.0	4.0	4,4,4	0,5,16	1.0	28.91390609741211	0.8154129598878767
8194.0	32328.0	56.0	4.0	4.0	4,4,4	0,4,17	1.0	28.91390609741211	0.8154129598878767
8248.0	32329.0	55.0	4.0	4.0	4,4,4	0,4,15	1.0	28.91390609741211	0.8183896953587778
8505.0	32335.0	45.0	1.0	7.0	4,1,1,4,4,3	0,4,2,2,6,18	0.0	28.91390609741211	0.8487613193566366
8296.0	32336.0	66.0	4.0	4.0	4,4,4	0,5,18	1.0	28.91390609741211	0.7862346558630562
8554.0	32337.0	55.0	4.0	4.0	1,4,4	0,5,15	1.0	28.91390609741211	0.8183896953587778
8503.0	32338.0	13.0	2.0	11.0	4,1,4,1,4,4,1,1,4,4	0,3,2,6,2,7,35,2,2,5	1.0	28.91390609741211	0.9537332969998952
8764.0	32339.0	22.0	4.0	7.0	1,1,1,4,1,4	0,3,2,2,21,8	1.0	28.91390609741211	0.9229625105579592
8547.0	32340.0	54.0	4.0	4.0	4,4,4	0,5,16	1.0	28.91390609741211	0.8213772976597389
8863.0	32341.0	16.0	4.0	3.0	4,4	0,5	1.0	28.91390609741211	0.9433640392587631
8440.0	32342.0	2.0	4.0	5.0	1,4,4,1	0,5,17,56	1.0	28.91390609741211	0.9927386138028701
8470.0	32343.0	2.0	1.0	8.0	1,1,1,4,4,4,1	0,3,2,2,6,15,49	0.0	28.91390609741211	0.9927386138028701
8517.0	32344.0	2.0	4.0	7.0	1,1,4,4,2,1	0,3,2,7,34,28	1.0	28.91390609741211	0.9927386138028701
8528.0	32345.0	55.0	4.0	4.0	1,4,4	0,5,16	1.0	28.91390609741211	0.8183896953587778
8497.0	32346.0	2.0	4.0	14.0	1,1,4,1,4,4,1,1,4,1,4,1,1	0,5,2,6,2,5,27,9,2,6,2,5,4	1.0	28.91390609741211	0.9927386138028701
8476.0	32347.0	2.0	4.0	5.0	4,4,4,1	0,4,16,56	1.0	28.91390609741211	0.9927386138028701
8859.0	32348.0	2.0	4.0	4.0	4,4,1	0,5,14	1.0	28.91390609741211	0.9927386138028701
8861.0	32349.0	16.0	4.0	3.0	4,4	0,5	1.0	28.91390609741211	0.9433640392587631
8451.0	32350.0	22.0	4.0	5.0	4,4,2,2	0,4,18,36	1.0	28.91390609741211	0.9229625105579592
8836.0	32351.0	13.0	1.0	9.0	1,1,1,1,1,1,4,4	0,4,1,18,8,2,2,5	0.0	28.91390609741211	0.9537332969998952
8601.0	32352.0	8.0	1.0	11.0	1,1,4,4,1,1,4,1,1,4	0,3,2,5,33,9,2,6,2,3	0.0	28.91390609741211	0.971269292863088
8518.0	32353.0	2.0	4.0	7.0	4,4,4,1,1,1	0,4,15,49,2,4	1.0	28.91390609741211	0.9927386138028701
8660.0	32354.0	12.0	1.0	12.0	1,1,1,4,1,4,4,1,1,4,4	0,3,2,2,8,3,7,27,2,2,5	0.0	28.91390609741211	0.9572149828138532
8482.0	32361.0	85.0	2.0	4.0	4,4,4	0,4,16	1.0	28.91390609741211	0.7336414690968467
8813.0	32362.0	39.0	1.0	9.0	1,1,1,1,1,1,4,4	0,6,1,18,9,2,2,5	0.0	28.91390609741211	0.8675226755535622
8443.0	32363.0	85.0	4.0	4.0	4,4,4	0,4,18	1.0	28.91390609741211	0.7336414690968467
8300.0	32364.0	33.0	4.0	6.0	1,4,4,1,4	0,5,18,58,2	1.0	28.91390609741211	0.8866987401948061
8418.0	32365.0	48.0	4.0	12.0	1,1,1,4,1,4,1,4,1,1,4	0,5,2,1,4,3,8,3,10,15,9	1.0	28.91390609741211	0.8395333466007339
8598.0	32366.0	80.0	1.0	4.0	1,4,4	0,5,16	0.0	28.91390609741211	0.7471307053514875
8545.0	32367.0	82.0	4.0	4.0	1,4,4	0,4,16	1.0	28.91390609741211	0.7417055007601963
8390.0	32368.0	82.0	4.0	6.0	4,1,4,4,4	0,5,2,5,16	1.0	28.91390609741211	0.7417055007601963
8429.0	32369.0	85.0	4.0	4.0	4,4,4	0,5,18	1.0	28.91390609741211	0.7336414690968467
8604.0	32370.0	48.0	4.0	8.0	1,1,1,4,4,1,4	0,4,3,2,6,28,9	1.0	28.91390609741211	0.8395333466007339
8557.0	32371.0	81.0	4.0	4.0	4,4,4	0,5,15	1.0	28.91390609741211	0.7444131607824002
8550.0	32372.0	82.0	1.0	4.0	4,4,4	0,4,16	0.0	28.91390609741211	0.7417055007601963
8806.0	32373.0	48.0	4.0	5.0	4,2,1,4	0,6,19,9	1.0	28.91390609741211	0.8395333466007339
8666.0	32374.0	40.0	4.0	11.0	1,1,1,4,1,4,1,1,4,4	0,3,3,2,6,3,25,9,2,6	1.0	28.91390609741211	0.8643672282956403
8534.0	32375.0	82.0	1.0	4.0	4,4,4	0,5,16	0.0	28.91390609741211	0.7417055007601963
8738.0	32376.0	49.0	1.0	4.0	4,4,2	0,6,36	0.0	28.91390609741211	0.8364797051558288
8477.0	32377.0	84.0	4.0	4.0	4,4,4	0,5,16	1.0	28.91390609741211	0.7363196906746408
8435.0	32378.0	85.0	1.0	4.0	4,4,4	0,5,17	0.0	28.91390609741211	0.7336414690968467
8836.0	32379.0	27.0	1.0	10.0	1,1,1,1,1,1,4,4,1	0,4,1,18,8,2,2,5,13	0.0	28.91390609741211	0.9062986801599895
8670.0	32380.0	39.0	1.0	8.0	4,4,1,1,1,4,4	0,6,36,9,2,2,5	0.0	28.91390609741211	0.8675226755535622
8814.0	32381.0	40.0	1.0	8.0	1,1,4,1,1,4,4	0,3,3,27,2,2,5	0.0	28.91390609741211	0.8643672282956403
8470.0	32382.0	27.0	1.0	9.0	1,1,1,4,4,4,1,1	0,3,2,2,6,15,49,2	0.0	28.91390609741211	0.9062986801599895
8601.0	32383.0	27.0	4.0	12.0	1,1,4,4,1,1,4,1,1,4,1	0,3,2,5,33,9,2,6,2,3,8	1.0	28.91390609741211	0.9062986801599895
8556.0	32384.0	80.0	4.0	4.0	4,4,4	0,5,16	1.0	28.91390609741211	0.7471307053514875
8306.0	32385.0	35.0	4.0	7.0	4,4,4,1,1,4	0,5,15,56,2,3	1.0	28.91390609741211	0.880260078201743
8719.0	32386.0	48.0	4.0	6.0	1,1,4,1,4	0,3,5,28,9	1.0	28.91390609741211	0.8395333466007339
8858.0	32387.0	43.0	4.0	3.0	4,4	0,5	1.0	28.91390609741211	0.8549695836906135
8660.0	32388.0	27.0	4.0	13.0	1,1,1,4,1,4,4,1,1,4,4,1	0,3,2,2,8,3,7,27,2,2,5,12	1.0	28.91390609741211	0.9062986801599895
8843.0	32389.0	40.0	1.0	7.0	1,4,1,1,4,4	0,5,26,2,2,5	0.0	28.91390609741211	0.8643672282956403
8687.0	32390.0	40.0	4.0	8.0	4,4,1,1,1,4,4	0,5,16,18,9,2,6	1.0	28.91390609741211	0.8643672282956403
8505.0	32391.0	27.0	4.0	8.0	4,1,1,4,4,3,1	0,4,2,2,6,18,45	1.0	28.91390609741211	0.9062986801599895
8472.0	32392.0	85.0	4.0	4.0	4,4,4	0,4,17	1.0	28.91390609741211	0.7336414690968467
8807.0	32393.0	40.0	1.0	8.0	4,1,4,1,1,4,4	0,6,1,18,9,2,6	0.0	28.91390609741211	0.8643672282956403
8813.0	32394.0	18.0	1.0	10.0	1,1,1,1,1,1,4,4,1	0,6,1,18,9,2,2,5,39	0.0	28.91390609741211	0.9365139086452208
8598.0	32395.0	18.0	4.0	5.0	1,4,4,1	0,5,16,80	1.0	28.91390609741211	0.9365139086452208
8435.0	32396.0	18.0	4.0	5.0	4,4,4,1	0,5,17,85	1.0	28.91390609741211	0.9365139086452208
8550.0	32397.0	18.0	1.0	5.0	4,4,4,1	0,4,16,82	0.0	28.91390609741211	0.9365139086452208
8534.0	32398.0	18.0	4.0	5.0	4,4,4,1	0,5,16,82	1.0	28.91390609741211	0.9365139086452208
8670.0	32399.0	18.0	1.0	9.0	4,4,1,1,1,4,4,1	0,6,36,9,2,2,5,39	0.0	28.91390609741211	0.9365139086452208
8738.0	32400.0	18.0	1.0	5.0	4,4,2,1	0,6,36,49	0.0	28.91390609741211	0.9365139086452208
8814.0	32401.0	18.0	1.0	9.0	1,1,4,1,1,4,4,1	0,3,3,27,2,2,5,40	0.0	28.91390609741211	0.9365139086452208
8843.0	32402.0	18.0	4.0	8.0	1,4,1,1,4,4,1	0,5,26,2,2,5,40	1.0	28.91390609741211	0.9365139086452208
8836.0	32403.0	18.0	1.0	11.0	1,1,1,1,1,1,4,4,1,1	0,4,1,18,8,2,2,5,13,27	0.0	28.91390609741211	0.9365139086452208
8470.0	32404.0	18.0	1.0	10.0	1,1,1,4,4,4,1,1,1	0,3,2,2,6,15,49,2,27	0.0	28.91390609741211	0.9365139086452208
8807.0	32405.0	18.0	1.0	9.0	4,1,4,1,1,4,4,1	0,6,1,18,9,2,6,40	0.0	28.91390609741211	0.9365139086452208
8484.0	32406.0	96.0	4.0	6.0	1,1,4,4,4	0,5,2,5,15	1.0	28.91390609741211	0.704816240054628
8592.0	32407.0	67.0	1.0	7.0	1,1,4,4,1,4	0,4,2,5,33,8	0.0	28.91390609741211	0.7833748781778871
8553.0	32408.0	66.0	4.0	7.0	1,4,1,4,1,4	0,3,14,3,25,9	1.0	28.91390609741211	0.7862346558630562
8433.0	32409.0	103.0	4.0	4.0	4,4,4	0,5,18	1.0	28.91390609741211	0.6870654397681099
8542.0	32410.0	99.0	4.0	4.0	1,4,4	0,5,16	1.0	28.91390609741211	0.6971532788512688
8500.0	32411.0	100.0	1.0	4.0	1,4,4	0,5,17	0.0	28.91390609741211	0.6946175175805921
8521.0	32412.0	58.0	4.0	9.0	1,4,1,4,1,1,4,4	0,5,16,2,23,9,2,6	1.0	28.91390609741211	0.809491931475986
8703.0	32413.0	94.0	4.0	4.0	4,4,4	0,4,15	1.0	28.91390609741211	0.7099716181631116
8303.0	32414.0	67.0	1.0	9.0	1,4,1,4,1,4,1,4	0,5,14,2,6,4,28,8	0.0	28.91390609741211	0.7833748781778871
8461.0	32415.0	103.0	1.0	4.0	4,4,4	0,4,17	0.0	28.91390609741211	0.6870654397681099
8673.0	32416.0	66.0	4.0	8.0	1,1,4,1,4,1,4	0,6,2,6,3,25,9	1.0	28.91390609741211	0.7862346558630562
8537.0	32417.0	66.0	1.0	8.0	1,4,1,1,4,1,4	0,5,15,2,2,21,9	0.0	28.91390609741211	0.7862346558630562
8400.0	32418.0	66.0	1.0	7.0	4,4,1,4,1,4	0,5,19,3,25,9	0.0	28.91390609741211	0.7862346558630562
8665.0	32419.0	67.0	1.0	6.0	4,1,4,4,2	0,6,2,6,36	0.0	28.91390609741211	0.7833748781778871
8469.0	32420.0	102.0	1.0	4.0	4,4,4	0,5,17	0.0	28.91390609741211	0.6895736315261478
8597.0	32421.0	66.0	1.0	8.0	1,1,4,1,4,1,4	0,3,2,6,5,28,9	0.0	28.91390609741211	0.7862346558630562
8437.0	32422.0	103.0	4.0	4.0	4,4,4	0,5,17	1.0	28.91390609741211	0.6870654397681099
8705.0	32423.0	94.0	4.0	4.0	4,4,4	0,4,15	1.0	28.91390609741211	0.7099716181631116
8497.0	32424.0	45.0	4.0	15.0	1,1,4,1,4,4,1,1,4,1,4,1,1,4	0,5,2,6,2,5,27,9,2,6,2,5,4,2	1.0	28.91390609741211	0.8487613193566366
8536.0	32425.0	58.0	4.0	9.0	1,1,1,4,4,1,4,4	0,4,2,3,9,35,2,7	1.0	28.91390609741211	0.809491931475986
8431.0	32426.0	103.0	4.0	4.0	4,4,4	0,5,18	1.0	28.91390609741211	0.6870654397681099
8501.0	32427.0	57.0	4.0	13.0	1,1,1,1,1,1,1,1,4,4,2,4	0,4,2,2,3,2,2,4,3,6,27,10	1.0	28.91390609741211	0.8124470517210263
8299.0	32428.0	66.0	1.0	8.0	4,4,1,4,4,1,4	0,5,18,2,6,28,9	0.0	28.91390609741211	0.7862346558630562
8672.0	32429.0	58.0	4.0	9.0	1,1,1,4,4,1,4,4	0,3,3,2,6,36,2,7	1.0	28.91390609741211	0.809491931475986
8751.0	32430.0	51.0	4.0	11.0	4,1,1,4,2,1,4,1,4,4	0,4,2,3,19,9,2,6,2,5	1.0	28.91390609741211	0.830405702970631
8440.0	32431.0	45.0	4.0	6.0	1,4,4,1,4	0,5,17,56,2	1.0	28.91390609741211	0.8487613193566366
8489.0	32432.0	58.0	4.0	9.0	1,1,4,4,1,1,4,4	0,5,2,7,34,9,2,6	1.0	28.91390609741211	0.809491931475986
8548.0	32433.0	58.0	1.0	10.0	1,1,4,1,4,1,1,4,4	0,5,2,5,5,28,9,2,6	0.0	28.91390609741211	0.809491931475986
8476.0	32434.0	45.0	4.0	6.0	4,4,4,1,4	0,4,16,56,2	1.0	28.91390609741211	0.8487613193566366
8692.0	32435.0	66.0	1.0	7.0	4,1,4,4,1,4	0,3,2,6,28,9	0.0	28.91390609741211	0.7862346558630562
8481.0	32436.0	58.0	1.0	13.0	1,1,1,4,1,2,1,4,4,1,4,4	0,5,2,2,6,5,3,2,5,26,2,7	0.0	28.91390609741211	0.809491931475986
8859.0	32437.0	45.0	1.0	5.0	4,4,1,4	0,5,14,2	0.0	28.91390609741211	0.8487613193566366
8403.0	32438.0	103.0	4.0	4.0	4,4,4	0,5,19	1.0	28.91390609741211	0.6870654397681099
8518.0	32439.0	45.0	1.0	8.0	4,4,4,1,1,1,4	0,4,15,49,2,4,2	0.0	28.91390609741211	0.8487613193566366
8606.0	32440.0	97.0	1.0	4.0	4,4,4	0,5,16	0.0	28.91390609741211	0.7022526062330682
8675.0	32441.0	66.0	4.0	5.0	4,4,1,4	0,6,36,9	1.0	28.91390609741211	0.7862346558630562
8384.0	32442.0	103.0	4.0	4.0	2,4,4	0,5,20	1.0	28.91390609741211	0.6870654397681099
8739.0	32443.0	67.0	4.0	5.0	4,4,1,4	0,6,28,8	1.0	28.91390609741211	0.7833748781778871
8740.0	32444.0	65.0	4.0	6.0	4,1,4,2,4	0,6,3,25,10	1.0	28.91390609741211	0.7891048734137819
8551.0	32445.0	93.0	1.0	6.0	1,1,4,4,4	0,5,2,5,15	0.0	28.91390609741211	0.7125634309047314
8517.0	32446.0	45.0	4.0	8.0	1,1,4,4,2,1,4	0,3,2,7,34,28,2	1.0	28.91390609741211	0.8487613193566366
8430.0	32447.0	103.0	1.0	4.0	4,4,4	0,5,18	0.0	28.91390609741211	0.6870654397681099
8668.0	32448.0	57.0	1.0	9.0	1,1,4,4,1,1,4,4	0,3,3,8,36,2,2,6	0.0	28.91390609741211	0.8124470517210263
8449.0	32449.0	47.0	1.0	14.0	4,1,4,4,1,4,1,1,4,1,4,1,4	0,3,2,5,17,2,21,8,2,7,2,6,3	0.0	28.91390609741211	0.8425981356276024
8766.0	32450.0	66.0	4.0	5.0	4,4,1,4	0,3,25,9	1.0	28.91390609741211	0.7862346558630562
8356.0	32451.0	58.0	4.0	13.0	1,1,1,1,4,4,1,4,4,1,4,4	0,5,2,2,2,5,13,2,5,26,2,7	1.0	28.91390609741211	0.809491931475986
8513.0	32452.0	58.0	1.0	10.0	1,1,4,1,4,4,1,4,4	0,4,2,7,2,7,33,2,7	0.0	28.91390609741211	0.809491931475986
8811.0	32453.0	66.0	4.0	5.0	4,3,1,4	0,3,22,9	1.0	28.91390609741211	0.7862346558630562
8512.0	32454.0	58.0	1.0	7.0	1,4,4,1,4,4	0,4,11,41,2,6	0.0	28.91390609741211	0.809491931475986
8523.0	32455.0	66.0	4.0	6.0	1,4,4,1,4	0,3,7,36,9	1.0	28.91390609741211	0.7862346558630562
8541.0	32456.0	97.0	1.0	4.0	1,4,4	0,5,18	0.0	28.91390609741211	0.7022526062330682
8377.0	32457.0	103.0	4.0	4.0	4,4,4	0,5,20	1.0	28.91390609741211	0.6870654397681099
8434.0	32458.0	103.0	1.0	4.0	4,4,4	0,5,18	0.0	28.91390609741211	0.6870654397681099
8520.0	32459.0	58.0	4.0	7.0	4,4,4,1,4,4	0,3,10,42,2,6	1.0	28.91390609741211	0.809491931475986
8417.0	32460.0	103.0	1.0	4.0	1,4,4	0,5,18	0.0	28.91390609741211	0.6870654397681099
8426.0	32461.0	47.0	1.0	10.0	1,4,4,1,1,2,1,1,4	0,4,13,48,3,2,3,2,4	0.0	28.91390609741211	0.8425981356276024
8419.0	32462.0	103.0	1.0	4.0	4,4,4	0,5,18	0.0	28.91390609741211	0.6870654397681099
8600.0	32463.0	58.0	1.0	11.0	4,1,1,4,1,4,4,1,4,4	0,5,3,2,6,3,6,27,2,7	0.0	28.91390609741211	0.809491931475986
8845.0	32464.0	51.0	1.0	8.0	1,1,1,3,1,4,4	0,5,18,9,8,2,5	0.0	28.91390609741211	0.830405702970631
8527.0	32465.0	66.0	1.0	7.0	4,1,4,4,1,4	0,5,2,6,33,9	0.0	28.91390609741211	0.7862346558630562
8605.0	32466.0	58.0	1.0	8.0	1,1,4,4,1,4,4	0,4,3,8,36,2,7	0.0	28.91390609741211	0.809491931475986
8395.0	32467.0	75.0	1.0	5.0	4,4,4,2	0,3,9,40	0.0	28.91390609741211	0.7608679639745441
8691.0	32468.0	93.0	4.0	4.0	4,4,4	0,5,16	1.0	28.91390609741211	0.7125634309047314
8530.0	32469.0	47.0	1.0	6.0	1,4,4,1,4	0,4,15,52,3	0.0	28.91390609741211	0.8425981356276024
8412.0	32470.0	58.0	4.0	7.0	4,4,4,1,4,4	0,4,12,45,2,6	1.0	28.91390609741211	0.809491931475986
8762.0	32471.0	65.0	4.0	5.0	4,4,2,4	0,3,25,10	1.0	28.91390609741211	0.7891048734137819
8381.0	32472.0	58.0	1.0	7.0	4,4,4,1,4,4	0,3,10,48,2,7	0.0	28.91390609741211	0.809491931475986
8375.0	32473.0	57.0	1.0	8.0	1,4,4,1,1,4,4	0,3,10,48,2,2,6	0.0	28.91390609741211	0.8124470517210263
8679.0	32474.0	51.0	1.0	12.0	1,1,4,1,4,1,1,1,4,2,4	0,6,2,6,3,7,18,9,2,6,7	0.0	28.91390609741211	0.830405702970631
8459.0	32475.0	58.0	1.0	7.0	4,4,4,1,4,4	0,3,10,44,2,7	0.0	28.91390609741211	0.809491931475986
8379.0	32476.0	97.0	1.0	5.0	4,2,4,4	0,5,7,19	0.0	28.91390609741211	0.7022526062330682
8410.0	32477.0	97.0	1.0	5.0	4,2,4,4	0,5,6,19	0.0	28.91390609741211	0.7022526062330682
8420.0	32478.0	58.0	1.0	10.0	4,1,4,1,4,4,1,4,4	0,5,2,6,2,8,36,2,7	0.0	28.91390609741211	0.809491931475986
8328.0	32479.0	66.0	1.0	8.0	4,4,1,4,4,1,4	0,5,16,2,6,28,9	0.0	28.91390609741211	0.7862346558630562
8424.0	32480.0	51.0	1.0	12.0	1,4,1,1,4,1,1,4,1,4,4	0,4,14,5,3,25,9,2,6,2,5	0.0	28.91390609741211	0.830405702970631
8612.0	32481.0	58.0	4.0	8.0	1,1,4,4,1,4,4	0,5,2,8,36,2,7	1.0	28.91390609741211	0.809491931475986
8456.0	32482.0	100.0	4.0	4.0	4,4,4	0,5,19	1.0	28.91390609741211	0.6946175175805921
8686.0	32483.0	93.0	4.0	4.0	4,4,4	0,5,16	1.0	28.91390609741211	0.7125634309047314
8462.0	32484.0	58.0	4.0	7.0	4,4,4,1,4,4	0,3,10,44,2,7	1.0	28.91390609741211	0.809491931475986
8468.0	32485.0	58.0	1.0	7.0	1,4,4,1,4,4	0,3,10,44,2,7	0.0	28.91390609741211	0.809491931475986
8363.0	32486.0	56.0	4.0	8.0	4,4,4,1,1,4,4	0,3,9,50,2,2,7	1.0	28.91390609741211	0.8154129598878767
8608.0	32487.0	66.0	1.0	7.0	1,4,1,4,1,4	0,5,17,2,19,9	0.0	28.91390609741211	0.7862346558630562
8446.0	32488.0	56.0	1.0	8.0	4,4,4,1,1,4,4	0,3,11,44,2,2,7	0.0	28.91390609741211	0.8154129598878767
8344.0	32489.0	98.0	4.0	5.0	1,2,4,4	0,5,7,21	1.0	28.91390609741211	0.6996982971375824
8498.0	32490.0	99.0	4.0	4.0	4,4,4	0,5,18	1.0	28.91390609741211	0.6971532788512688
8688.0	32491.0	56.0	1.0	7.0	4,4,4,1,4,4	0,3,11,35,2,7	0.0	28.91390609741211	0.8154129598878767
8563.0	32492.0	55.0	1.0	8.0	1,1,1,4,4,2,2	0,5,3,2,6,28,20	0.0	28.91390609741211	0.8183896953587778
8362.0	32493.0	103.0	1.0	4.0	1,4,4	0,5,21	0.0	28.91390609741211	0.6870654397681099
8343.0	32494.0	58.0	4.0	7.0	4,4,4,1,4,4	0,3,10,51,2,7	1.0	28.91390609741211	0.809491931475986
8839.0	32495.0	58.0	1.0	6.0	4,4,1,4,4	0,5,26,2,7	0.0	28.91390609741211	0.809491931475986
8407.0	32497.0	57.0	4.0	7.0	4,4,4,1,4,4	0,4,12,45,2,7	1.0	28.91390609741211	0.8124470517210263
8301.0	32502.0	58.0	4.0	7.0	4,4,4,1,4,4	0,3,10,54,2,7	1.0	28.91390609741211	0.809491931475986
8844.0	32507.0	58.0	1.0	6.0	4,4,1,4,4	0,5,26,2,7	0.0	28.91390609741211	0.809491931475986
8734.0	32508.0	66.0	4.0	5.0	4,4,1,4	0,6,28,9	1.0	28.91390609741211	0.7862346558630562
8374.0	32509.0	103.0	4.0	4.0	4,4,4	0,5,21	1.0	28.91390609741211	0.6870654397681099
8502.0	32510.0	58.0	4.0	7.0	1,4,2,1,4,4	0,5,18,32,2,7	1.0	28.91390609741211	0.809491931475986
8717.0	32511.0	90.0	4.0	4.0	4,4,4	0,4,17	1.0	28.91390609741211	0.7203957772360184
8448.0	32512.0	57.0	4.0	7.0	4,4,4,1,4,4	0,3,11,45,2,7	1.0	28.91390609741211	0.8124470517210263
8837.0	32513.0	58.0	1.0	6.0	4,4,1,4,4	0,4,27,2,7	0.0	28.91390609741211	0.809491931475986
8752.0	32515.0	58.0	4.0	7.0	4,4,1,4,4,4	0,4,25,7,2,7	1.0	28.91390609741211	0.809491931475986
7981.0	32585.0	66.0	4.0	11.0	1,1,1,4,1,1,4,4,1,4	0,5,2,2,6,2,2,5,27,9	1.0	28.91390609741211	0.7862346558630562
8189.0	32586.0	102.0	4.0	4.0	4,4,4	0,5,17	1.0	28.91390609741211	0.6895736315261478
8241.0	32587.0	100.0	4.0	4.0	4,4,4	0,5,16	1.0	28.91390609741211	0.6946175175805921
8851.0	32588.0	53.0	1.0	6.0	1,1,1,1,4	0,5,3,2,3	0.0	28.91390609741211	0.824375806461062
7917.0	32589.0	107.0	4.0	4.0	4,4,4	0,5,17	1.0	28.91390609741211	0.6771235721670551
8245.0	32590.0	100.0	4.0	4.0	4,4,4	0,5,16	1.0	28.91390609741211	0.6946175175805921
8196.0	32591.0	103.0	4.0	4.0	4,4,4	0,5,16	1.0	28.91390609741211	0.6870654397681099
8191.0	32592.0	103.0	4.0	4.0	4,4,4	0,4,17	1.0	28.91390609741211	0.6870654397681099
8800.0	32593.0	58.0	1.0	8.0	1,1,1,1,1,4,4	0,3,4,18,9,2,6	0.0	28.91390609741211	0.809491931475986
8778.0	32594.0	66.0	4.0	7.0	1,1,1,1,1,4	0,4,2,4,18,9	1.0	28.91390609741211	0.7862346558630562
8849.0	32595.0	47.0	1.0	4.0	1,4,1	0,4,15	0.0	28.91390609741211	0.8425981356276024
8212.0	32596.0	47.0	1.0	5.0	4,4,4,1	0,4,16,56	0.0	28.91390609741211	0.8425981356276024
7852.0	32597.0	58.0	1.0	14.0	4,1,1,1,4,1,1,4,4,1,1,4,4	0,3,2,6,2,6,2,2,8,36,2,2,5	0.0	28.91390609741211	0.809491931475986
8712.0	32598.0	47.0	4.0	5.0	4,4,4,1	0,4,13,49	1.0	28.91390609741211	0.8425981356276024
8224.0	32599.0	100.0	4.0	4.0	4,4,4	0,5,17	1.0	28.91390609741211	0.6946175175805921
8218.0	32600.0	102.0	4.0	4.0	4,4,4	0,5,16	1.0	28.91390609741211	0.6895736315261478
8850.0	32601.0	50.0	4.0	5.0	4,4,1,4	0,3,11,2	1.0	28.91390609741211	0.833437170745697
7972.0	32602.0	103.0	4.0	4.0	4,4,4	0,5,18	1.0	28.91390609741211	0.6870654397681099
7992.0	32603.0	99.0	4.0	6.0	1,1,4,4,4	0,4,2,5,15	1.0	28.91390609741211	0.6971532788512688
8830.0	32604.0	66.0	1.0	5.0	4,1,1,4	0,5,18,9	0.0	28.91390609741211	0.7862346558630562
8254.0	32605.0	47.0	1.0	5.0	4,4,4,1	0,5,16,53	0.0	28.91390609741211	0.8425981356276024
8237.0	32606.0	47.0	4.0	5.0	4,4,4,1	0,4,15,56	1.0	28.91390609741211	0.8425981356276024
8868.0	32607.0	53.0	1.0	6.0	1,1,1,1,4	0,5,3,2,3	0.0	28.91390609741211	0.824375806461062
8848.0	32608.0	61.0	1.0	3.0	4,4	0,5	0.0	28.91390609741211	0.8006909065948736
7869.0	32609.0	109.0	1.0	4.0	4,4,4	0,5,18	0.0	28.91390609741211	0.6722067164063699
7983.0	32610.0	58.0	4.0	11.0	4,1,4,4,1,4,1,1,4,4	0,5,2,6,17,3,26,2,2,5	1.0	28.91390609741211	0.809491931475986
8774.0	32611.0	55.0	4.0	10.0	1,1,1,1,1,1,2,4,4	0,5,2,3,18,9,2,3,6	1.0	28.91390609741211	0.8183896953587778
8640.0	32612.0	53.0	4.0	6.0	4,4,4,1,4	0,4,13,44,3	1.0	28.91390609741211	0.824375806461062
8854.0	32613.0	50.0	1.0	7.0	1,1,1,1,1,4	0,4,4,2,3,3	0.0	28.91390609741211	0.833437170745697
8641.0	32614.0	57.0	1.0	9.0	1,4,1,2,1,1,4,4	0,5,18,18,9,2,2,5	0.0	28.91390609741211	0.8124470517210263
8214.0	32615.0	50.0	1.0	9.0	4,4,1,4,1,3,1,4	0,4,16,3,25,9,13,3	0.0	28.91390609741211	0.833437170745697
8225.0	32616.0	102.0	4.0	4.0	4,4,4	0,4,16	1.0	28.91390609741211	0.6895736315261478
8250.0	32617.0	100.0	4.0	4.0	4,4,4	0,5,16	1.0	28.91390609741211	0.6946175175805921
7990.0	32618.0	103.0	1.0	4.0	1,4,4	0,4,18	0.0	28.91390609741211	0.6870654397681099
8260.0	32619.0	57.0	4.0	11.0	1,1,4,1,4,1,1,1,4,4	0,5,2,6,5,28,9,2,2,5	1.0	28.91390609741211	0.8124470517210263
8743.0	32620.0	66.0	1.0	6.0	1,1,4,1,4	0,6,3,25,9	0.0	28.91390609741211	0.7862346558630562
8205.0	32621.0	102.0	1.0	4.0	4,4,4	0,5,16	0.0	28.91390609741211	0.6895736315261478
8870.0	32622.0	61.0	1.0	3.0	4,4	0,5	0.0	28.91390609741211	0.8006909065948736
7969.0	32623.0	103.0	4.0	4.0	4,4,4	0,5,18	1.0	28.91390609741211	0.6870654397681099
8007.0	32624.0	66.0	4.0	7.0	4,4,1,4,1,4	0,5,19,2,23,9	1.0	28.91390609741211	0.7862346558630562
8767.0	32625.0	58.0	4.0	7.0	1,4,1,1,4,4	0,3,25,9,2,6	1.0	28.91390609741211	0.809491931475986
8216.0	32626.0	57.0	1.0	10.0	1,1,1,4,4,1,1,4,4	0,3,2,2,7,42,2,2,6	0.0	28.91390609741211	0.8124470517210263
8772.0	32627.0	66.0	1.0	6.0	1,1,4,1,4	0,3,2,23,9	0.0	28.91390609741211	0.7862346558630562
8287.0	32628.0	57.0	1.0	12.0	1,1,1,4,1,4,4,1,1,4,4	0,3,2,3,8,3,7,27,2,2,5	0.0	28.91390609741211	0.8124470517210263
8696.0	32629.0	66.0	4.0	6.0	4,4,1,1,4	0,5,16,18,9	1.0	28.91390609741211	0.7862346558630562
8643.0	32630.0	96.0	1.0	4.0	4,4,4	0,5,15	0.0	28.91390609741211	0.704816240054628
8001.0	32631.0	102.0	4.0	4.0	4,4,4	0,5,18	1.0	28.91390609741211	0.6895736315261478
8826.0	32632.0	66.0	1.0	5.0	1,1,1,4	0,5,18,9	0.0	28.91390609741211	0.7862346558630562
8828.0	32633.0	58.0	1.0	7.0	1,1,1,1,4,4	0,5,18,9,2,6	0.0	28.91390609741211	0.809491931475986
7948.0	32634.0	57.0	4.0	8.0	4,4,4,1,1,4,4	0,3,11,47,2,2,5	1.0	28.91390609741211	0.8124470517210263
8228.0	32635.0	66.0	4.0	7.0	1,1,4,4,1,4	0,5,2,6,34,9	1.0	28.91390609741211	0.7862346558630562
8634.0	32636.0	66.0	4.0	5.0	4,4,1,4	0,6,36,9	1.0	28.91390609741211	0.7862346558630562
7839.0	32637.0	66.0	1.0	6.0	3,3,2,1,4	0,18,21,38,9	0.0	28.91390609741211	0.7862346558630562
8633.0	32638.0	66.0	1.0	5.0	4,4,1,4	0,6,36,9	0.0	28.91390609741211	0.7862346558630562
8280.0	32639.0	100.0	4.0	4.0	4,4,4	0,4,16	1.0	28.91390609741211	0.6946175175805921
8744.0	32640.0	57.0	4.0	7.0	4,4,1,1,4,4	0,6,36,2,2,6	1.0	28.91390609741211	0.8124470517210263
8574.0	32641.0	97.0	1.0	4.0	1,4,4	0,5,17	0.0	28.91390609741211	0.7022526062330682
8233.0	32642.0	50.0	1.0	10.0	1,3,1,1,4,1,3,1,4	0,4,10,5,3,25,9,13,3	0.0	28.91390609741211	0.833437170745697
8005.0	32643.0	66.0	4.0	6.0	4,4,4,1,4	0,3,8,39,9	1.0	28.91390609741211	0.7862346558630562
8773.0	32644.0	66.0	1.0	6.0	1,1,4,1,4	0,3,2,23,9	0.0	28.91390609741211	0.7862346558630562
8788.0	32645.0	66.0	1.0	5.0	4,4,1,4	0,3,24,9	0.0	28.91390609741211	0.7862346558630562
8746.0	32646.0	47.0	2.0	9.0	1,4,1,4,1,4,1,4	0,6,36,2,7,2,6,3	1.0	28.91390609741211	0.8425981356276024
8247.0	32647.0	66.0	1.0	8.0	4,1,4,1,4,1,4	0,5,2,6,5,28,9	0.0	28.91390609741211	0.7862346558630562
8003.0	32648.0	50.0	2.0	10.0	4,1,4,4,1,1,4,2,2	0,5,2,7,36,9,2,6,8	1.0	28.91390609741211	0.833437170745697
8223.0	32649.0	50.0	4.0	6.0	1,4,4,1,4	0,4,15,50,3	1.0	28.91390609741211	0.833437170745697
8775.0	32650.0	66.0	4.0	5.0	4,4,1,4	0,3,25,9	1.0	28.91390609741211	0.7862346558630562
8783.0	32651.0	58.0	2.0	7.0	4,4,1,1,4,4	0,3,25,9,2,6	1.0	28.91390609741211	0.809491931475986
8715.0	32652.0	93.0	4.0	4.0	4,4,4	0,4,16	1.0	28.91390609741211	0.7125634309047314
8776.0	32653.0	66.0	1.0	7.0	1,1,1,4,1,4	0,3,2,2,21,9	0.0	28.91390609741211	0.7862346558630562
8227.0	32654.0	58.0	4.0	10.0	4,1,1,1,4,4,1,4,4	0,5,2,2,2,8,36,2,7	1.0	28.91390609741211	0.809491931475986
8644.0	32655.0	58.0	4.0	7.0	4,4,4,1,4,4	0,3,11,37,2,5	1.0	28.91390609741211	0.809491931475986
8714.0	32656.0	93.0	4.0	4.0	4,4,4	0,5,15	1.0	28.91390609741211	0.7125634309047314
8710.0	32657.0	58.0	4.0	7.0	4,4,2,1,4,4	0,5,15,27,2,6	1.0	28.91390609741211	0.809491931475986
8281.0	32658.0	58.0	4.0	8.0	4,1,4,4,1,4,4	0,5,3,9,36,2,6	1.0	28.91390609741211	0.809491931475986
8722.0	32659.0	66.0	1.0	7.0	1,1,1,4,1,4	0,4,4,3,25,9	0.0	28.91390609741211	0.7862346558630562
7976.0	32660.0	103.0	4.0	4.0	4,4,4	0,5,18	1.0	28.91390609741211	0.6870654397681099
8827.0	32661.0	66.0	4.0	5.0	1,1,1,4	0,5,18,9	1.0	28.91390609741211	0.7862346558630562
8642.0	32662.0	47.0	4.0	13.0	1,1,4,1,4,1,1,4,1,4,1,4	0,5,2,6,3,25,9,2,6,2,6,3	1.0	28.91390609741211	0.8425981356276024
8236.0	32663.0	58.0	4.0	10.0	1,1,1,1,4,4,1,4,4	0,5,2,2,2,8,36,2,7	1.0	28.91390609741211	0.809491931475986
8625.0	32664.0	52.0	1.0	14.0	1,1,4,1,1,4,4,1,1,1,1,4,4	0,6,2,6,3,2,5,26,2,2,2,3,6	0.0	28.91390609741211	0.8273852615778692
7841.0	32665.0	108.0	1.0	6.0	3,3,4,4,4	0,18,2,6,18	0.0	28.91390609741211	0.6746606651108153
8816.0	32666.0	56.0	1.0	7.0	4,4,1,1,4,4	0,7,27,2,2,6	0.0	28.91390609741211	0.8154129598878767
8257.0	32667.0	98.0	4.0	4.0	4,4,4	0,5,18	1.0	28.91390609741211	0.6996982971375824
8805.0	32668.0	57.0	1.0	8.0	1,1,4,1,1,4,4	0,3,4,26,2,2,6	0.0	28.91390609741211	0.8124470517210263
8791.0	32669.0	66.0	4.0	6.0	4,1,4,1,4	0,4,2,21,9	1.0	28.91390609741211	0.7862346558630562
8210.0	32670.0	100.0	4.0	4.0	4,4,4	0,5,18	1.0	28.91390609741211	0.6946175175805921
7932.0	32671.0	103.0	1.0	4.0	4,4,4	0,5,20	0.0	28.91390609741211	0.6870654397681099
8792.0	32672.0	58.0	1.0	6.0	4,4,1,4,4	0,4,31,2,7	0.0	28.91390609741211	0.809491931475986
7961.0	32673.0	58.0	1.0	9.0	2,4,1,4,1,1,4,4	0,5,19,3,25,9,2,6	0.0	28.91390609741211	0.809491931475986
8230.0	32674.0	66.0	4.0	6.0	4,4,2,1,4	0,4,15,28,9	1.0	28.91390609741211	0.7862346558630562
8621.0	32675.0	58.0	1.0	8.0	1,1,4,4,1,4,4	0,6,2,6,36,2,7	0.0	28.91390609741211	0.809491931475986
7989.0	32676.0	102.0	4.0	4.0	4,4,4	0,5,18	1.0	28.91390609741211	0.6895736315261478
8709.0	32677.0	66.0	1.0	6.0	1,4,1,1,4	0,5,15,18,9	0.0	28.91390609741211	0.7862346558630562
8577.0	32678.0	58.0	4.0	8.0	1,1,4,4,1,4,4	0,5,2,8,36,2,7	1.0	28.91390609741211	0.809491931475986
7968.0	32680.0	103.0	1.0	4.0	4,4,4	0,5,18	0.0	28.91390609741211	0.6870654397681099
8794.0	32681.0	66.0	1.0	6.0	1,1,4,1,4	0,4,2,21,9	0.0	28.91390609741211	0.7862346558630562
8815.0	32682.0	66.0	1.0	5.0	1,4,1,4	0,3,22,9	0.0	28.91390609741211	0.7862346558630562
8699.0	32683.0	93.0	1.0	4.0	4,4,4	0,5,16	0.0	28.91390609741211	0.7125634309047314
8628.0	32684.0	58.0	1.0	8.0	1,1,4,4,1,4,4	0,4,2,8,36,2,7	0.0	28.91390609741211	0.809491931475986
8729.0	32685.0	66.0	4.0	5.0	1,4,1,4	0,4,32,9	1.0	28.91390609741211	0.7862346558630562
8560.0	32768.0	59.0	4.0	8.0	1,1,4,4,1,4,4	0,5,3,8,36,2,7	1.0	28.91390609741211	0.8065475599137603
8318.0	32769.0	59.0	1.0	7.0	4,4,4,1,3,4	0,4,11,50,2,7	0.0	28.91390609741211	0.8065475599137603
8421.0	32770.0	58.0	4.0	7.0	4,4,4,1,4,4	0,4,13,43,2,7	1.0	28.91390609741211	0.809491931475986
8808.0	32771.0	59.0	4.0	6.0	4,4,1,4,4	0,4,29,2,7	1.0	28.91390609741211	0.8065475599137603
8718.0	32772.0	59.0	4.0	6.0	1,4,1,4,4	0,8,36,2,7	1.0	28.91390609741211	0.8065475599137603
8594.0	32773.0	48.0	4.0	6.0	1,4,4,1,4	0,4,15,49,4	1.0	28.91390609741211	0.8395333466007339
8503.0	32774.0	46.0	4.0	12.0	4,1,4,1,4,4,1,1,4,4,2	0,3,2,6,2,7,35,2,2,5,13	1.0	28.91390609741211	0.8456741129316458
8842.0	32775.0	59.0	4.0	6.0	4,4,1,4,4	0,4,27,2,7	1.0	28.91390609741211	0.8065475599137603
8707.0	32776.0	91.0	4.0	4.0	4,4,4	0,5,18	1.0	28.91390609741211	0.717775475837617
8720.0	32777.0	91.0	4.0	4.0	4,4,4	0,4,17	1.0	28.91390609741211	0.717775475837617
8544.0	32778.0	98.0	4.0	4.0	1,4,4	0,5,18	1.0	28.91390609741211	0.6996982971375824
8539.0	32779.0	51.0	4.0	11.0	1,1,1,4,4,1,4,1,4,4	0,4,2,3,9,35,2,7,2,6	1.0	28.91390609741211	0.830405702970631
8398.0	32780.0	68.0	4.0	5.0	4,4,4,2	0,3,9,48	1.0	28.91390609741211	0.780525502385267
8364.0	32781.0	68.0	4.0	5.0	4,4,4,2	0,3,9,50	1.0	28.91390609741211	0.780525502385267
8389.0	32782.0	51.0	4.0	7.0	4,4,4,1,4,4	0,5,15,50,2,6	1.0	28.91390609741211	0.830405702970631
8595.0	32783.0	57.0	4.0	7.0	1,4,4,1,4,4	0,4,12,38,2,7	1.0	28.91390609741211	0.8124470517210263
8680.0	32784.0	57.0	4.0	7.0	4,4,4,1,4,4	0,3,11,38,2,7	1.0	28.91390609741211	0.8124470517210263
8350.0	32785.0	51.0	4.0	7.0	4,4,4,1,4,4	0,4,16,53,2,6	1.0	28.91390609741211	0.830405702970631
8464.0	32786.0	68.0	4.0	5.0	1,4,4,2	0,3,10,44	1.0	28.91390609741211	0.780525502385267
8716.0	32787.0	48.0	4.0	9.0	4,1,4,1,3,1,4,4	0,4,4,10,18,20,2,6	1.0	28.91390609741211	0.8395333466007339
8371.0	32788.0	68.0	4.0	5.0	4,4,4,2	0,3,9,50	1.0	28.91390609741211	0.780525502385267
8357.0	32789.0	68.0	4.0	5.0	4,4,4,2	0,3,9,50	1.0	28.91390609741211	0.780525502385267
8336.0	32790.0	68.0	4.0	5.0	4,4,4,2	0,3,11,50	1.0	28.91390609741211	0.780525502385267
8320.0	32791.0	54.0	1.0	7.0	4,4,4,1,4,4	0,4,14,51,2,8	0.0	28.91390609741211	0.8213772976597389
8485.0	32792.0	76.0	1.0	10.0	4,1,4,1,4,1,4,1,4	0,5,2,7,2,7,2,5,18	0.0	28.91390609741211	0.7581004527633448
8514.0	32793.0	91.0	1.0	6.0	1,1,4,4,4	0,3,2,6,21	0.0	28.91390609741211	0.717775475837617
8317.0	32794.0	68.0	4.0	5.0	4,4,4,2	0,3,10,52	1.0	28.91390609741211	0.780525502385267
8310.0	32795.0	103.0	4.0	5.0	4,4,4,4	0,3,7,22	1.0	28.91390609741211	0.6870654397681099
8860.0	32796.0	51.0	4.0	5.0	1,1,4,4	0,5,3,8	1.0	28.91390609741211	0.830405702970631
8531.0	32797.0	76.0	4.0	9.0	1,4,1,4,1,4,1,4	0,3,9,2,5,2,7,18	1.0	28.91390609741211	0.7581004527633448
8867.0	32798.0	54.0	4.0	4.0	4,4,4	0,3,10	1.0	28.91390609741211	0.8213772976597389
8846.0	32799.0	48.0	1.0	10.0	1,1,1,1,1,1,1,4,4	0,4,1,18,9,2,2,4,11	0.0	28.91390609741211	0.8395333466007339
8504.0	32800.0	76.0	1.0	8.0	1,1,4,4,1,4,4	0,3,2,6,17,1,18	0.0	28.91390609741211	0.7581004527633448
8549.0	32801.0	48.0	4.0	7.0	4,4,4,1,4,4	0,4,13,46,2,8	1.0	28.91390609741211	0.8395333466007339
8596.0	32802.0	53.0	1.0	14.0	1,1,1,1,1,4,1,4,1,4,2,4,4	0,4,2,2,2,2,5,2,6,1,18,9,14	0.0	28.91390609741211	0.824375806461062
8685.0	32803.0	56.0	4.0	8.0	4,1,4,4,1,3,4	0,3,2,6,28,9,11	1.0	28.91390609741211	0.8154129598878767
8360.0	32804.0	48.0	1.0	7.0	4,4,4,1,4,4	0,5,15,51,2,9	0.0	28.91390609741211	0.8395333466007339
8689.0	32805.0	76.0	1.0	6.0	4,4,1,4,4	0,5,15,1,18	0.0	28.91390609741211	0.7581004527633448
8835.0	32806.0	76.0	4.0	5.0	1,1,4,4	0,4,1,18	1.0	28.91390609741211	0.7581004527633448
8611.0	32807.0	76.0	4.0	8.0	1,1,4,1,1,4,4	0,4,3,11,2,2,21	1.0	28.91390609741211	0.7581004527633448
8693.0	32808.0	76.0	1.0	5.0	4,4,1,4	0,5,16,18	0.0	28.91390609741211	0.7581004527633448
8529.0	32809.0	68.0	1.0	7.0	1,1,4,4,2,3	0,3,2,5,13,31	0.0	28.91390609741211	0.780525502385267
8864.0	32810.0	48.0	4.0	5.0	4,1,4,4	0,5,3,11	1.0	28.91390609741211	0.8395333466007339
8540.0	32811.0	59.0	4.0	12.0	1,1,4,2,1,1,1,3,4,3,4	0,4,2,6,9,2,3,1,3,16,16	1.0	28.91390609741211	0.8065475599137603
8862.0	32812.0	52.0	1.0	4.0	1,4,4	0,4,11	0.0	28.91390609741211	0.8273852615778692
8474.0	32813.0	64.0	1.0	5.0	4,4,4,2	0,4,13,44	0.0	28.91390609741211	0.7919855689416955
8447.0	32814.0	91.0	4.0	6.0	4,1,4,4,4	0,4,2,6,23	1.0	28.91390609741211	0.717775475837617
8404.0	32815.0	65.0	4.0	5.0	4,4,4,2	0,5,14,44	1.0	28.91390609741211	0.7891048734137819
8359.0	32816.0	76.0	4.0	10.0	1,4,1,1,4,1,1,4,4	0,3,10,2,3,8,3,2,23	1.0	28.91390609741211	0.7581004527633448
8525.0	32817.0	48.0	4.0	7.0	4,4,4,1,4,4	0,4,14,45,2,9	1.0	28.91390609741211	0.8395333466007339
8759.0	32818.0	68.0	1.0	4.0	4,4,3	0,5,31	0.0	28.91390609741211	0.780525502385267
8857.0	32819.0	48.0	1.0	5.0	1,1,4,4	0,4,4,11	0.0	28.91390609741211	0.8395333466007339
8369.0	32820.0	48.0	4.0	7.0	4,4,4,1,4,4	0,5,15,51,2,9	1.0	28.91390609741211	0.8395333466007339
8297.0	32821.0	99.0	4.0	5.0	1,4,4,4	0,3,8,25	1.0	28.91390609741211	0.6971532788512688
8865.0	32822.0	52.0	4.0	4.0	4,4,4	0,4,11	1.0	28.91390609741211	0.8273852615778692
8351.0	32823.0	98.0	4.0	5.0	4,4,4,4	0,3,7,24	1.0	28.91390609741211	0.6996982971375824
8347.0	32824.0	97.0	4.0	5.0	4,4,4,4	0,3,8,24	1.0	28.91390609741211	0.7022526062330682
8438.0	32825.0	76.0	1.0	6.0	1,1,4,4,3	0,5,2,7,36	0.0	28.91390609741211	0.7581004527633448
8761.0	32826.0	76.0	4.0	5.0	4,1,4,4	0,4,2,22	1.0	28.91390609741211	0.7581004527633448
8439.0	32827.0	76.0	1.0	10.0	1,1,1,4,1,4,1,4,4	0,4,2,2,6,2,6,3,25	0.0	28.91390609741211	0.7581004527633448
8291.0	32828.0	99.0	4.0	5.0	3,4,4,4	0,3,7,26	1.0	28.91390609741211	0.6971532788512688
8684.0	32829.0	76.0	4.0	6.0	4,4,1,4,4	0,3,11,2,23	1.0	28.91390609741211	0.7581004527633448
8365.0	32830.0	94.0	4.0	5.0	4,4,4,4	0,3,7,26	1.0	28.91390609741211	0.7099716181631116
8515.0	32831.0	76.0	1.0	7.0	1,4,1,1,4,4	0,4,14,3,2,23	0.0	28.91390609741211	0.7581004527633448
8243.0	32853.0	99.0	4.0	4.0	4,4,4	0,5,18	1.0	28.91390609741211	0.6971532788512688
8253.0	32854.0	99.0	4.0	4.0	4,4,4	0,5,18	1.0	28.91390609741211	0.6971532788512688
8251.0	32855.0	94.0	1.0	6.0	1,1,4,4,4	0,5,2,5,16	0.0	28.91390609741211	0.7099716181631116
8653.0	32856.0	59.0	4.0	8.0	1,4,1,4,1,4,4	0,5,14,4,26,2,7	1.0	28.91390609741211	0.8065475599137603
8012.0	32857.0	48.0	4.0	6.0	2,4,4,1,4	0,5,16,53,3	1.0	28.91390609741211	0.8395333466007339
8820.0	32858.0	59.0	4.0	6.0	1,4,1,4,4	0,4,29,2,7	1.0	28.91390609741211	0.8065475599137603
8215.0	32859.0	101.0	4.0	4.0	1,4,4	0,5,18	1.0	28.91390609741211	0.6920909796549344
7935.0	32860.0	104.0	4.0	4.0	4,4,4	0,5,20	1.0	28.91390609741211	0.684566371076279
7918.0	32861.0	67.0	4.0	6.0	4,4,4,1,4	0,3,8,43,9	1.0	28.91390609741211	0.7833748781778871
8784.0	32862.0	59.0	1.0	8.0	1,1,1,4,1,4,4	0,4,2,4,26,2,7	0.0	28.91390609741211	0.8065475599137603
8821.0	32863.0	51.0	1.0	10.0	1,1,1,1,1,4,1,4,4	0,3,4,18,9,2,6,2,6	0.0	28.91390609741211	0.830405702970631
7967.0	32864.0	104.0	4.0	4.0	4,4,4	0,5,18	1.0	28.91390609741211	0.684566371076279
8274.0	32865.0	99.0	4.0	4.0	4,4,4	0,5,17	1.0	28.91390609741211	0.6971532788512688
7840.0	32866.0	59.0	1.0	9.0	3,3,4,4,2,1,4,4	0,18,2,6,23,36,2,7	0.0	28.91390609741211	0.8065475599137603
8804.0	32867.0	59.0	4.0	6.0	4,4,1,4,4	0,7,27,2,6	1.0	28.91390609741211	0.8065475599137603
8748.0	32868.0	59.0	1.0	6.0	4,4,1,4,4	0,6,36,2,7	0.0	28.91390609741211	0.8065475599137603
8284.0	32869.0	98.0	4.0	4.0	4,4,4	0,5,17	1.0	28.91390609741211	0.6996982971375824
8569.0	32870.0	59.0	4.0	9.0	1,4,1,4,4,1,4,4	0,5,14,2,5,26,2,7	1.0	28.91390609741211	0.8065475599137603
8193.0	32871.0	59.0	1.0	8.0	4,4,1,4,1,4,4	0,4,12,5,36,2,7	0.0	28.91390609741211	0.8065475599137603
8570.0	32872.0	48.0	4.0	6.0	4,4,4,1,4	0,5,15,49,3	1.0	28.91390609741211	0.8395333466007339
8655.0	32873.0	94.0	4.0	4.0	4,4,4	0,5,18	1.0	28.91390609741211	0.7099716181631116
7868.0	32874.0	59.0	1.0	9.0	4,4,1,4,4,1,4,4	0,5,18,2,7,34,2,6	0.0	28.91390609741211	0.8065475599137603
8009.0	32875.0	67.0	1.0	7.0	4,4,1,4,1,4	0,4,17,3,25,9	0.0	28.91390609741211	0.7833748781778871
7886.0	32876.0	56.0	1.0	9.0	4,4,4,1,1,1,4,4	0,4,11,49,2,2,2,6	0.0	28.91390609741211	0.8154129598878767
8747.0	32877.0	59.0	4.0	6.0	4,4,1,4,4	0,6,36,2,7	1.0	28.91390609741211	0.8065475599137603
8635.0	32878.0	59.0	4.0	9.0	1,1,1,4,4,1,4,4	0,4,2,2,6,36,2,7	1.0	28.91390609741211	0.8065475599137603
7938.0	32879.0	59.0	1.0	7.0	4,4,4,1,4,4	0,3,11,47,2,7	0.0	28.91390609741211	0.8065475599137603
8197.0	32880.0	101.0	4.0	4.0	4,4,4	0,5,19	1.0	28.91390609741211	0.6920909796549344
8209.0	32881.0	67.0	1.0	7.0	1,4,1,4,1,4	0,4,16,3,25,9	0.0	28.91390609741211	0.7833748781778871
8819.0	32882.0	59.0	4.0	6.0	4,4,1,4,4	0,7,27,2,6	1.0	28.91390609741211	0.8065475599137603
8256.0	32883.0	99.0	4.0	4.0	4,4,4	0,5,18	1.0	28.91390609741211	0.6971532788512688
7859.0	32884.0	59.0	4.0	7.0	4,4,4,1,4,4	0,3,10,54,2,7	1.0	28.91390609741211	0.8065475599137603
7960.0	32885.0	104.0	4.0	4.0	4,4,4	0,5,19	1.0	28.91390609741211	0.684566371076279
8697.0	32886.0	94.0	1.0	4.0	4,4,4	0,5,16	0.0	28.91390609741211	0.7099716181631116
8713.0	32887.0	59.0	4.0	8.0	1,1,4,4,1,4,4	0,4,2,5,35,2,7	1.0	28.91390609741211	0.8065475599137603
8785.0	32888.0	59.0	4.0	6.0	4,4,1,4,4	0,4,32,2,7	1.0	28.91390609741211	0.8065475599137603
7861.0	32889.0	59.0	1.0	8.0	4,4,4,2,1,4,4	0,3,7,24,33,2,7	0.0	28.91390609741211	0.8065475599137603
8219.0	32890.0	59.0	1.0	7.0	4,4,4,1,4,4	0,3,9,44,2,7	0.0	28.91390609741211	0.8065475599137603
8652.0	32891.0	76.0	1.0	10.0	1,1,1,1,4,1,4,1,4	0,3,2,2,2,5,2,7,18	0.0	28.91390609741211	0.7581004527633448
8614.0	32892.0	67.0	4.0	7.0	1,1,4,4,1,4	0,3,2,5,33,9	1.0	28.91390609741211	0.7833748781778871
8584.0	32893.0	59.0	4.0	7.0	1,4,4,1,4,4	0,3,8,40,2,7	1.0	28.91390609741211	0.8065475599137603
8803.0	32894.0	51.0	1.0	9.0	1,4,1,1,4,1,4,4	0,4,29,2,2,5,2,6	0.0	28.91390609741211	0.830405702970631
8796.0	32895.0	59.0	4.0	6.0	4,4,1,4,4	0,4,31,2,7	1.0	28.91390609741211	0.8065475599137603
7953.0	32896.0	51.0	4.0	11.0	4,4,1,4,1,1,4,1,4,4	0,5,19,3,25,9,2,6,2,6	1.0	28.91390609741211	0.830405702970631
8618.0	32897.0	59.0	4.0	8.0	1,1,4,4,1,4,4	0,3,3,8,36,2,7	1.0	28.91390609741211	0.8065475599137603
8648.0	32898.0	76.0	4.0	10.0	1,1,1,1,1,1,1,4,4	0,5,2,2,4,3,2,2,21	1.0	28.91390609741211	0.7581004527633448
8568.0	32899.0	57.0	1.0	7.0	4,4,4,1,4,4	0,4,12,38,2,7	0.0	28.91390609741211	0.8124470517210263
8623.0	32900.0	94.0	4.0	4.0	4,4,4	0,6,18	1.0	28.91390609741211	0.7099716181631116
8795.0	32901.0	59.0	4.0	6.0	4,4,1,4,4	0,5,30,2,7	1.0	28.91390609741211	0.8065475599137603
7926.0	32902.0	59.0	4.0	7.0	4,4,4,1,4,4	0,3,10,48,2,7	1.0	28.91390609741211	0.8065475599137603
7941.0	32903.0	104.0	4.0	4.0	1,4,4	0,5,20	1.0	28.91390609741211	0.684566371076279
8587.0	32904.0	51.0	1.0	7.0	1,4,4,1,4,4	0,3,12,45,2,6	0.0	28.91390609741211	0.830405702970631
7899.0	32905.0	94.0	4.0	7.0	4,4,1,4,4,4	0,3,9,2,6,18	1.0	28.91390609741211	0.7099716181631116
8695.0	32906.0	57.0	4.0	7.0	4,4,4,1,4,4	0,3,9,37,2,7	1.0	28.91390609741211	0.8124470517210263
8787.0	32907.0	51.0	1.0	9.0	1,4,1,1,4,1,4,4	0,3,24,9,2,6,2,6	0.0	28.91390609741211	0.830405702970631
8646.0	32908.0	94.0	4.0	4.0	4,4,4	0,5,18	1.0	28.91390609741211	0.7099716181631116
7877.0	32909.0	58.0	4.0	7.0	1,4,4,1,4,4	0,4,14,48,2,7	1.0	28.91390609741211	0.809491931475986
8701.0	32910.0	59.0	4.0	7.0	4,4,4,1,4,4	0,3,8,36,2,7	1.0	28.91390609741211	0.8065475599137603
8201.0	32911.0	94.0	1.0	6.0	1,1,4,4,4	0,5,2,5,18	0.0	28.91390609741211	0.7099716181631116
8656.0	32912.0	94.0	1.0	4.0	4,4,4	0,5,18	0.0	28.91390609741211	0.7099716181631116
8831.0	32913.0	76.0	1.0	4.0	1,1,4	0,5,18	0.0	28.91390609741211	0.7581004527633448
8782.0	32914.0	48.0	4.0	12.0	1,1,1,1,1,1,1,1,4,4,4	0,3,2,2,3,18,9,2,2,5,10	1.0	28.91390609741211	0.8395333466007339
8267.0	32915.0	76.0	1.0	7.0	1,1,4,4,1,4	0,4,2,5,16,18	0.0	28.91390609741211	0.7581004527633448
8853.0	32916.0	54.0	1.0	4.0	4,4,4	0,3,10	0.0	28.91390609741211	0.8213772976597389
8797.0	32917.0	48.0	4.0	10.0	1,1,1,1,1,1,4,4,4	0,5,4,18,9,2,2,5,10	1.0	28.91390609741211	0.8395333466007339
7963.0	32918.0	94.0	1.0	6.0	1,1,4,4,4	0,5,2,6,21	0.0	28.91390609741211	0.7099716181631116
8581.0	32919.0	76.0	4.0	7.0	4,1,4,4,1,4	0,3,2,5,15,18	1.0	28.91390609741211	0.7581004527633448
8869.0	32920.0	54.0	1.0	4.0	4,4,4	0,3,10	0.0	28.91390609741211	0.8213772976597389
8264.0	32921.0	76.0	1.0	7.0	1,1,4,4,1,4	0,5,2,5,15,18	0.0	28.91390609741211	0.7581004527633448
7871.0	32922.0	101.0	4.0	5.0	4,4,4,4	0,3,7,22	1.0	28.91390609741211	0.6920909796549344
8657.0	32923.0	76.0	1.0	5.0	4,4,1,4	0,5,18,18	0.0	28.91390609741211	0.7581004527633448
8659.0	32924.0	76.0	1.0	5.0	1,4,1,4	0,5,18,18	0.0	28.91390609741211	0.7581004527633448
7882.0	32925.0	99.0	4.0	5.0	4,4,4,4	0,3,7,24	1.0	28.91390609741211	0.6971532788512688
7862.0	32926.0	48.0	1.0	9.0	1,4,4,1,4,1,4,4	0,3,11,53,2,7,2,9	0.0	28.91390609741211	0.8395333466007339
8591.0	32927.0	53.0	4.0	8.0	1,4,1,4,1,3,4	0,3,12,3,25,9,14	1.0	28.91390609741211	0.824375806461062
8208.0	32928.0	64.0	4.0	5.0	4,4,4,2	0,4,12,44	1.0	28.91390609741211	0.7919855689416955
8726.0	32929.0	76.0	1.0	6.0	1,1,2,4,4	0,8,3,3,22	0.0	28.91390609741211	0.7581004527633448
8270.0	32930.0	48.0	4.0	7.0	4,4,4,1,4,4	0,4,13,41,4,11	1.0	28.91390609741211	0.8395333466007339
8582.0	32931.0	48.0	4.0	7.0	1,4,4,1,4,4	0,4,12,44,2,9	1.0	28.91390609741211	0.8395333466007339
8768.0	32932.0	76.0	1.0	5.0	4,1,4,4	0,4,2,22	0.0	28.91390609741211	0.7581004527633448
8781.0	32933.0	76.0	4.0	5.0	4,1,4,4	0,5,2,21	1.0	28.91390609741211	0.7581004527633448
8871.0	32934.0	51.0	1.0	4.0	4,4,4	0,4,12	0.0	28.91390609741211	0.830405702970631
7946.0	32935.0	94.0	4.0	5.0	2,4,4,4	0,3,7,24	1.0	28.91390609741211	0.7099716181631116
7919.0	32936.0	94.0	1.0	5.0	4,4,4,4	0,3,8,25	0.0	28.91390609741211	0.7099716181631116
8583.0	32937.0	76.0	1.0	7.0	1,4,1,1,4,4	0,3,12,3,2,23	0.0	28.91390609741211	0.7581004527633448
7974.0	32938.0	59.0	4.0	5.0	4,4,4,2	0,5,14,49	1.0	28.91390609741211	0.8065475599137603
8609.0	32939.0	76.0	4.0	6.0	4,4,1,4,4	0,4,14,2,23	1.0	28.91390609741211	0.7581004527633448
8590.0	32940.0	76.0	1.0	6.0	1,4,1,4,4	0,5,14,2,22	0.0	28.91390609741211	0.7581004527633448
8780.0	32941.0	68.0	4.0	4.0	4,4,3	0,5,31	1.0	28.91390609741211	0.780525502385267
8799.0	32942.0	76.0	4.0	4.0	4,4,4	0,3,22	1.0	28.91390609741211	0.7581004527633448
8852.0	32943.0	48.0	1.0	4.0	1,4,4	0,4,15	0.0	28.91390609741211	0.8395333466007339
8694.0	32944.0	59.0	1.0	12.0	4,1,1,1,1,1,1,4,1,4,4	0,5,2,4,3,2,2,3,26,2,7	0.0	28.91390609741211	0.8065475599137603
8855.0	32945.0	48.0	4.0	4.0	4,4,4	0,4,15	1.0	28.91390609741211	0.8395333466007339
7929.0	32946.0	76.0	4.0	8.0	4,4,1,4,1,4,4	0,5,14,2,7,2,23	1.0	28.91390609741211	0.7581004527633448
8633.0	32947.0	1.0	4.0	6.0	4,4,1,4,1	0,6,36,9,66	1.0	28.91390609741211	0.9963626918963144
7854.0	32948.0	94.0	4.0	5.0	4,4,4,4	0,5,8,28	1.0	28.91390609741211	0.7099716181631116
8688.0	33012.0	2.0	4.0	8.0	4,4,4,1,4,4,1	0,3,11,35,2,7,56	1.0	28.91390609741211	0.9927386138028701
8395.0	33013.0	2.0	4.0	6.0	4,4,4,2,1	0,3,9,40,75	1.0	28.91390609741211	0.9927386138028701
8550.0	33014.0	2.0	4.0	6.0	4,4,4,1,1	0,4,16,82,18	1.0	28.91390609741211	0.9927386138028701
8518.0	33015.0	2.0	4.0	9.0	4,4,4,1,1,1,4,1	0,4,15,49,2,4,2,45	1.0	28.91390609741211	0.9927386138028701
8512.0	33016.0	2.0	4.0	8.0	1,4,4,1,4,4,1	0,4,11,41,2,6,58	1.0	28.91390609741211	0.9927386138028701
8513.0	33017.0	2.0	4.0	11.0	1,1,4,1,4,4,1,4,4,1	0,4,2,7,2,7,33,2,7,58	1.0	28.91390609741211	0.9927386138028701
8469.0	33018.0	2.0	4.0	5.0	4,4,4,1	0,5,17,102	1.0	28.91390609741211	0.9927386138028701
8299.0	33019.0	2.0	1.0	9.0	4,4,1,4,4,1,4,1	0,5,18,2,6,28,9,66	0.0	28.91390609741211	0.9927386138028701
8459.0	33020.0	2.0	4.0	8.0	4,4,4,1,4,4,1	0,3,10,44,2,7,58	1.0	28.91390609741211	0.9927386138028701
8606.0	33021.0	2.0	4.0	5.0	4,4,4,1	0,5,16,97	1.0	28.91390609741211	0.9927386138028701
8430.0	33022.0	2.0	4.0	5.0	4,4,4,1	0,5,18,103	1.0	28.91390609741211	0.9927386138028701
8426.0	33023.0	2.0	4.0	11.0	1,4,4,1,1,2,1,1,4,1	0,4,13,48,3,2,3,2,4,47	1.0	28.91390609741211	0.9927386138028701
8551.0	33024.0	2.0	4.0	7.0	1,1,4,4,4,1	0,5,2,5,15,93	1.0	28.91390609741211	0.9927386138028701
8470.0	33025.0	2.0	4.0	11.0	1,1,1,4,4,4,1,1,1,1	0,3,2,2,6,15,49,2,27,18	1.0	28.91390609741211	0.9927386138028701
8670.0	33026.0	2.0	1.0	10.0	4,4,1,1,1,4,4,1,1	0,6,36,9,2,2,5,39,18	0.0	28.91390609741211	0.9927386138028701
8379.0	33027.0	2.0	4.0	6.0	4,2,4,4,1	0,5,7,19,97	1.0	28.91390609741211	0.9927386138028701
8446.0	33028.0	2.0	4.0	9.0	4,4,4,1,1,4,4,1	0,3,11,44,2,2,7,56	1.0	28.91390609741211	0.9927386138028701
8679.0	33029.0	2.0	4.0	13.0	1,1,4,1,4,1,1,1,4,2,4,1	0,6,2,6,3,7,18,9,2,6,7,51	1.0	28.91390609741211	0.9927386138028701
8813.0	33030.0	2.0	4.0	11.0	1,1,1,1,1,1,4,4,1,1	0,6,1,18,9,2,2,5,39,18	1.0	28.91390609741211	0.9927386138028701
8375.0	33031.0	2.0	4.0	9.0	1,4,4,1,1,4,4,1	0,3,10,48,2,2,6,57	1.0	28.91390609741211	0.9927386138028701
8600.0	33032.0	2.0	4.0	12.0	4,1,1,4,1,4,4,1,4,4,1	0,5,3,2,6,3,6,27,2,7,58	1.0	28.91390609741211	0.9927386138028701
8530.0	33033.0	2.0	4.0	7.0	1,4,4,1,4,1	0,4,15,52,3,47	1.0	28.91390609741211	0.9927386138028701
8424.0	33034.0	2.0	1.0	13.0	1,4,1,1,4,1,1,4,1,4,4,1	0,4,14,5,3,25,9,2,6,2,5,51	0.0	28.91390609741211	0.9927386138028701
8500.0	33035.0	2.0	4.0	5.0	1,4,4,1	0,5,17,100	1.0	28.91390609741211	0.9927386138028701
8449.0	33036.0	2.0	1.0	15.0	4,1,4,4,1,4,1,1,4,1,4,1,4,1	0,3,2,5,17,2,21,8,2,7,2,6,3,47	0.0	28.91390609741211	0.9927386138028701
8434.0	33037.0	2.0	4.0	5.0	4,4,4,1	0,5,18,103	1.0	28.91390609741211	0.9927386138028701
8837.0	33038.0	2.0	4.0	7.0	4,4,1,4,4,1	0,4,27,2,7,58	1.0	28.91390609741211	0.9927386138028701
8481.0	33039.0	2.0	1.0	14.0	1,1,1,4,1,2,1,4,4,1,4,4,1	0,5,2,2,6,5,3,2,5,26,2,7,58	0.0	28.91390609741211	0.9927386138028701
8807.0	33040.0	2.0	3.0	10.0	4,1,4,1,1,4,4,1,1	0,6,1,18,9,2,6,40,18	1.0	28.91390609741211	0.9927386138028701
8692.0	33041.0	2.0	4.0	8.0	4,1,4,4,1,4,1	0,3,2,6,28,9,66	1.0	28.91390609741211	0.9927386138028701
8534.0	33042.0	2.0	4.0	6.0	4,4,4,1,4	0,5,16,82,18	1.0	28.91390609741211	0.9927386138028701
8410.0	33043.0	2.0	4.0	6.0	4,2,4,4,1	0,5,6,19,97	1.0	28.91390609741211	0.9927386138028701
8468.0	33044.0	2.0	4.0	8.0	1,4,4,1,4,4,1	0,3,10,44,2,7,58	1.0	28.91390609741211	0.9927386138028701
8541.0	33045.0	2.0	4.0	5.0	1,4,4,1	0,5,18,97	1.0	28.91390609741211	0.9927386138028701
8738.0	33046.0	2.0	4.0	6.0	4,4,2,1,1	0,6,36,49,18	1.0	28.91390609741211	0.9927386138028701
8844.0	33047.0	2.0	4.0	7.0	4,4,1,4,4,1	0,5,26,2,7,58	1.0	28.91390609741211	0.9927386138028701
8859.0	33048.0	2.0	4.0	6.0	4,4,1,4,1	0,5,14,2,45	1.0	28.91390609741211	0.9927386138028701
8843.0	33049.0	2.0	4.0	9.0	1,4,1,1,4,4,1,4	0,5,26,2,2,5,40,18	1.0	28.91390609741211	0.9927386138028701
8362.0	33050.0	2.0	4.0	5.0	1,4,4,1	0,5,21,103	1.0	28.91390609741211	0.9927386138028701
8839.0	33051.0	2.0	4.0	7.0	4,4,1,4,4,1	0,5,26,2,7,58	1.0	28.91390609741211	0.9927386138028701
8537.0	33052.0	2.0	4.0	9.0	1,4,1,1,4,1,4,1	0,5,15,2,2,21,9,66	1.0	28.91390609741211	0.9927386138028701
8420.0	33053.0	2.0	4.0	11.0	4,1,4,1,4,4,1,4,4,1	0,5,2,6,2,8,36,2,7,58	1.0	28.91390609741211	0.9927386138028701
8592.0	33054.0	2.0	4.0	8.0	1,1,4,4,1,4,1	0,4,2,5,33,8,67	1.0	28.91390609741211	0.9927386138028701
8563.0	33055.0	2.0	4.0	9.0	1,1,1,4,4,2,2,1	0,5,3,2,6,28,20,55	1.0	28.91390609741211	0.9927386138028701
8328.0	33056.0	2.0	4.0	9.0	4,4,1,4,4,1,4,1	0,5,16,2,6,28,9,66	1.0	28.91390609741211	0.9927386138028701
8845.0	33057.0	2.0	4.0	9.0	1,1,1,3,1,4,4,1	0,5,18,9,8,2,5,51	1.0	28.91390609741211	0.9927386138028701
8597.0	33058.0	2.0	4.0	9.0	1,1,4,1,4,1,4,1	0,3,2,6,5,28,9,66	1.0	28.91390609741211	0.9927386138028701
8814.0	33059.0	2.0	4.0	10.0	1,1,4,1,1,4,4,1,1	0,3,3,27,2,2,5,40,18	1.0	28.91390609741211	0.9927386138028701
8598.0	33060.0	2.0	4.0	6.0	1,4,4,1,4	0,5,16,80,18	1.0	28.91390609741211	0.9927386138028701
8665.0	33061.0	2.0	4.0	7.0	4,1,4,4,2,1	0,6,2,6,36,67	1.0	28.91390609741211	0.9927386138028701
8548.0	33062.0	2.0	4.0	11.0	1,1,4,1,4,1,1,4,4,1	0,5,2,5,5,28,9,2,6,58	1.0	28.91390609741211	0.9927386138028701
8836.0	33063.0	2.0	4.0	12.0	1,1,1,1,1,1,4,4,1,1,1	0,4,1,18,8,2,2,5,13,27,18	1.0	28.91390609741211	0.9927386138028701
8435.0	33064.0	2.0	4.0	6.0	4,4,4,1,4	0,5,17,85,18	1.0	28.91390609741211	0.9927386138028701
8400.0	33065.0	2.0	4.0	8.0	4,4,1,4,1,4,1	0,5,19,3,25,9,66	1.0	28.91390609741211	0.9927386138028701
8419.0	33066.0	2.0	4.0	5.0	4,4,4,1	0,5,18,103	1.0	28.91390609741211	0.9927386138028701
8381.0	33067.0	2.0	4.0	8.0	4,4,4,1,4,4,1	0,3,10,48,2,7,58	1.0	28.91390609741211	0.9927386138028701
8605.0	33068.0	2.0	4.0	9.0	1,1,4,4,1,4,4,1	0,4,3,8,36,2,7,58	1.0	28.91390609741211	0.9927386138028701
8461.0	33069.0	2.0	1.0	5.0	4,4,4,1	0,4,17,103	0.0	28.91390609741211	0.9927386138028701
8527.0	33070.0	2.0	4.0	8.0	4,1,4,4,1,4,1	0,5,2,6,33,9,66	1.0	28.91390609741211	0.9927386138028701
8417.0	33071.0	2.0	4.0	5.0	1,4,4,1	0,5,18,103	1.0	28.91390609741211	0.9927386138028701
8303.0	33072.0	2.0	4.0	10.0	1,4,1,4,1,4,1,4,1	0,5,14,2,6,4,28,8,67	1.0	28.91390609741211	0.9927386138028701
8608.0	33073.0	2.0	4.0	8.0	1,4,1,4,1,4,1	0,5,17,2,19,9,66	1.0	28.91390609741211	0.9927386138028701
8668.0	33074.0	2.0	4.0	10.0	1,1,4,4,1,1,4,4,1	0,3,3,8,36,2,2,6,57	1.0	28.91390609741211	0.9927386138028701
8233.0	33080.0	2.0	1.0	11.0	1,3,1,1,4,1,3,1,4,1	0,4,10,5,3,25,9,13,3,50	0.0	28.91390609741211	0.9927386138028701
8805.0	33081.0	2.0	4.0	9.0	1,1,4,1,1,4,4,1	0,3,4,26,2,2,6,57	1.0	28.91390609741211	0.9927386138028701
8868.0	33082.0	2.0	1.0	7.0	1,1,1,1,4,1	0,5,3,2,3,53	0.0	28.91390609741211	0.9927386138028701
8826.0	33083.0	2.0	4.0	6.0	1,1,1,4,1	0,5,18,9,66	1.0	28.91390609741211	0.9927386138028701
7869.0	33084.0	2.0	4.0	5.0	4,4,4,1	0,5,18,109	1.0	28.91390609741211	0.9927386138028701
8743.0	33085.0	2.0	4.0	7.0	1,1,4,1,4,1	0,6,3,25,9,66	1.0	28.91390609741211	0.9927386138028701
8800.0	33086.0	2.0	4.0	9.0	1,1,1,1,1,4,4,1	0,3,4,18,9,2,6,58	1.0	28.91390609741211	0.9927386138028701
8641.0	33087.0	2.0	4.0	10.0	1,4,1,2,1,1,4,4,1	0,5,18,18,9,2,2,5,57	1.0	28.91390609741211	0.9927386138028701
8772.0	33088.0	2.0	4.0	7.0	1,1,4,1,4,1	0,3,2,23,9,66	1.0	28.91390609741211	0.9927386138028701
8254.0	33089.0	2.0	4.0	6.0	4,4,4,1,1	0,5,16,53,47	1.0	28.91390609741211	0.9927386138028701
8848.0	33090.0	2.0	1.0	4.0	4,4,1	0,5,61	0.0	28.91390609741211	0.9927386138028701
8792.0	33091.0	2.0	4.0	7.0	4,4,1,4,4,1	0,4,31,2,7,58	1.0	28.91390609741211	0.9927386138028701
8212.0	33092.0	2.0	4.0	6.0	4,4,4,1,1	0,4,16,56,47	1.0	28.91390609741211	0.9927386138028701
8574.0	33093.0	2.0	4.0	5.0	1,4,4,1	0,5,17,97	1.0	28.91390609741211	0.9927386138028701
8830.0	33094.0	2.0	4.0	6.0	4,1,1,4,1	0,5,18,9,66	1.0	28.91390609741211	0.9927386138028701
8788.0	33095.0	2.0	4.0	6.0	4,4,1,4,1	0,3,24,9,66	1.0	28.91390609741211	0.9927386138028701
7961.0	33096.0	2.0	4.0	10.0	2,4,1,4,1,1,4,4,1	0,5,19,3,25,9,2,6,58	1.0	28.91390609741211	0.9927386138028701
8870.0	33097.0	2.0	4.0	4.0	4,4,1	0,5,61	1.0	28.91390609741211	0.9927386138028701
7839.0	33098.0	2.0	4.0	7.0	3,3,2,1,4,1	0,18,21,38,9,66	1.0	28.91390609741211	0.9927386138028701
8216.0	33099.0	2.0	4.0	11.0	1,1,1,4,4,1,1,4,4,1	0,3,2,2,7,42,2,2,6,57	1.0	28.91390609741211	0.9927386138028701
7990.0	33100.0	2.0	4.0	5.0	1,4,4,1	0,4,18,103	1.0	28.91390609741211	0.9927386138028701
7932.0	33101.0	2.0	4.0	5.0	4,4,4,1	0,5,20,103	1.0	28.91390609741211	0.9927386138028701
8854.0	33102.0	2.0	4.0	8.0	1,1,1,1,1,4,1	0,4,4,2,3,3,50	1.0	28.91390609741211	0.9927386138028701
8628.0	33103.0	2.0	4.0	9.0	1,1,4,4,1,4,4,1	0,4,2,8,36,2,7,58	1.0	28.91390609741211	0.9927386138028701
8851.0	33104.0	2.0	1.0	7.0	1,1,1,1,4,1	0,5,3,2,3,53	0.0	28.91390609741211	0.9927386138028701
8828.0	33105.0	2.0	4.0	8.0	1,1,1,1,4,4,1	0,5,18,9,2,6,58	1.0	28.91390609741211	0.9927386138028701
8815.0	33106.0	2.0	1.0	6.0	1,4,1,4,1	0,3,22,9,66	0.0	28.91390609741211	0.9927386138028701
8849.0	33107.0	2.0	1.0	5.0	1,4,1,1	0,4,15,47	0.0	28.91390609741211	0.9927386138028701
8709.0	33108.0	2.0	4.0	7.0	1,4,1,1,4,1	0,5,15,18,9,66	1.0	28.91390609741211	0.9927386138028701
8776.0	33109.0	2.0	1.0	8.0	1,1,1,4,1,4,1	0,3,2,2,21,9,66	0.0	28.91390609741211	0.9927386138028701
7841.0	33110.0	2.0	4.0	7.0	3,3,4,4,4,1	0,18,2,6,18,108	1.0	28.91390609741211	0.9927386138028701
7852.0	33111.0	2.0	1.0	15.0	4,1,1,1,4,1,1,4,4,1,1,4,4,1	0,3,2,6,2,6,2,2,8,36,2,2,5,58	0.0	28.91390609741211	0.9927386138028701
8643.0	33112.0	2.0	4.0	5.0	4,4,4,1	0,5,15,96	1.0	28.91390609741211	0.9927386138028701
8816.0	33113.0	2.0	4.0	8.0	4,4,1,1,4,4,1	0,7,27,2,2,6,56	1.0	28.91390609741211	0.9927386138028701
8699.0	33114.0	2.0	1.0	5.0	4,4,4,1	0,5,16,93	0.0	28.91390609741211	0.9927386138028701
8205.0	33115.0	2.0	4.0	5.0	4,4,4,1	0,5,16,102	1.0	28.91390609741211	0.9927386138028701
8287.0	33116.0	2.0	1.0	13.0	1,1,1,4,1,4,4,1,1,4,4,1	0,3,2,3,8,3,7,27,2,2,5,57	0.0	28.91390609741211	0.9927386138028701
8214.0	33117.0	2.0	4.0	10.0	4,4,1,4,1,3,1,4,1	0,4,16,3,25,9,13,3,50	1.0	28.91390609741211	0.9927386138028701
8621.0	33118.0	2.0	4.0	9.0	1,1,4,4,1,4,4,1	0,6,2,6,36,2,7,58	1.0	28.91390609741211	0.9927386138028701
8794.0	33119.0	2.0	4.0	7.0	1,1,4,1,4,1	0,4,2,21,9,66	1.0	28.91390609741211	0.9927386138028701
8773.0	33120.0	2.0	4.0	7.0	1,1,4,1,4,1	0,3,2,23,9,66	1.0	28.91390609741211	0.9927386138028701
8247.0	33121.0	2.0	4.0	9.0	4,1,4,1,4,1,4,1	0,5,2,6,5,28,9,66	1.0	28.91390609741211	0.9927386138028701
8722.0	33122.0	2.0	4.0	8.0	1,1,1,4,1,4,1	0,4,4,3,25,9,66	1.0	28.91390609741211	0.9927386138028701
7968.0	33123.0	2.0	4.0	5.0	4,4,4,1	0,5,18,103	1.0	28.91390609741211	0.9927386138028701
8866.0	33134.0	50.0	4.0	4.0	4,4,4	0,4,15	1.0	28.91390609741211	0.833437170745697
8846.0	33135.0	2.0	3.0	11.0	1,1,1,1,1,1,1,4,4,1	0,4,1,18,9,2,2,4,11,48	1.0	28.91390609741211	0.9927386138028701
8515.0	33136.0	2.0	4.0	8.0	1,4,1,1,4,4,1	0,4,14,3,2,23,76	1.0	28.91390609741211	0.9927386138028701
8596.0	33137.0	2.0	4.0	15.0	1,1,1,1,1,4,1,4,1,4,2,4,4,1	0,4,2,2,2,2,5,2,6,1,18,9,14,53	1.0	28.91390609741211	0.9927386138028701
8862.0	33138.0	2.0	4.0	5.0	1,4,4,1	0,4,11,52	1.0	28.91390609741211	0.9927386138028701
8439.0	33139.0	2.0	4.0	11.0	1,1,1,4,1,4,1,4,4,1	0,4,2,2,6,2,6,3,25,76	1.0	28.91390609741211	0.9927386138028701
8504.0	33140.0	2.0	4.0	9.0	1,1,4,4,1,4,4,1	0,3,2,6,17,1,18,76	1.0	28.91390609741211	0.9927386138028701
8857.0	33141.0	2.0	4.0	6.0	1,1,4,4,1	0,4,4,11,48	1.0	28.91390609741211	0.9927386138028701
8474.0	33142.0	2.0	4.0	6.0	4,4,4,2,1	0,4,13,44,64	1.0	28.91390609741211	0.9927386138028701
8438.0	33143.0	2.0	4.0	7.0	1,1,4,4,3,1	0,5,2,7,36,76	1.0	28.91390609741211	0.9927386138028701
8689.0	33144.0	2.0	1.0	7.0	4,4,1,4,4,1	0,5,15,1,18,76	0.0	28.91390609741211	0.9927386138028701
8529.0	33145.0	2.0	4.0	8.0	1,1,4,4,2,3,1	0,3,2,5,13,31,68	1.0	28.91390609741211	0.9927386138028701
8759.0	33146.0	2.0	4.0	5.0	4,4,3,1	0,5,31,68	1.0	28.91390609741211	0.9927386138028701
8485.0	33147.0	2.0	4.0	11.0	4,1,4,1,4,1,4,1,4,1	0,5,2,7,2,7,2,5,18,76	1.0	28.91390609741211	0.9927386138028701
8318.0	33148.0	2.0	4.0	8.0	4,4,4,1,3,4,1	0,4,11,50,2,7,59	1.0	28.91390609741211	0.9927386138028701
8514.0	33149.0	2.0	4.0	7.0	1,1,4,4,4,1	0,3,2,6,21,91	1.0	28.91390609741211	0.9927386138028701
8320.0	33150.0	2.0	4.0	8.0	4,4,4,1,4,4,1	0,4,14,51,2,8,54	1.0	28.91390609741211	0.9927386138028701
8891.0	33151.0	3.0	1.0	2.0	4	0	0.0	28.91390609741211	0.9891277175980433
8360.0	33152.0	2.0	4.0	8.0	4,4,4,1,4,4,1	0,5,15,51,2,9,48	1.0	28.91390609741211	0.9927386138028701
8693.0	33153.0	2.0	4.0	6.0	4,4,1,4,1	0,5,16,18,76	1.0	28.91390609741211	0.9927386138028701
8659.0	33156.0	2.0	4.0	6.0	1,4,1,4,1	0,5,18,18,76	1.0	28.91390609741211	0.9927386138028701
8229.0	33157.0	78.0	1.0	6.0	4,4,1,4,4	0,5,17,2,23	0.0	28.91390609741211	0.7525955925996112
8853.0	33158.0	2.0	4.0	5.0	4,4,4,1	0,3,10,54	1.0	28.91390609741211	0.9927386138028701
8583.0	33159.0	2.0	4.0	8.0	1,4,1,1,4,4,1	0,3,12,3,2,23,76	1.0	28.91390609741211	0.9927386138028701
7919.0	33160.0	2.0	4.0	6.0	4,4,4,4,1	0,3,8,25,94	1.0	28.91390609741211	0.9927386138028701
7938.0	33161.0	2.0	4.0	8.0	4,4,4,1,4,4,1	0,3,11,47,2,7,59	1.0	28.91390609741211	0.9927386138028701
8697.0	33162.0	2.0	4.0	5.0	4,4,4,1	0,5,16,94	1.0	28.91390609741211	0.9927386138028701
7868.0	33163.0	2.0	4.0	10.0	4,4,1,4,4,1,4,4,1	0,5,18,2,7,34,2,6,59	1.0	28.91390609741211	0.9927386138028701
8821.0	33164.0	2.0	4.0	11.0	1,1,1,1,1,4,1,4,4,1	0,3,4,18,9,2,6,2,6,51	1.0	28.91390609741211	0.9927386138028701
7963.0	33165.0	2.0	4.0	7.0	1,1,4,4,4,1	0,5,2,6,21,94	1.0	28.91390609741211	0.9927386138028701
8587.0	33166.0	2.0	4.0	8.0	1,4,4,1,4,4,1	0,3,12,45,2,6,51	1.0	28.91390609741211	0.9927386138028701
7886.0	33167.0	2.0	1.0	10.0	4,4,4,1,1,1,4,4,1	0,4,11,49,2,2,2,6,56	0.0	28.91390609741211	0.9927386138028701
8590.0	33168.0	2.0	4.0	7.0	1,4,1,4,4,1	0,5,14,2,22,76	1.0	28.91390609741211	0.9927386138028701
8201.0	33169.0	2.0	4.0	7.0	1,1,4,4,4,1	0,5,2,5,18,94	1.0	28.91390609741211	0.9927386138028701
8251.0	33170.0	2.0	4.0	7.0	1,1,4,4,4,1	0,5,2,5,16,94	1.0	28.91390609741211	0.9927386138028701
8193.0	33171.0	2.0	4.0	9.0	4,4,1,4,1,4,4,1	0,4,12,5,36,2,7,59	1.0	28.91390609741211	0.9927386138028701
8656.0	33172.0	2.0	4.0	5.0	4,4,4,1	0,5,18,94	1.0	28.91390609741211	0.9927386138028701
8803.0	33173.0	2.0	4.0	10.0	1,4,1,1,4,1,4,4,1	0,4,29,2,2,5,2,6,51	1.0	28.91390609741211	0.9927386138028701
8869.0	33174.0	2.0	4.0	5.0	4,4,4,1	0,3,10,54	1.0	28.91390609741211	0.9927386138028701
7840.0	33175.0	2.0	4.0	10.0	3,3,4,4,2,1,4,4,1	0,18,2,6,23,36,2,7,59	1.0	28.91390609741211	0.9927386138028701
8652.0	33176.0	2.0	4.0	11.0	1,1,1,1,4,1,4,1,4,1	0,3,2,2,2,5,2,7,18,76	1.0	28.91390609741211	0.9927386138028701
8871.0	33177.0	2.0	4.0	5.0	4,4,4,1	0,4,12,51	1.0	28.91390609741211	0.9927386138028701
8852.0	33178.0	2.0	4.0	5.0	1,4,4,1	0,4,15,48	1.0	28.91390609741211	0.9927386138028701
8568.0	33179.0	2.0	4.0	8.0	4,4,4,1,4,4,1	0,4,12,38,2,7,57	1.0	28.91390609741211	0.9927386138028701
8209.0	33180.0	2.0	4.0	8.0	1,4,1,4,1,4,1	0,4,16,3,25,9,67	1.0	28.91390609741211	0.9927386138028701
8784.0	33181.0	2.0	1.0	9.0	1,1,1,4,1,4,4,1	0,4,2,4,26,2,7,59	0.0	28.91390609741211	0.9927386138028701
7862.0	33182.0	2.0	2.0	10.0	1,4,4,1,4,1,4,4,1	0,3,11,53,2,7,2,9,48	1.0	28.91390609741211	0.9927386138028701
8264.0	33183.0	2.0	4.0	8.0	1,1,4,4,1,4,1	0,5,2,5,15,18,76	1.0	28.91390609741211	0.9927386138028701
7878.0	33184.0	96.0	4.0	5.0	4,4,4,4	0,3,8,28	1.0	28.91390609741211	0.704816240054628
8787.0	33185.0	2.0	4.0	10.0	1,4,1,1,4,1,4,4,1	0,3,24,9,2,6,2,6,51	1.0	28.91390609741211	0.9927386138028701
8219.0	33186.0	2.0	4.0	8.0	4,4,4,1,4,4,1	0,3,9,44,2,7,59	1.0	28.91390609741211	0.9927386138028701
8657.0	33187.0	2.0	4.0	6.0	4,4,1,4,1	0,5,18,18,76	1.0	28.91390609741211	0.9927386138028701
8748.0	33188.0	2.0	4.0	7.0	4,4,1,4,4,1	0,6,36,2,7,59	1.0	28.91390609741211	0.9927386138028701
8009.0	33189.0	2.0	4.0	8.0	4,4,1,4,1,4,1	0,4,17,3,25,9,67	1.0	28.91390609741211	0.9927386138028701
8831.0	33190.0	2.0	4.0	5.0	1,1,4,1	0,5,18,76	1.0	28.91390609741211	0.9927386138028701
8267.0	33191.0	2.0	4.0	8.0	1,1,4,4,1,4,1	0,4,2,5,16,18,76	1.0	28.91390609741211	0.9927386138028701
8726.0	33192.0	2.0	4.0	7.0	1,1,2,4,4,1	0,8,3,3,22,76	1.0	28.91390609741211	0.9927386138028701
8768.0	33193.0	2.0	4.0	6.0	4,1,4,4,1	0,4,2,22,76	1.0	28.91390609741211	0.9927386138028701
7861.0	33194.0	2.0	4.0	9.0	4,4,4,2,1,4,4,1	0,3,7,24,33,2,7,59	1.0	28.91390609741211	0.9927386138028701
8879.0	33198.0	3.0	4.0	2.0	4	0	1.0	28.91390609741211	0.9891277175980433
8877.0	33199.0	3.0	4.0	2.0	4	0	1.0	28.91390609741211	0.9891277175980433
8872.0	33200.0	3.0	1.0	2.0	4	0	0.0	28.91390609741211	0.9891277175980433
8880.0	33201.0	3.0	4.0	2.0	4	0	1.0	28.91390609741211	0.9891277175980433
8887.0	33202.0	3.0	4.0	2.0	4	0	1.0	28.91390609741211	0.9891277175980433
8889.0	33203.0	3.0	4.0	2.0	4	0	1.0	28.91390609741211	0.9891277175980433
8888.0	33204.0	3.0	4.0	2.0	4	0	1.0	28.91390609741211	0.9891277175980433
8882.0	33205.0	3.0	4.0	2.0	4	0	1.0	28.91390609741211	0.9891277175980433
8890.0	33208.0	4.0	3.0	2.0	4	0	1.0	28.91390609741211	0.985529955335244
8897.0	33209.0	3.0	1.0	2.0	1	0	0.0	28.91390609741211	0.9891277175980433
8881.0	33210.0	4.0	2.0	2.0	4	0	1.0	28.91390609741211	0.985529955335244
8896.0	33211.0	3.0	1.0	2.0	4	0	0.0	28.91390609741211	0.9891277175980433
8900.0	33212.0	3.0	4.0	2.0	1	0	1.0	28.91390609741211	0.9891277175980433
8878.0	33213.0	4.0	4.0	2.0	4	0	1.0	28.91390609741211	0.985529955335244
8902.0	33214.0	3.0	4.0	2.0	4	0	1.0	28.91390609741211	0.9891277175980433
8873.0	33215.0	4.0	4.0	2.0	4	0	1.0	28.91390609741211	0.985529955335244
8893.0	33216.0	3.0	1.0	2.0	1	0	0.0	28.91390609741211	0.9891277175980433
8875.0	33217.0	4.0	4.0	2.0	4	0	1.0	28.91390609741211	0.985529955335244
8883.0	33218.0	4.0	2.0	2.0	4	0	1.0	28.91390609741211	0.985529955335244
8885.0	33219.0	4.0	1.0	2.0	1	0	0.0	28.91390609741211	0.985529955335244
8898.0	33220.0	3.0	1.0	2.0	4	0	0.0	28.91390609741211	0.9891277175980433
8815.0	33252.0	2.0	4.0	7.0	1,4,1,4,1,1	0,3,22,9,66,2	1.0	28.91390609741211	0.9927386138028701
7844.0	33253.0	97.0	4.0	5.0	3,4,4,4	0,5,9,27	1.0	28.91390609741211	0.7022526062330682
8699.0	33254.0	2.0	4.0	6.0	4,4,4,1,1	0,5,16,93,2	1.0	28.91390609741211	0.9927386138028701
8856.0	33255.0	51.0	1.0	4.0	4,4,4	0,4,15	0.0	28.91390609741211	0.830405702970631
8868.0	33257.0	2.0	4.0	8.0	1,1,1,1,4,1,1	0,5,3,2,3,53,2	1.0	28.91390609741211	0.9927386138028701
8849.0	33258.0	2.0	4.0	6.0	1,4,1,1,1	0,4,15,47,2	1.0	28.91390609741211	0.9927386138028701
8776.0	33259.0	2.0	4.0	9.0	1,1,1,4,1,4,1,1	0,3,2,2,21,9,66,2	1.0	28.91390609741211	0.9927386138028701
7864.0	33261.0	97.0	4.0	5.0	4,4,4,4	0,5,9,27	1.0	28.91390609741211	0.7022526062330682
8233.0	33262.0	2.0	1.0	12.0	1,3,1,1,4,1,3,1,4,1,1	0,4,10,5,3,25,9,13,3,50,2	0.0	28.91390609741211	0.9927386138028701
8848.0	33263.0	2.0	4.0	5.0	4,4,1,1	0,5,61,2	1.0	28.91390609741211	0.9927386138028701
8287.0	33265.0	2.0	4.0	14.0	1,1,1,4,1,4,4,1,1,4,4,1,1	0,3,2,3,8,3,7,27,2,2,5,57,2	1.0	28.91390609741211	0.9927386138028701
8730.0	33266.0	79.0	1.0	6.0	4,4,1,4,4	0,3,8,2,23	0.0	28.91390609741211	0.7498581705518506
8851.0	33267.0	2.0	1.0	8.0	1,1,1,1,4,1,1	0,5,3,2,3,53,2	0.0	28.91390609741211	0.9927386138028701
8639.0	33273.0	81.0	1.0	6.0	1,4,1,4,4	0,4,13,2,23	0.0	28.91390609741211	0.7444131607824002
8784.0	33274.0	3.0	4.0	10.0	1,1,1,4,1,4,4,1,1	0,4,2,4,26,2,7,59,2	1.0	28.91390609741211	0.9891277175980433
8633.0	33275.0	5.0	4.0	7.0	4,4,1,4,1,4	0,6,36,9,66,1	1.0	28.91390609741211	0.9819452792422783
8229.0	33276.0	3.0	4.0	7.0	4,4,1,4,4,1	0,5,17,2,23,78	1.0	28.91390609741211	0.9891277175980433
7886.0	33277.0	3.0	1.0	11.0	4,4,4,1,1,1,4,4,1,1	0,4,11,49,2,2,2,6,56,2	0.0	28.91390609741211	0.9891277175980433
7862.0	33278.0	3.0	4.0	11.0	1,4,4,1,4,1,4,4,1,2	0,3,11,53,2,7,2,9,48,2	1.0	28.91390609741211	0.9891277175980433
8851.0	33279.0	2.0	4.0	9.0	1,1,1,1,4,1,1,1	0,5,3,2,3,53,2,2	1.0	28.91390609741211	0.9927386138028701
8730.0	33280.0	2.0	4.0	7.0	4,4,1,4,4,1	0,3,8,2,23,79	1.0	28.91390609741211	0.9927386138028701
8856.0	33281.0	2.0	4.0	5.0	4,4,4,1	0,4,15,51	1.0	28.91390609741211	0.9927386138028701
8233.0	33282.0	2.0	4.0	13.0	1,3,1,1,4,1,3,1,4,1,1,1	0,4,10,5,3,25,9,13,3,50,2,2	1.0	28.91390609741211	0.9927386138028701
8894.0	33299.0	5.0	4.0	2.0	4	0	1.0	28.91390609741211	0.9819452792422783
8886.0	33300.0	6.0	1.0	2.0	4	0	0.0	28.91390609741211	0.9783736417207146
8872.0	33301.0	3.0	1.0	3.0	4,1	0,3	0.0	28.91390609741211	0.9891277175980433
8884.0	33302.0	6.0	4.0	2.0	4	0	1.0	28.91390609741211	0.9783736417207146
8895.0	33303.0	5.0	4.0	2.0	1	0	1.0	28.91390609741211	0.9819452792422783
8892.0	33304.0	5.0	4.0	2.0	4	0	1.0	28.91390609741211	0.9819452792422783
8874.0	33305.0	6.0	4.0	2.0	4	0	1.0	28.91390609741211	0.9783736417207146
8876.0	33306.0	6.0	4.0	2.0	1	0	1.0	28.91390609741211	0.9783736417207146
8897.0	33307.0	2.0	4.0	3.0	1,1	0,3	1.0	28.91390609741211	0.9927386138028701
8899.0	33308.0	5.0	4.0	2.0	4	0	1.0	28.91390609741211	0.9819452792422783
8893.0	33309.0	2.0	1.0	3.0	1,1	0,3	0.0	28.91390609741211	0.9927386138028701
8896.0	33310.0	2.0	4.0	3.0	4,1	0,3	1.0	28.91390609741211	0.9927386138028701
8885.0	33311.0	2.0	4.0	3.0	1,1	0,4	1.0	28.91390609741211	0.9927386138028701
8901.0	33312.0	5.0	4.0	2.0	4	0	1.0	28.91390609741211	0.9819452792422783
8898.0	33313.0	2.0	4.0	3.0	4,1	0,3	1.0	28.91390609741211	0.9927386138028701
8921.0	33318.0	3.0	4.0	2.0	4	0	1.0	28.91390609741211	0.9891277175980433
8917.0	33319.0	3.0	4.0	2.0	4	0	1.0	28.91390609741211	0.9891277175980433
8942.0	33320.0	3.0	4.0	2.0	4	0	1.0	28.91390609741211	0.9891277175980433
8912.0	33321.0	3.0	4.0	2.0	4	0	1.0	28.91390609741211	0.9891277175980433
8925.0	33322.0	3.0	1.0	2.0	1	0	0.0	28.91390609741211	0.9891277175980433
8914.0	33323.0	3.0	4.0	2.0	4	0	1.0	28.91390609741211	0.9891277175980433
8904.0	33326.0	6.0	4.0	2.0	4	0	1.0	28.91390609741211	0.9783736417207146
8481.0	33327.0	5.0	4.0	15.0	1,1,1,4,1,2,1,4,4,1,4,4,1,1	0,5,2,2,6,5,3,2,5,26,2,7,58,2	1.0	28.91390609741211	0.9819452792422783
8670.0	33328.0	5.0	4.0	11.0	4,4,1,1,1,4,4,1,1,1	0,6,36,9,2,2,5,39,18,2	1.0	28.91390609741211	0.9819452792422783
8671.0	33329.0	73.0	4.0	9.0	1,1,1,4,1,4,4,4	0,6,2,2,7,2,8,24	1.0	28.91390609741211	0.7664333323954206
8903.0	33330.0	6.0	4.0	2.0	4	0	1.0	28.91390609741211	0.9783736417207146
8562.0	33331.0	73.0	1.0	9.0	1,1,4,2,1,4,4,4	0,4,2,6,7,2,8,24	0.0	28.91390609741211	0.7664333323954206
8424.0	33332.0	5.0	1.0	14.0	1,4,1,1,4,1,1,4,1,4,4,1,1	0,4,14,5,3,25,9,2,6,2,5,51,2	0.0	28.91390609741211	0.9819452792422783
8299.0	33333.0	5.0	4.0	10.0	4,4,1,4,4,1,4,1,1	0,5,18,2,6,28,9,66,2	1.0	28.91390609741211	0.9819452792422783
8508.0	33334.0	82.0	4.0	9.0	1,1,4,1,4,1,4,4	0,3,2,6,2,6,3,25	1.0	28.91390609741211	0.7417055007601963
8480.0	33335.0	82.0	4.0	6.0	4,4,1,4,4	0,5,18,2,23	1.0	28.91390609741211	0.7417055007601963
8689.0	33336.0	4.0	1.0	8.0	4,4,1,4,4,1,1	0,5,15,1,18,76,2	0.0	28.91390609741211	0.985529955335244
8810.0	33337.0	58.0	4.0	5.0	4,4,2,4	0,4,29,16	1.0	28.91390609741211	0.809491931475986
8906.0	33338.0	6.0	4.0	2.0	4	0	1.0	28.91390609741211	0.9783736417207146
8891.0	33339.0	4.0	4.0	3.0	4,1	0,3	1.0	28.91390609741211	0.985529955335244
8755.0	33340.0	82.0	4.0	4.0	4,4,4	0,4,24	1.0	28.91390609741211	0.7417055007601963
8905.0	33341.0	6.0	1.0	2.0	4	0	0.0	28.91390609741211	0.9783736417207146
8677.0	33342.0	74.0	1.0	10.0	4,1,1,4,1,1,4,4,4	0,3,3,2,6,3,2,5,26	0.0	28.91390609741211	0.7636455782245639
8807.0	33343.0	5.0	4.0	11.0	4,1,4,1,1,4,4,1,1,3	0,6,1,18,9,2,6,40,18,2	1.0	28.91390609741211	0.9819452792422783
8679.0	33344.0	5.0	4.0	14.0	1,1,4,1,4,1,1,1,4,2,4,1,4	0,6,2,6,3,7,18,9,2,6,7,51,2	1.0	28.91390609741211	0.9819452792422783
8530.0	33345.0	5.0	4.0	8.0	1,4,4,1,4,1,4	0,4,15,52,3,47,2	1.0	28.91390609741211	0.9819452792422783
8814.0	33346.0	5.0	4.0	11.0	1,1,4,1,1,4,4,1,1,4	0,3,3,27,2,2,5,40,18,2	1.0	28.91390609741211	0.9819452792422783
8859.0	33347.0	5.0	4.0	7.0	4,4,1,4,1,4	0,5,14,2,45,2	1.0	28.91390609741211	0.9819452792422783
8400.0	33348.0	5.0	4.0	9.0	4,4,1,4,1,4,1,4	0,5,19,3,25,9,66,2	1.0	28.91390609741211	0.9819452792422783
8692.0	33349.0	5.0	4.0	9.0	4,1,4,4,1,4,1,4	0,3,2,6,28,9,66,2	1.0	28.91390609741211	0.9819452792422783
8563.0	33350.0	5.0	4.0	10.0	1,1,1,4,4,2,2,1,4	0,5,3,2,6,28,20,55,2	1.0	28.91390609741211	0.9819452792422783
8597.0	33351.0	5.0	4.0	10.0	1,1,4,1,4,1,4,1,4	0,3,2,6,5,28,9,66,2	1.0	28.91390609741211	0.9819452792422783
8846.0	33352.0	4.0	4.0	12.0	1,1,1,1,1,1,1,4,4,1,3	0,4,1,18,9,2,2,4,11,48,2	1.0	28.91390609741211	0.985529955335244
8668.0	33353.0	5.0	4.0	11.0	1,1,4,4,1,1,4,4,1,4	0,3,3,8,36,2,2,6,57,2	1.0	28.91390609741211	0.9819452792422783
8470.0	33354.0	5.0	4.0	12.0	1,1,1,4,4,4,1,1,1,1,4	0,3,2,2,6,15,49,2,27,18,2	1.0	28.91390609741211	0.9819452792422783
8674.0	33355.0	72.0	4.0	9.0	4,1,4,1,1,4,4,4	0,4,2,8,3,2,8,25	1.0	28.91390609741211	0.769231263503771
8488.0	33356.0	82.0	4.0	6.0	1,4,1,4,4	0,4,16,3,25	1.0	28.91390609741211	0.7417055007601963
8410.0	33357.0	5.0	4.0	7.0	4,2,4,4,1,4	0,5,6,19,97,2	1.0	28.91390609741211	0.9819452792422783
8395.0	33358.0	5.0	4.0	7.0	4,4,4,2,1,4	0,3,9,40,75,2	1.0	28.91390609741211	0.9819452792422783
8813.0	33359.0	5.0	1.0	12.0	1,1,1,1,1,1,4,4,1,1,4	0,6,1,18,9,2,2,5,39,18,2	0.0	28.91390609741211	0.9819452792422783
8665.0	33360.0	5.0	4.0	8.0	4,1,4,4,2,1,4	0,6,2,6,36,67,2	1.0	28.91390609741211	0.9819452792422783
8527.0	33361.0	5.0	4.0	9.0	4,1,4,4,1,4,1,4	0,5,2,6,33,9,66,2	1.0	28.91390609741211	0.9819452792422783
8836.0	33362.0	5.0	4.0	13.0	1,1,1,1,1,1,4,4,1,1,1,4	0,4,1,18,8,2,2,5,13,27,18,2	1.0	28.91390609741211	0.9819452792422783
8426.0	33363.0	5.0	4.0	12.0	1,4,4,1,1,2,1,1,4,1,4	0,4,13,48,3,2,3,2,4,47,2	1.0	28.91390609741211	0.9819452792422783
8907.0	33372.0	4.0	4.0	2.0	4	0	1.0	28.91390609741211	0.985529955335244
7961.0	33394.0	5.0	4.0	11.0	2,4,1,4,1,1,4,4,1,4	0,5,19,3,25,9,2,6,58,2	1.0	28.91390609741211	0.9819452792422783
8854.0	33395.0	5.0	4.0	9.0	1,1,1,1,1,4,1,4	0,4,4,2,3,3,50,2	1.0	28.91390609741211	0.9819452792422783
8805.0	33396.0	5.0	4.0	10.0	1,1,4,1,1,4,4,1,4	0,3,4,26,2,2,6,57,2	1.0	28.91390609741211	0.9819452792422783
8247.0	33397.0	5.0	1.0	10.0	4,1,4,1,4,1,4,1,4	0,5,2,6,5,28,9,66,2	0.0	28.91390609741211	0.9819452792422783
8216.0	33398.0	5.0	4.0	12.0	1,1,1,4,4,1,1,4,4,1,4	0,3,2,2,7,42,2,2,6,57,2	1.0	28.91390609741211	0.9819452792422783
8830.0	33399.0	5.0	4.0	7.0	4,1,1,4,1,4	0,5,18,9,66,2	1.0	28.91390609741211	0.9819452792422783
8800.0	33400.0	5.0	4.0	10.0	1,1,1,1,1,4,4,1,4	0,3,4,18,9,2,6,58,2	1.0	28.91390609741211	0.9819452792422783
8769.0	33401.0	82.0	1.0	4.0	4,4,4	0,3,25	0.0	28.91390609741211	0.7417055007601963
8709.0	33402.0	5.0	1.0	8.0	1,4,1,1,4,1,4	0,5,15,18,9,66,2	0.0	28.91390609741211	0.9819452792422783
8641.0	33403.0	5.0	4.0	11.0	1,4,1,2,1,1,4,4,1,4	0,5,18,18,9,2,2,5,57,2	1.0	28.91390609741211	0.9819452792422783
8254.0	33404.0	5.0	4.0	7.0	4,4,4,1,1,4	0,5,16,53,47,2	1.0	28.91390609741211	0.9819452792422783
8940.0	33405.0	3.0	4.0	2.0	4	0	1.0	28.91390609741211	0.9891277175980433
8619.0	33406.0	82.0	2.0	6.0	4,4,1,4,4	0,3,11,3,25	1.0	28.91390609741211	0.7417055007601963
8722.0	33407.0	5.0	4.0	9.0	1,1,1,4,1,4,1,4	0,4,4,3,25,9,66,2	1.0	28.91390609741211	0.9819452792422783
7839.0	33408.0	5.0	4.0	8.0	3,3,2,1,4,1,4	0,18,21,38,9,66,2	1.0	28.91390609741211	0.9819452792422783
8772.0	33409.0	5.0	4.0	8.0	1,1,4,1,4,1,4	0,3,2,23,9,66,2	1.0	28.91390609741211	0.9819452792422783
8794.0	33415.0	6.0	1.0	8.0	1,1,4,1,4,1,4	0,4,2,21,9,66,2	0.0	28.91390609741211	0.9783736417207146
8870.0	33416.0	6.0	4.0	5.0	4,4,1,4	0,5,61,2	1.0	28.91390609741211	0.9783736417207146
8939.0	33417.0	4.0	1.0	2.0	4	0	0.0	28.91390609741211	0.985529955335244
8193.0	33418.0	5.0	4.0	10.0	4,4,1,4,1,4,4,1,4	0,4,12,5,36,2,7,59,2	1.0	28.91390609741211	0.9819452792422783
8821.0	33419.0	5.0	4.0	12.0	1,1,1,1,1,4,1,4,4,1,4	0,3,4,18,9,2,6,2,6,51,2	1.0	28.91390609741211	0.9819452792422783
8828.0	33420.0	6.0	4.0	9.0	1,1,1,1,4,4,1,4	0,5,18,9,2,6,58,2	1.0	28.91390609741211	0.9783736417207146
8743.0	33421.0	6.0	4.0	8.0	1,1,4,1,4,1,4	0,6,3,25,9,66,2	1.0	28.91390609741211	0.9783736417207146
7869.0	33422.0	6.0	4.0	6.0	4,4,4,1,4	0,5,18,109,2	1.0	28.91390609741211	0.9783736417207146
7963.0	33423.0	5.0	4.0	8.0	1,1,4,4,4,1,4	0,5,2,6,21,94,2	1.0	28.91390609741211	0.9819452792422783
8831.0	33424.0	5.0	4.0	6.0	1,1,4,1,4	0,5,18,76,2	1.0	28.91390609741211	0.9819452792422783
8803.0	33425.0	5.0	4.0	11.0	1,4,1,1,4,1,4,4,1,4	0,4,29,2,2,5,2,6,51,2	1.0	28.91390609741211	0.9819452792422783
8214.0	33426.0	6.0	4.0	11.0	4,4,1,4,1,3,1,4,1,4	0,4,16,3,25,9,13,3,50,2	1.0	28.91390609741211	0.9783736417207146
8816.0	33427.0	6.0	1.0	9.0	4,4,1,1,4,4,1,4	0,7,27,2,2,6,56,2	0.0	28.91390609741211	0.9783736417207146
8652.0	33428.0	5.0	4.0	12.0	1,1,1,1,4,1,4,1,4,1,4	0,3,2,2,2,5,2,7,18,76,2	1.0	28.91390609741211	0.9819452792422783
7841.0	33429.0	6.0	4.0	8.0	3,3,4,4,4,1,4	0,18,2,6,18,108,2	1.0	28.91390609741211	0.9783736417207146
8621.0	33430.0	6.0	4.0	10.0	1,1,4,4,1,4,4,1,4	0,6,2,6,36,2,7,58,2	1.0	28.91390609741211	0.9783736417207146
7990.0	33431.0	6.0	4.0	6.0	1,4,4,1,4	0,4,18,103,2	1.0	28.91390609741211	0.9783736417207146
8639.0	33432.0	2.0	4.0	7.0	1,4,1,4,4,1	0,4,13,2,23,81	1.0	28.91390609741211	0.9927386138028701
8700.0	33433.0	83.0	1.0	6.0	4,1,1,4,4	0,5,2,4,28	0.0	28.91390609741211	0.739007689331733
8212.0	33434.0	6.0	4.0	7.0	4,4,4,1,1,4	0,4,16,56,47,2	1.0	28.91390609741211	0.9783736417207146
8826.0	33435.0	6.0	4.0	7.0	1,1,1,4,1,4	0,5,18,9,66,2	1.0	28.91390609741211	0.9783736417207146
8773.0	33436.0	6.0	4.0	8.0	1,1,4,1,4,1,4	0,3,2,23,9,66,2	1.0	28.91390609741211	0.9783736417207146
7886.0	33437.0	2.0	4.0	12.0	4,4,4,1,1,1,4,4,1,1,1	0,4,11,49,2,2,2,6,56,2,3	1.0	28.91390609741211	0.9927386138028701
8938.0	33438.0	4.0	1.0	2.0	4	0	0.0	28.91390609741211	0.985529955335244
8788.0	33439.0	6.0	2.0	7.0	4,4,1,4,1,4	0,3,24,9,66,2	1.0	28.91390609741211	0.9783736417207146
8913.0	33446.0	4.0	4.0	2.0	4	0	1.0	28.91390609741211	0.985529955335244
8924.0	33447.0	4.0	4.0	2.0	4	0	1.0	28.91390609741211	0.985529955335244
8922.0	33448.0	4.0	4.0	2.0	4	0	1.0	28.91390609741211	0.985529955335244
8915.0	33449.0	4.0	4.0	2.0	4	0	1.0	28.91390609741211	0.985529955335244
8908.0	33450.0	4.0	4.0	2.0	4	0	1.0	28.91390609741211	0.985529955335244
8926.0	33451.0	4.0	1.0	2.0	4	0	0.0	28.91390609741211	0.985529955335244
8918.0	33452.0	4.0	1.0	2.0	1	0	0.0	28.91390609741211	0.985529955335244
8919.0	33453.0	4.0	4.0	2.0	4	0	1.0	28.91390609741211	0.985529955335244
8920.0	33454.0	4.0	4.0	2.0	4	0	1.0	28.91390609741211	0.985529955335244
8916.0	33455.0	4.0	4.0	2.0	4	0	1.0	28.91390609741211	0.985529955335244
8923.0	33456.0	4.0	4.0	2.0	4	0	1.0	28.91390609741211	0.985529955335244
8886.0	33460.0	2.0	1.0	3.0	4,1	0,6	0.0	28.91390609741211	0.9927386138028701
8893.0	33461.0	2.0	4.0	4.0	1,1,1	0,3,2	1.0	28.91390609741211	0.9927386138028701
8872.0	33462.0	2.0	4.0	4.0	4,1,1	0,3,3	1.0	21.542552947998047	0.9902660660708654
8529.0	33464.0	5.0	4.0	9.0	1,1,4,4,2,3,1,4	0,3,2,5,13,31,68,2	1.0	21.542552947998047	0.9758425318671227
8430.0	33465.0	6.0	4.0	6.0	4,4,4,1,4	0,5,18,103,2	1.0	21.54254913330078	0.9710815192906888
8485.0	33466.0	5.0	4.0	12.0	4,1,4,1,4,1,4,1,4,1,4	0,5,2,7,2,7,2,5,18,76,2	1.0	21.542552947998047	0.9758425318671227
8362.0	33467.0	6.0	4.0	6.0	1,4,4,1,4	0,5,21,103,2	1.0	21.542552947998047	0.9710815243367282
8419.0	33468.0	6.0	4.0	6.0	4,4,4,1,4	0,5,18,103,2	1.0	21.54254913330078	0.9710815192906888
8420.0	33469.0	6.0	4.0	12.0	4,1,4,1,4,4,1,4,4,1,4	0,5,2,6,2,8,36,2,7,58,2	1.0	21.542552947998047	0.9710815243367282
8693.0	33470.0	5.0	1.0	7.0	4,4,1,4,1,4	0,5,16,18,76,2	0.0	21.542552947998047	0.9758425318671227
8845.0	33471.0	6.0	4.0	10.0	1,1,1,3,1,4,4,1,4	0,5,18,9,8,2,5,51,2	1.0	21.54254913330078	0.9710815192906888
8606.0	33472.0	6.0	4.0	6.0	4,4,4,1,4	0,5,16,97,2	1.0	21.54254913330078	0.9710815192906888
8844.0	33473.0	6.0	4.0	8.0	4,4,1,4,4,1,4	0,5,26,2,7,58,2	1.0	21.54254913330078	0.9710815192906888
8596.0	33474.0	5.0	4.0	16.0	1,1,1,1,1,4,1,4,1,4,2,4,4,1,4	0,4,2,2,2,2,5,2,6,1,18,9,14,53,2	1.0	21.542552947998047	0.9758425318671227
8600.0	33475.0	6.0	4.0	13.0	4,1,1,4,1,4,4,1,4,4,1,4	0,5,3,2,6,3,6,27,2,7,58,2	1.0	21.542552947998047	0.9710815243367282
8513.0	33476.0	6.0	4.0	12.0	1,1,4,1,4,4,1,4,4,1,4	0,4,2,7,2,7,33,2,7,58,2	1.0	21.54254913330078	0.9710815192906888
8495.0	33477.0	83.0	1.0	8.0	1,1,2,1,4,4,4	0,5,2,4,2,6,28	0.0	21.542552947998047	0.6663520385349931
8434.0	33478.0	6.0	4.0	6.0	4,4,4,1,4	0,5,18,103,2	1.0	21.54254913330078	0.9710815192906888
8537.0	33479.0	6.0	4.0	10.0	1,4,1,1,4,1,4,1,4	0,5,15,2,2,21,9,66,2	1.0	21.54254913330078	0.9710815192906888
8303.0	33480.0	6.0	4.0	11.0	1,4,1,4,1,4,1,4,1,4	0,5,14,2,6,4,28,8,67,2	1.0	21.54254913330078	0.9710815192906888
8534.0	33481.0	6.0	4.0	7.0	4,4,4,1,4,4	0,5,16,82,18,2	1.0	21.542552947998047	0.9710815243367282
8518.0	33482.0	6.0	4.0	10.0	4,4,4,1,1,1,4,1,4	0,4,15,49,2,4,2,45,2	1.0	21.542552947998047	0.9710815243367282
8756.0	33483.0	83.0	1.0	4.0	4,4,4	0,3,25	0.0	21.542552947998047	0.6663520385349931
8446.0	33484.0	6.0	4.0	10.0	4,4,4,1,1,4,4,1,4	0,3,11,44,2,2,7,56,2	1.0	21.542552947998047	0.9710815243367282
8550.0	33485.0	6.0	4.0	7.0	4,4,4,1,1,4	0,4,16,82,18,2	1.0	21.542552947998047	0.9710815243367282
8548.0	33486.0	6.0	4.0	12.0	1,1,4,1,4,1,1,4,4,1,4	0,5,2,5,5,28,9,2,6,58,2	1.0	21.54254913330078	0.9710815192906888
8515.0	33487.0	5.0	4.0	9.0	1,4,1,1,4,4,1,4	0,4,14,3,2,23,76,2	1.0	21.542552947998047	0.9758425318671227
8843.0	33488.0	6.0	4.0	10.0	1,4,1,1,4,4,1,4,4	0,5,26,2,2,5,40,18,2	1.0	21.54254913330078	0.9710815192906888
8435.0	33489.0	6.0	4.0	7.0	4,4,4,1,4,4	0,5,17,85,18,2	1.0	21.54254913330078	0.9710815192906888
8551.0	33490.0	6.0	4.0	8.0	1,1,4,4,4,1,4	0,5,2,5,15,93,2	1.0	21.54254913330078	0.9710815192906888
8469.0	33491.0	6.0	4.0	6.0	4,4,4,1,4	0,5,17,102,2	1.0	21.54254913330078	0.9710815192906888
8541.0	33492.0	6.0	4.0	6.0	1,4,4,1,4	0,5,18,97,2	1.0	21.542552947998047	0.9710815243367282
8759.0	33493.0	5.0	4.0	6.0	4,4,3,1,4	0,5,31,68,2	1.0	21.54254913330078	0.9758425276414734
8439.0	33494.0	5.0	1.0	12.0	1,1,1,4,1,4,1,4,4,1,4	0,4,2,2,6,2,6,3,25,76,2	0.0	21.54254913330078	0.9758425276414734
8738.0	33495.0	6.0	1.0	7.0	4,4,2,1,1,4	0,6,36,49,18,2	0.0	21.542552947998047	0.9710815243367282
8932.0	33501.0	3.0	4.0	2.0	4	0	1.0	21.542552947998047	0.985434688011706
8909.0	33502.0	5.0	4.0	2.0	4	0	1.0	21.542552947998047	0.9758425318671227
8931.0	33503.0	3.0	4.0	2.0	4	0	1.0	21.542552947998047	0.985434688011706
8910.0	33504.0	5.0	4.0	2.0	4	0	1.0	21.542552947998047	0.9758425318671227
8911.0	33505.0	5.0	4.0	2.0	4	0	1.0	21.542552947998047	0.9758425318671227
8925.0	33506.0	2.0	1.0	3.0	1,1	0,3	0.0	21.542552947998047	0.9902660660708654
8883.0	33508.0	5.0	1.0	3.0	4,2	0,4	0.0	21.542552947998047	0.9758425318671227
8881.0	33509.0	5.0	1.0	3.0	4,2	0,4	0.0	21.542552947998047	0.9758425318671227
8657.0	33512.0	6.0	4.0	7.0	4,4,1,4,1,4	0,5,18,18,76,2	1.0	21.542552947998047	0.9710815243367282
8769.0	33513.0	2.0	4.0	5.0	4,4,4,1	0,3,25,82	1.0	21.542552947998047	0.9902660660708654
8638.0	33514.0	84.0	1.0	6.0	1,4,1,4,4	0,3,11,3,25	0.0	21.542552947998047	0.663100994468192
7968.0	33515.0	7.0	4.0	6.0	4,4,4,1,4	0,5,18,103,2	1.0	21.54254913330078	0.9663437392783647
8709.0	33516.0	2.0	1.0	9.0	1,4,1,1,4,1,4,1	0,5,15,18,9,66,2,5	0.0	21.54254913330078	0.9902660643556226
8251.0	33517.0	6.0	4.0	8.0	1,1,4,4,4,1,4	0,5,2,5,16,94,2	1.0	21.54254913330078	0.9710815192906888
8205.0	33518.0	7.0	4.0	6.0	4,4,4,1,4	0,5,16,102,2	1.0	21.54254913330078	0.9663437392783647
7919.0	33519.0	6.0	4.0	7.0	4,4,4,4,1,4	0,3,8,25,94,2	1.0	21.542552947998047	0.9710815243367282
8941.0	33520.0	5.0	4.0	2.0	4	0	1.0	21.542552947998047	0.9758425318671227
8574.0	33521.0	7.0	4.0	6.0	1,4,4,1,4	0,5,17,97,2	1.0	21.542552947998047	0.9663437451366886
8792.0	33522.0	7.0	4.0	8.0	4,4,1,4,4,1,4	0,4,31,2,7,58,2	1.0	21.54254913330078	0.9663437392783647
8201.0	33523.0	6.0	4.0	8.0	1,1,4,4,4,1,4	0,5,2,5,18,94,2	1.0	21.54254913330078	0.9710815192906888
8746.0	33524.0	9.0	4.0	10.0	1,4,1,4,1,4,1,4,2	0,6,36,2,7,2,6,3,47	1.0	21.542552947998047	0.9569374189686957
8868.0	33525.0	5.0	4.0	9.0	1,1,1,1,4,1,1,4	0,5,3,2,3,53,2,2	1.0	21.542552947998047	0.9758425318671227
8590.0	33526.0	6.0	1.0	8.0	1,4,1,4,4,1,4	0,5,14,2,22,76,2	0.0	21.54254913330078	0.9710815192906888
8267.0	33527.0	6.0	4.0	9.0	1,1,4,4,1,4,1,4	0,4,2,5,16,18,76,2	1.0	21.54254913330078	0.9710815192906888
8848.0	33528.0	5.0	1.0	6.0	4,4,1,1,4	0,5,61,2,2	0.0	21.54254913330078	0.9758425276414734
8209.0	33529.0	6.0	4.0	9.0	1,4,1,4,1,4,1,4	0,4,16,3,25,9,67,2	1.0	21.542552947998047	0.9710815243367282
8628.0	33530.0	7.0	4.0	10.0	1,1,4,4,1,4,4,1,4	0,4,2,8,36,2,7,58,2	1.0	21.54254913330078	0.9663437392783647
8009.0	33531.0	6.0	1.0	9.0	4,4,1,4,1,4,1,4	0,4,17,3,25,9,67,2	0.0	21.542552947998047	0.9710815243367282
8776.0	33532.0	5.0	1.0	10.0	1,1,1,4,1,4,1,1,4	0,3,2,2,21,9,66,2,2	0.0	21.54254913330078	0.9758425276414734
8287.0	33533.0	5.0	1.0	15.0	1,1,1,4,1,4,4,1,1,4,4,1,1,4	0,3,2,3,8,3,7,27,2,2,5,57,2,2	0.0	21.542552947998047	0.9758425318671227
8815.0	33534.0	5.0	1.0	8.0	1,4,1,4,1,1,4	0,3,22,9,66,2,2	0.0	21.54254913330078	0.9758425276414734
8264.0	33535.0	6.0	4.0	9.0	1,1,4,4,1,4,1,4	0,5,2,5,15,18,76,2	1.0	21.542552947998047	0.9710815243367282
8247.0	33536.0	2.0	4.0	11.0	4,1,4,1,4,1,4,1,4,1	0,5,2,6,5,28,9,66,2,5	1.0	21.542552947998047	0.9902660660708654
7932.0	33537.0	7.0	4.0	6.0	4,4,4,1,4	0,5,20,103,2	1.0	21.54254913330078	0.9663437392783647
8853.0	33538.0	6.0	4.0	6.0	4,4,4,1,4	0,3,10,54,2	1.0	21.54254913330078	0.9710815192906888
8787.0	33539.0	6.0	4.0	11.0	1,4,1,1,4,1,4,4,1,4	0,3,24,9,2,6,2,6,51,2	1.0	21.542552947998047	0.9710815243367282
8726.0	33540.0	6.0	4.0	8.0	1,1,2,4,4,1,4	0,8,3,3,22,76,2	1.0	21.54254913330078	0.9710815192906888
8643.0	33541.0	7.0	4.0	6.0	4,4,4,1,4	0,5,15,96,2	1.0	21.54254913330078	0.9663437392783647
8500.0	33549.0	7.0	4.0	6.0	1,4,4,1,4	0,5,17,100,2	1.0	21.542552947998047	0.9663437451366886
8417.0	33550.0	7.0	4.0	6.0	1,4,4,1,4	0,5,18,103,2	1.0	21.542552947998047	0.9663437451366886
8688.0	33551.0	7.0	4.0	9.0	4,4,4,1,4,4,1,4	0,3,11,35,2,7,56,2	1.0	21.542552947998047	0.9663437451366886
8757.0	33552.0	84.0	4.0	4.0	4,4,4	0,4,24	1.0	21.542552947998047	0.663100994468192
8689.0	33553.0	2.0	4.0	9.0	4,4,1,4,4,1,1,1	0,5,15,1,18,76,2,4	1.0	21.542552947998047	0.9902660660708654
8905.0	33554.0	2.0	1.0	3.0	4,1	0,6	0.0	21.542552947998047	0.9902660660708654
8608.0	33555.0	7.0	4.0	9.0	1,4,1,4,1,4,1,4	0,5,17,2,19,9,66,2	1.0	21.542552947998047	0.9663437451366886
8605.0	33556.0	7.0	4.0	10.0	1,1,4,4,1,4,4,1,4	0,4,3,8,36,2,7,58,2	1.0	21.54254913330078	0.9663437392783647
8379.0	33557.0	7.0	4.0	7.0	4,2,4,4,1,4	0,5,7,19,97,2	1.0	21.542552947998047	0.9663437451366886
8562.0	33558.0	2.0	4.0	10.0	1,1,4,2,1,4,4,4,1	0,4,2,6,7,2,8,24,73	1.0	21.54254913330078	0.9902660643556226
8598.0	33559.0	7.0	4.0	7.0	1,4,4,1,4,4	0,5,16,80,18,2	1.0	21.54254913330078	0.9663437392783647
8861.0	33560.0	54.0	1.0	4.0	4,4,4	0,5,16	0.0	21.542552947998047	0.7678939083335441
8328.0	33561.0	7.0	4.0	10.0	4,4,1,4,4,1,4,1,4	0,5,16,2,6,28,9,66,2	1.0	21.542552947998047	0.9663437451366886
8438.0	33562.0	6.0	4.0	8.0	1,1,4,4,3,1,4	0,5,2,7,36,76,2	1.0	21.54254913330078	0.9710815192906888
8592.0	33563.0	7.0	4.0	9.0	1,1,4,4,1,4,1,4	0,4,2,5,33,8,67,2	1.0	21.54254913330078	0.9663437392783647
8677.0	33564.0	2.0	4.0	11.0	4,1,1,4,1,1,4,4,4,1	0,3,3,2,6,3,2,5,26,74	1.0	21.542552947998047	0.9902660660708654
8514.0	33565.0	6.0	4.0	8.0	1,1,4,4,4,1,4	0,3,2,6,21,91,2	1.0	21.54254913330078	0.9710815192906888
8318.0	33566.0	6.0	4.0	9.0	4,4,4,1,3,4,1,4	0,4,11,50,2,7,59,2	1.0	21.542552947998047	0.9710815243367282
8837.0	33567.0	7.0	4.0	8.0	4,4,1,4,4,1,4	0,4,27,2,7,58,2	1.0	21.54254913330078	0.9663437392783647
8603.0	33568.0	84.0	4.0	7.0	1,1,1,4,4,4	0,5,2,2,6,28	1.0	21.542552947998047	0.663100994468192
8813.0	33569.0	2.0	4.0	13.0	1,1,1,1,1,1,4,4,1,1,4,1	0,6,1,18,9,2,2,5,39,18,2,5	1.0	21.542552947998047	0.9902660660708654
8839.0	33570.0	7.0	4.0	8.0	4,4,1,4,4,1,4	0,5,26,2,7,58,2	1.0	21.54254913330078	0.9663437392783647
8375.0	33571.0	7.0	4.0	10.0	1,4,4,1,1,4,4,1,4	0,3,10,48,2,2,6,57,2	1.0	21.542552947998047	0.9663437451366886
8504.0	33574.0	8.0	4.0	10.0	1,1,4,4,1,4,4,1,4	0,3,2,6,17,1,18,76,2	1.0	21.54254913330078	0.961629074276469
8320.0	33575.0	8.0	1.0	9.0	4,4,4,1,4,4,1,4	0,4,14,51,2,8,54,2	0.0	21.542552947998047	0.9616290809390312
8750.0	33576.0	86.0	4.0	4.0	4,4,4	0,3,25	1.0	21.542552947998047	0.6566464131996953
8439.0	33577.0	3.0	1.0	13.0	1,1,1,4,1,4,1,4,4,1,4,1	0,4,2,2,6,2,6,3,25,76,2,5	0.0	21.542552947998047	0.985434688011706
8857.0	33578.0	8.0	4.0	7.0	1,1,4,4,1,4	0,4,4,11,48,2	1.0	21.54254913330078	0.961629074276469
8738.0	33579.0	3.0	1.0	8.0	4,4,2,1,1,4,1	0,6,36,49,18,2,6	0.0	21.54254913330078	0.9854346854513945
8693.0	33580.0	3.0	4.0	8.0	4,4,1,4,1,4,1	0,5,16,18,76,2,5	1.0	21.54254913330078	0.9854346854513945
8381.0	33581.0	9.0	4.0	9.0	4,4,4,1,4,4,1,4	0,3,10,48,2,7,58,2	1.0	21.54254913330078	0.9569374115098821
8468.0	33582.0	9.0	4.0	9.0	1,4,4,1,4,4,1,4	0,3,10,44,2,7,58,2	1.0	21.54254913330078	0.9569374115098821
8360.0	33583.0	8.0	4.0	9.0	4,4,4,1,4,4,1,4	0,5,15,51,2,9,48,2	1.0	21.54254913330078	0.961629074276469
8862.0	33584.0	8.0	4.0	6.0	1,4,4,1,4	0,4,11,52,2	1.0	21.542552947998047	0.9616290809390312
8495.0	33585.0	3.0	4.0	9.0	1,1,2,1,4,4,4,1	0,5,2,4,2,6,28,83	1.0	21.54254913330078	0.9854346854513945
8756.0	33586.0	3.0	4.0	5.0	4,4,4,1	0,3,25,83	1.0	21.542552947998047	0.985434688011706
8474.0	33587.0	8.0	1.0	7.0	4,4,4,2,1,4	0,4,13,44,64,2	0.0	21.542552947998047	0.9616290809390312
8512.0	33588.0	9.0	4.0	9.0	1,4,4,1,4,4,1,4	0,4,11,41,2,6,58,2	1.0	21.54254913330078	0.9569374115098821
8459.0	33589.0	9.0	4.0	9.0	4,4,4,1,4,4,1,4	0,3,10,44,2,7,58,2	1.0	21.542552947998047	0.9569374189686957
8905.0	33590.0	2.0	4.0	4.0	4,1,1	0,6,2	1.0	21.542552947998047	0.9902660660708654
8962.0	33591.0	4.0	4.0	2.0	4	0	1.0	21.542552947998047	0.9806268816114676
8373.0	33592.0	66.0	4.0	5.0	4,4,4,2	0,5,15,54	1.0	21.542552947998047	0.724123438695396
8753.0	33593.0	85.0	4.0	4.0	4,4,4	0,4,25	1.0	21.542552947998047	0.6598658118183495
8749.0	33594.0	77.0	4.0	6.0	4,1,4,4,4	0,4,2,7,24	1.0	21.542552947998047	0.68619577433535
8861.0	33595.0	2.0	4.0	5.0	4,4,4,1	0,5,16,54	1.0	21.542552947998047	0.9902660660708654
8961.0	33596.0	4.0	4.0	2.0	4	0	1.0	21.542552947998047	0.9806268816114676
8587.0	33601.0	8.0	4.0	9.0	1,4,4,1,4,4,1,4	0,3,12,45,2,6,51,2	1.0	21.54254913330078	0.961629074276469
8588.0	33602.0	86.0	4.0	7.0	1,1,1,4,4,4	0,4,3,2,6,28	1.0	21.542552947998047	0.6566464131996953
8727.0	33603.0	78.0	1.0	6.0	4,2,1,4,4	0,8,6,4,26	0.0	21.54254913330078	0.682847869160418
8697.0	33604.0	8.0	4.0	6.0	4,4,4,1,4	0,5,16,94,2	1.0	21.54254913330078	0.961629074276469
8219.0	33605.0	8.0	4.0	9.0	4,4,4,1,4,4,1,4	0,3,9,44,2,7,59,2	1.0	21.54254913330078	0.961629074276469
8656.0	33606.0	8.0	1.0	6.0	4,4,4,1,4	0,5,18,94,2	0.0	21.54254913330078	0.961629074276469
8816.0	33607.0	3.0	4.0	10.0	4,4,1,1,4,4,1,4,1	0,7,27,2,2,6,56,2,6	1.0	21.542552947998047	0.985434688011706
8852.0	33608.0	8.0	4.0	6.0	1,4,4,1,4	0,4,15,48,2	1.0	21.542552947998047	0.9616290809390312
7938.0	33609.0	8.0	4.0	9.0	4,4,4,1,4,4,1,4	0,3,11,47,2,7,59,2	1.0	21.542552947998047	0.9616290809390312
8771.0	33610.0	78.0	1.0	6.0	1,1,1,4,4	0,5,2,3,26	0.0	21.542552947998047	0.6828479152881689
8768.0	33611.0	8.0	1.0	7.0	4,1,4,4,1,4	0,4,2,22,76,2	0.0	21.542552947998047	0.9616290809390312
8583.0	33612.0	8.0	4.0	9.0	1,4,1,1,4,4,1,4	0,3,12,3,2,23,76,2	1.0	21.54254913330078	0.961629074276469
7868.0	33613.0	8.0	4.0	11.0	4,4,1,4,4,1,4,4,1,4	0,5,18,2,7,34,2,6,59,2	1.0	21.542552947998047	0.9616290809390312
8939.0	33614.0	3.0	4.0	3.0	4,1	0,4	1.0	21.542552947998047	0.985434688011706
8748.0	33615.0	8.0	4.0	8.0	4,4,1,4,4,1,4	0,6,36,2,7,59,2	1.0	21.54254913330078	0.961629074276469
8700.0	33616.0	3.0	4.0	7.0	4,1,1,4,4,1	0,5,2,4,28,83	1.0	21.542552947998047	0.985434688011706
7840.0	33617.0	8.0	4.0	11.0	3,3,4,4,2,1,4,4,1,4	0,18,2,6,23,36,2,7,59,2	1.0	21.542552947998047	0.9616290809390312
7861.0	33618.0	8.0	4.0	10.0	4,4,4,2,1,4,4,1,4	0,3,7,24,33,2,7,59,2	1.0	21.542552947998047	0.9616290809390312
8938.0	33619.0	3.0	4.0	3.0	4,1	0,4	1.0	21.542552947998047	0.985434688011706
8659.0	33620.0	8.0	4.0	7.0	1,4,1,4,1,4	0,5,18,18,76,2	1.0	21.54254913330078	0.961629074276469
8869.0	33621.0	8.0	4.0	6.0	4,4,4,1,4	0,3,10,54,2	1.0	21.54254913330078	0.961629074276469
8871.0	33622.0	8.0	4.0	6.0	4,4,4,1,4	0,4,12,51,2	1.0	21.54254913330078	0.961629074276469
8794.0	33623.0	3.0	4.0	9.0	1,1,4,1,4,1,4,1	0,4,2,21,9,66,2,6	1.0	21.542552947998047	0.985434688011706
8786.0	33624.0	86.0	4.0	4.0	4,4,4	0,3,25	1.0	21.542552947998047	0.6566464131996953
8849.0	33625.0	7.0	4.0	7.0	1,4,1,1,1,4	0,4,15,47,2,2	1.0	21.54254913330078	0.9663437392783647
8699.0	33626.0	7.0	4.0	7.0	4,4,4,1,1,4	0,5,16,93,2,2	1.0	21.542552947998047	0.9663437451366886
7988.0	33627.0	86.0	4.0	6.0	4,4,1,4,4	0,5,17,3,25	1.0	21.54254913330078	0.6566463642923921
8638.0	33628.0	2.0	4.0	7.0	1,4,1,4,4,1	0,3,11,3,25,84	1.0	21.542552947998047	0.9902660660708654
8776.0	33629.0	2.0	1.0	11.0	1,1,1,4,1,4,1,1,4,1	0,3,2,2,21,9,66,2,2,5	0.0	21.542552947998047	0.9902660660708654
8233.0	33630.0	5.0	1.0	14.0	1,3,1,1,4,1,3,1,4,1,1,1,4	0,4,10,5,3,25,9,13,3,50,2,2,2	0.0	21.542552947998047	0.9758425318671227
8590.0	33631.0	2.0	4.0	9.0	1,4,1,4,4,1,4,1	0,5,14,2,22,76,2,6	1.0	21.542552947998047	0.9902660660708654
8709.0	33632.0	2.0	4.0	10.0	1,4,1,1,4,1,4,1,1	0,5,15,18,9,66,2,5,2	1.0	21.542552947998047	0.9902660660708654
8815.0	33633.0	2.0	4.0	9.0	1,4,1,4,1,1,4,1	0,3,22,9,66,2,2,5	1.0	21.542552947998047	0.9902660660708654
8784.0	33634.0	5.0	4.0	11.0	1,1,1,4,1,4,4,1,1,4	0,4,2,4,26,2,7,59,2,3	1.0	21.542552947998047	0.9758425318671227
8851.0	33635.0	5.0	1.0	10.0	1,1,1,1,4,1,1,1,4	0,5,3,2,3,53,2,2,2	0.0	21.54254913330078	0.9758425276414734
8568.0	33636.0	8.0	4.0	9.0	4,4,4,1,4,4,1,4	0,4,12,38,2,7,57,2	1.0	21.542552947998047	0.9616290809390312
8848.0	33637.0	2.0	4.0	7.0	4,4,1,1,4,1	0,5,61,2,2,5	1.0	21.542552947998047	0.9902660660708654
8009.0	33638.0	2.0	4.0	10.0	4,4,1,4,1,4,1,4,1	0,4,17,3,25,9,67,2,6	1.0	21.542552947998047	0.9902660660708654
8918.0	33645.0	3.0	4.0	3.0	1,1	0,4	1.0	21.542552947998047	0.985434688011706
8950.0	33646.0	4.0	1.0	2.0	4	0	0.0	21.542552947998047	0.9806268816114676
8945.0	33647.0	4.0	4.0	2.0	4	0	1.0	21.542552947998047	0.9806268816114676
8943.0	33648.0	4.0	4.0	2.0	4	0	1.0	21.542552947998047	0.9806268816114676
8936.0	33649.0	5.0	4.0	2.0	4	0	1.0	21.542552947998047	0.9758425318671227
8956.0	33650.0	4.0	1.0	2.0	4	0	0.0	21.542552947998047	0.9806268816114676
8929.0	33651.0	5.0	4.0	2.0	4	0	1.0	21.542552947998047	0.9758425318671227
8926.0	33652.0	3.0	1.0	3.0	4,1	0,4	0.0	21.542552947998047	0.985434688011706
8927.0	33653.0	5.0	4.0	2.0	4	0	1.0	21.542552947998047	0.9758425318671227
8949.0	33654.0	4.0	1.0	2.0	4	0	0.0	21.542552947998047	0.9806268816114676
8958.0	33655.0	4.0	3.0	2.0	4	0	1.0	21.542552947998047	0.9806268816114676
8928.0	33656.0	5.0	4.0	2.0	4	0	1.0	21.542552947998047	0.9758425318671227
8934.0	33657.0	5.0	1.0	2.0	1	0	0.0	21.542552947998047	0.9758425318671227
8935.0	33658.0	5.0	1.0	2.0	4	0	0.0	21.542552947998047	0.9758425318671227
8955.0	33659.0	4.0	1.0	2.0	4	0	0.0	21.542552947998047	0.9806268816114676
8933.0	33660.0	5.0	4.0	2.0	4	0	1.0	21.542552947998047	0.9758425318671227
8953.0	33661.0	4.0	4.0	2.0	4	0	1.0	21.542552947998047	0.9806268816114676
8930.0	33662.0	5.0	4.0	2.0	1	0	1.0	21.542552947998047	0.9758425318671227
8946.0	33663.0	4.0	1.0	2.0	4	0	0.0	21.542552947998047	0.9806268816114676
8947.0	33664.0	4.0	4.0	2.0	4	0	1.0	21.542552947998047	0.9806268816114676
8925.0	33665.0	2.0	1.0	4.0	1,1,1	0,3,2	0.0	21.542552947998047	0.9902660660708654
8944.0	33666.0	4.0	4.0	2.0	4	0	1.0	21.542552947998047	0.9806268816114676
8937.0	33667.0	5.0	1.0	2.0	4	0	0.0	21.542552947998047	0.9758425318671227
8880.0	33679.0	8.0	1.0	3.0	4,4	0,3	0.0	21.542552947998047	0.9616290809390312
8886.0	33680.0	3.0	1.0	4.0	4,1,1	0,6,2	0.0	21.542552947998047	0.985434688011706
8896.0	33681.0	5.0	4.0	4.0	4,1,4	0,3,2	1.0	21.542552947998047	0.9758425318671227
8877.0	33682.0	8.0	4.0	3.0	4,4	0,3	1.0	21.542552947998047	0.9616290809390312
8882.0	33683.0	8.0	4.0	3.0	4,4	0,3	1.0	21.542552947998047	0.9616290809390312
8883.0	33684.0	2.0	4.0	4.0	4,2,1	0,4,5	1.0	21.542552947998047	0.9902660660708654
8881.0	33685.0	2.0	1.0	4.0	4,2,1	0,4,5	0.0	21.542552947998047	0.9902660660708654
8897.0	33686.0	5.0	1.0	4.0	1,1,4	0,3,2	0.0	21.542552947998047	0.9758425318671227
8763.0	33692.0	87.0	4.0	4.0	4,4,4	0,3,25	1.0	21.542552947998047	0.6534427216040148
8663.0	33693.0	79.0	4.0	9.0	1,1,1,4,1,4,4,4	0,3,2,2,8,3,6,27	1.0	21.542552947998047	0.6795163900055182
7857.0	33694.0	105.0	4.0	5.0	4,4,4,4	0,3,9,29	1.0	21.542552947998047	0.5983765962668861
8003.0	33695.0	12.0	1.0	11.0	4,1,4,4,1,1,4,2,2,2	0,5,2,7,36,9,2,6,8,50	0.0	21.542552947998047	0.9429993269081437
8856.0	33696.0	6.0	4.0	6.0	4,4,4,1,4	0,4,15,51,2	1.0	21.54254913330078	0.9710815192906888
8730.0	33697.0	6.0	1.0	8.0	4,4,1,4,4,1,4	0,3,8,2,23,79,2	0.0	21.54254913330078	0.9710815192906888
7905.0	33698.0	105.0	4.0	5.0	4,4,4,4	0,3,7,28	1.0	21.542552947998047	0.5983765962668861
8948.0	33701.0	5.0	1.0	2.0	4	0	0.0	21.542552947998047	0.9758425318671227
8954.0	33702.0	5.0	1.0	2.0	4	0	0.0	21.542552947998047	0.9758425318671227
8959.0	33703.0	5.0	1.0	2.0	4	0	0.0	21.542552947998047	0.9758425318671227
8952.0	33704.0	5.0	4.0	2.0	4	0	1.0	21.542552947998047	0.9758425318671227
8926.0	33705.0	1.0	4.0	4.0	4,1,1	0,4,3	1.0	21.542552947998047	0.995121131355809
8951.0	33706.0	5.0	1.0	2.0	1	0	0.0	21.542552947998047	0.9758425318671227
8957.0	33707.0	5.0	1.0	2.0	4	0	0.0	21.542552947998047	0.9758425318671227
8898.0	33713.0	6.0	2.0	4.0	4,1,4	0,3,2	1.0	21.542552947998047	0.9710815243367282
8885.0	33714.0	6.0	4.0	4.0	1,1,4	0,4,2	1.0	21.542552947998047	0.9710815243367282
8960.0	33715.0	5.0	1.0	2.0	4	0	0.0	21.542552947998047	0.9758425318671227
8879.0	33716.0	9.0	4.0	3.0	4,4	0,3	1.0	21.542552947998047	0.9569374189686957
8937.0	33718.0	3.0	4.0	3.0	4,1	0,5	1.0	21.542552947998047	0.985434688011706
8950.0	33719.0	3.0	4.0	3.0	4,1	0,4	1.0	21.542552947998047	0.985434688011706
8955.0	33720.0	3.0	4.0	3.0	4,1	0,4	1.0	21.542552947998047	0.985434688011706
8934.0	33721.0	3.0	1.0	3.0	1,1	0,5	0.0	21.542552947998047	0.985434688011706
8956.0	33722.0	3.0	4.0	3.0	4,1	0,4	1.0	21.542552947998047	0.985434688011706
8949.0	33723.0	3.0	4.0	3.0	4,1	0,4	1.0	21.542552947998047	0.985434688011706
8935.0	33724.0	3.0	4.0	3.0	4,1	0,5	1.0	21.542552947998047	0.985434688011706
8946.0	33725.0	3.0	4.0	3.0	4,1	0,4	1.0	21.542552947998047	0.985434688011706
8925.0	33726.0	3.0	4.0	5.0	1,1,1,1	0,3,2,2	1.0	21.542552947998047	0.985434688011706
8948.0	33727.0	2.0	4.0	3.0	4,1	0,5	1.0	21.542552947998047	0.9902660660708654
8951.0	33728.0	2.0	1.0	3.0	1,1	0,5	0.0	21.542552947998047	0.9902660660708654
8957.0	33729.0	2.0	4.0	3.0	4,1	0,5	1.0	21.542552947998047	0.9902660660708654
8959.0	33730.0	2.0	4.0	3.0	4,1	0,5	1.0	21.542552947998047	0.9902660660708654
8921.0	33731.0	7.0	4.0	3.0	4,4	0,3	1.0	21.542552947998047	0.9663437451366886
8954.0	33732.0	2.0	4.0	3.0	4,1	0,5	1.0	21.542552947998047	0.9902660660708654
8886.0	33738.0	3.0	4.0	5.0	4,1,1,1	0,6,2,3	1.0	21.542552947998047	0.985434688011706
8897.0	33739.0	3.0	1.0	5.0	1,1,4,1	0,3,2,5	0.0	21.542552947998047	0.985434688011706
8888.0	33740.0	11.0	4.0	3.0	4,4	0,3	1.0	21.542552947998047	0.9476226533581378
8889.0	33741.0	11.0	1.0	3.0	4,4	0,3	0.0	21.542552947998047	0.9476226533581378
8887.0	33742.0	11.0	4.0	3.0	4,4	0,3	1.0	21.542552947998047	0.9476226533581378
8880.0	33743.0	3.0	2.0	4.0	4,4,1	0,3,8	1.0	21.542552947998047	0.985434688011706
8881.0	33744.0	3.0	1.0	5.0	4,2,1,1	0,4,5,2	0.0	21.542552947998047	0.985434688011706
8872.0	33745.0	6.0	1.0	5.0	4,1,1,4	0,3,3,2	0.0	21.542552947998047	0.9710815243367282
8893.0	33746.0	6.0	1.0	5.0	1,1,1,4	0,3,2,2	0.0	21.542552947998047	0.9710815243367282
8960.0	33747.0	2.0	1.0	3.0	4,1	0,5	0.0	21.542552947998047	0.9902660660708654
8656.0	33759.0	3.0	1.0	7.0	4,4,4,1,4,1	0,5,18,94,2,8	0.0	21.542552947998047	0.985434688011706
8727.0	33760.0	3.0	4.0	7.0	4,2,1,4,4,1	0,8,6,4,26,78	1.0	21.542552947998047	0.985434688011706
8771.0	33761.0	3.0	4.0	7.0	1,1,1,4,4,1	0,5,2,3,26,78	1.0	21.54254913330078	0.9854346854513945
8776.0	33762.0	3.0	4.0	12.0	1,1,1,4,1,4,1,1,4,1,1	0,3,2,2,21,9,66,2,2,5,2	1.0	21.542552947998047	0.985434688011706
7886.0	33763.0	6.0	4.0	13.0	4,4,4,1,1,1,4,4,1,1,1,4	0,4,11,49,2,2,2,6,56,2,3,2	1.0	21.542552947998047	0.9710815243367282
8768.0	33764.0	3.0	4.0	8.0	4,1,4,4,1,4,1	0,4,2,22,76,2,8	1.0	21.54254913330078	0.9854346854513945
8851.0	33765.0	3.0	1.0	11.0	1,1,1,1,4,1,1,1,4,1	0,5,3,2,3,53,2,2,2,5	0.0	21.542552947998047	0.985434688011706
8730.0	33766.0	2.0	4.0	9.0	4,4,1,4,4,1,4,1	0,3,8,2,23,79,2,6	1.0	21.542552947998047	0.9902660660708654
8639.0	33767.0	6.0	4.0	8.0	1,4,1,4,4,1,4	0,4,13,2,23,81,2	1.0	21.54254913330078	0.9710815192906888
8247.0	33768.0	5.0	2.0	12.0	4,1,4,1,4,1,4,1,4,1,4	0,5,2,6,5,28,9,66,2,5,2	1.0	21.542552947998047	0.9758425318671227
8003.0	33769.0	2.0	2.0	12.0	4,1,4,4,1,1,4,2,2,2,1	0,5,2,7,36,9,2,6,8,50,12	1.0	21.542552947998047	0.9902660660708654
8474.0	33771.0	3.0	4.0	8.0	4,4,4,2,1,4,1	0,4,13,44,64,2,8	1.0	21.54254913330078	0.9854346854513945
8439.0	33772.0	3.0	4.0	14.0	1,1,1,4,1,4,1,4,4,1,4,1,1	0,4,2,2,6,2,6,3,25,76,2,5,3	1.0	21.542552947998047	0.985434688011706
8320.0	33773.0	3.0	4.0	10.0	4,4,4,1,4,4,1,4,1	0,4,14,51,2,8,54,2,8	1.0	21.542552947998047	0.985434688011706
8738.0	33774.0	3.0	4.0	9.0	4,4,2,1,1,4,1,1	0,6,36,49,18,2,6,3	1.0	21.542552947998047	0.985434688011706
8610.0	33775.0	89.0	4.0	5.0	1,4,2,4	0,4,12,27	1.0	21.542552947998047	0.6470821533254474
8689.0	33776.0	5.0	4.0	10.0	4,4,1,4,4,1,1,1,4	0,5,15,1,18,76,2,4,2	1.0	21.542552947998047	0.9758425318671227
8677.0	33777.0	5.0	4.0	12.0	4,1,1,4,1,1,4,4,4,1,4	0,3,3,2,6,3,2,5,26,74,2	1.0	21.542552947998047	0.9758425318671227
8813.0	33778.0	5.0	4.0	14.0	1,1,1,1,1,1,4,4,1,1,4,1,4	0,6,1,18,9,2,2,5,39,18,2,5,2	1.0	21.542552947998047	0.9758425318671227
8863.0	33779.0	59.0	4.0	4.0	4,4,4	0,5,16	1.0	21.542552947998047	0.7493435357135458
8846.0	33780.0	8.0	4.0	13.0	1,1,1,1,1,1,1,4,4,1,3,4	0,4,1,18,9,2,2,4,11,48,2,4	1.0	21.542552947998047	0.9616290809390312
7862.0	33781.0	9.0	4.0	12.0	1,4,4,1,4,1,4,4,1,2,4	0,3,11,53,2,7,2,9,48,2,3	1.0	21.54254913330078	0.9569374115098821
8788.0	33782.0	7.0	4.0	8.0	4,4,1,4,1,4,2	0,3,24,9,66,2,6	1.0	21.54254913330078	0.9663437392783647
8914.0	33783.0	8.0	4.0	3.0	4,4	0,3	1.0	21.542552947998047	0.9616290809390312
8890.0	33784.0	11.0	4.0	3.0	4,3	0,4	1.0	21.542552947998047	0.9476226533581378
8900.0	33785.0	11.0	2.0	3.0	1,4	0,3	1.0	21.542552947998047	0.9476226533581378
8902.0	33786.0	11.0	2.0	3.0	4,4	0,3	1.0	21.542552947998047	0.9476226533581378
408.0	33788.0	135.0	3.0	3.0	4,4	0,3	1.0	21.542552947998047	0.5167173638766724
331.0	33789.0	146.0	4.0	3.0	4,4	0,6	1.0	21.542552947998047	0.4896530793930347
317.0	33790.0	150.0	4.0	3.0	4,4	0,8	1.0	21.542552947998047	0.480166972316644
404.0	33791.0	135.0	4.0	3.0	4,4	0,3	1.0	21.542552947998047	0.5167173638766724
406.0	33792.0	135.0	4.0	3.0	4,4	0,3	1.0	21.542552947998047	0.5167173638766724
3746.0	33794.0	141.0	4.0	3.0	4,4	0,5	1.0	21.542552947998047	0.501774685364615
8562.0	33795.0	7.0	4.0	11.0	1,1,4,2,1,4,4,4,1,4	0,4,2,6,7,2,8,24,73,2	1.0	21.54254913330078	0.9663437392783647
8905.0	33796.0	5.0	4.0	5.0	4,1,1,4	0,6,2,2	1.0	21.542552947998047	0.9758425318671227
8891.0	33797.0	9.0	4.0	4.0	4,1,4	0,3,4	1.0	21.542552947998047	0.9569374189686957
8009.0	33798.0	5.0	1.0	11.0	4,4,1,4,1,4,1,4,1,4	0,4,17,3,25,9,67,2,6,2	0.0	21.542552947998047	0.9758425318671227
8769.0	33799.0	7.0	4.0	6.0	4,4,4,1,4	0,3,25,82,2	1.0	21.54254913330078	0.9663437392783647
8656.0	33800.0	2.0	4.0	8.0	4,4,4,1,4,1,1	0,5,18,94,2,8,3	1.0	21.54254913330078	0.9902660643556226
8848.0	33801.0	5.0	4.0	8.0	4,4,1,1,4,1,4	0,5,61,2,2,5,2	1.0	21.54254913330078	0.9758425276414734
7875.0	33802.0	91.0	4.0	8.0	4,1,4,4,1,4,4	0,4,2,5,14,4,28	1.0	21.542552947998047	0.6407834983982554
8709.0	33803.0	5.0	4.0	11.0	1,4,1,1,4,1,4,1,1,4	0,5,15,18,9,66,2,5,2,2	1.0	21.542552947998047	0.9758425318671227
8958.0	33805.0	5.0	1.0	3.0	4,3	0,4	0.0	21.542552947998047	0.9758425318671227
8951.0	33806.0	2.0	1.0	4.0	1,1,1	0,5,2	0.0	21.542552947998047	0.9902660660708654
8926.0	33807.0	4.0	1.0	5.0	4,1,1,4	0,4,3,1	0.0	21.542552947998047	0.9806268816114676
8934.0	33808.0	2.0	2.0	4.0	1,1,1	0,5,3	1.0	21.542552947998047	0.9902660660708654
8872.0	33813.0	2.0	1.0	6.0	4,1,1,4,1	0,3,3,2,6	0.0	21.542552947998047	0.9902660660708654
8897.0	33814.0	2.0	4.0	6.0	1,1,4,1,1	0,3,2,5,3	1.0	21.542552947998047	0.9902660660708654
8881.0	33815.0	2.0	4.0	6.0	4,2,1,1,1	0,4,5,2,3	1.0	21.542552947998047	0.9902660660708654
8960.0	33816.0	2.0	4.0	4.0	4,1,1	0,5,2	1.0	21.542552947998047	0.9902660660708654
8889.0	33817.0	2.0	4.0	4.0	4,4,1	0,3,11	1.0	21.542552947998047	0.9902660660708654
8878.0	33818.0	12.0	4.0	3.0	4,4	0,4	1.0	21.542552947998047	0.9429993269081437
8893.0	33819.0	2.0	1.0	6.0	1,1,1,4,1	0,3,2,2,6	0.0	21.542552947998047	0.9902660660708654
8426.0	33824.0	11.0	1.0	13.0	1,4,4,1,1,2,1,1,4,1,4,4	0,4,13,48,3,2,3,2,4,47,2,5	0.0	21.542552947998047	0.9476226533581378
8593.0	33825.0	70.0	1.0	7.0	4,1,4,4,2,4	0,3,2,6,33,23	0.0	21.542552947998047	0.7100949095896388
8758.0	33826.0	65.0	4.0	5.0	4,4,2,4	0,4,32,20	1.0	21.542552947998047	0.7276736629125837
8358.0	33827.0	93.0	4.0	8.0	4,1,1,4,2,4,4	0,4,2,2,6,7,33	1.0	21.542552947998047	0.6345461541619671
8861.0	33828.0	7.0	4.0	6.0	4,4,4,1,4	0,5,16,54,2	1.0	21.54254913330078	0.9663437392783647
8552.0	33829.0	85.0	1.0	9.0	1,1,1,4,1,4,4,4	0,4,2,3,9,2,6,27	0.0	21.542552947998047	0.6598658118183495
8764.0	33830.0	63.0	1.0	8.0	1,1,1,4,1,4,4	0,3,2,2,21,8,22	0.0	21.542552947998047	0.7348264146824859
7846.0	33835.0	111.0	1.0	5.0	4,4,4,4	0,3,9,29	0.0	21.542552947998047	0.5810724572302708
8938.0	33836.0	7.0	4.0	4.0	4,1,4	0,4,3	1.0	21.542552947998047	0.9663437451366886
8854.0	33837.0	11.0	4.0	10.0	1,1,1,1,1,4,1,4,4	0,4,4,2,3,3,50,2,5	1.0	21.54254913330078	0.9476226443305479
8003.0	33838.0	4.0	1.0	13.0	4,1,4,4,1,1,4,2,2,2,1,2	0,5,2,7,36,9,2,6,8,50,12,2	0.0	21.542552947998047	0.9806268816114676
8816.0	33839.0	7.0	4.0	11.0	4,4,1,1,4,4,1,4,1,4	0,7,27,2,2,6,56,2,6,3	1.0	21.542552947998047	0.9663437451366886
8815.0	33840.0	7.0	4.0	10.0	1,4,1,4,1,1,4,1,4	0,3,22,9,66,2,2,5,2	1.0	21.542552947998047	0.9663437451366886
8939.0	33841.0	7.0	4.0	4.0	4,1,4	0,4,3	1.0	21.542552947998047	0.9663437451366886
8229.0	33842.0	12.0	4.0	8.0	4,4,1,4,4,1,4	0,5,17,2,23,78,3	1.0	21.54254913330078	0.9429993171079123
8793.0	33843.0	85.0	1.0	5.0	4,1,4,4	0,5,4,26	0.0	21.542552947998047	0.6598658118183495
8638.0	33844.0	7.0	1.0	8.0	1,4,1,4,4,1,4	0,3,11,3,25,84,2	0.0	21.542552947998047	0.9663437451366886
8698.0	33845.0	93.0	1.0	6.0	4,1,4,4,4	0,5,2,5,27	0.0	21.542552947998047	0.6345461541619671
8940.0	33846.0	11.0	4.0	3.0	4,4	0,3	1.0	21.542552947998047	0.9476226533581378
8009.0	33847.0	2.0	4.0	12.0	4,4,1,4,1,4,1,4,1,4,1	0,4,17,3,25,9,67,2,6,2,5	1.0	21.542552947998047	0.9902660660708654
8235.0	33848.0	71.0	4.0	7.0	4,1,4,4,2,4	0,5,2,6,34,22	1.0	21.542552947998047	0.7066304498008423
8800.0	33849.0	11.0	4.0	11.0	1,1,1,1,1,4,4,1,4,4	0,3,4,18,9,2,6,58,2,5	1.0	21.542552947998047	0.9476226533581378
8590.0	33850.0	7.0	4.0	10.0	1,4,1,4,4,1,4,1,4	0,5,14,2,22,76,2,6,2	1.0	21.542552947998047	0.9663437451366886
8873.0	33856.0	14.0	2.0	3.0	4,4	0,4	1.0	21.542552947998047	0.9338202337648015
8880.0	33857.0	4.0	1.0	5.0	4,4,1,2	0,3,8,3	0.0	21.542552947998047	0.9806268816114676
8883.0	33858.0	7.0	1.0	5.0	4,2,1,4	0,4,5,2	0.0	21.542552947998047	0.9663437451366886
8893.0	33859.0	2.0	2.0	7.0	1,1,1,4,1,1	0,3,2,2,6,2	1.0	21.542552947998047	0.9902660660708654
8872.0	33860.0	2.0	2.0	7.0	4,1,1,4,1,1	0,3,3,2,6,2	1.0	21.542552947998047	0.9902660660708654
8917.0	33863.0	11.0	4.0	3.0	4,4	0,3	1.0	21.542552947998047	0.9476226533581378
8918.0	33864.0	7.0	4.0	4.0	1,1,4	0,4,3	1.0	21.542552947998047	0.9663437451366886
8958.0	33865.0	2.0	2.0	4.0	4,3,1	0,4,5	1.0	21.542552947998047	0.9902660660708654
8912.0	33866.0	11.0	4.0	3.0	4,4	0,3	1.0	21.542552947998047	0.9476226533581378
8932.0	33867.0	9.0	4.0	3.0	4,4	0,3	1.0	21.542552947998047	0.9569374189686957
8926.0	33868.0	2.0	2.0	6.0	4,1,1,4,1	0,4,3,1,4	1.0	21.542552947998047	0.9902660660708654
8942.0	33869.0	11.0	4.0	3.0	4,4	0,3	1.0	21.542552947998047	0.9476226533581378
8951.0	33870.0	2.0	4.0	5.0	1,1,1,1	0,5,2,2	1.0	21.542552947998047	0.9902660660708654
8934.0	33871.0	3.0	1.0	5.0	1,1,1,2	0,5,3,2	0.0	21.542552947998047	0.985434688011706
8931.0	33872.0	10.0	4.0	3.0	4,4	0,3	1.0	21.542552947998047	0.9522686470008362
8959.0	33873.0	5.0	4.0	4.0	4,1,4	0,5,2	1.0	21.542552947998047	0.9758425318671227
8923.0	33874.0	11.0	4.0	3.0	4,4	0,4	1.0	21.542552947998047	0.9476226533581378
8875.0	33877.0	15.0	1.0	3.0	4,4	0,4	0.0	21.542552947998047	0.9292642475069753
8907.0	33878.0	12.0	1.0	3.0	4,4	0,4	0.0	21.542552947998047	0.9429993269081437
8776.0	33881.0	5.0	2.0	13.0	1,1,1,4,1,4,1,1,4,1,1,4	0,3,2,2,21,9,66,2,2,5,2,3	1.0	21.542552947998047	0.9758425318671227
8638.0	33882.0	1.0	3.0	9.0	1,4,1,4,4,1,4,1	0,3,11,3,25,84,2,7	1.0	21.54254913330078	0.995121130493983
8652.0	33883.0	11.0	1.0	13.0	1,1,1,1,4,1,4,1,4,1,4,4	0,3,2,2,2,5,2,7,18,76,2,5	0.0	21.54254913330078	0.9476226443305479
8332.0	33931.0	94.0	1.0	8.0	4,4,1,1,4,4,4	0,4,15,2,2,6,28	0.0	21.542552947998047	0.6314502868271343
8495.0	33932.0	8.0	1.0	10.0	1,1,2,1,4,4,4,1,4	0,5,2,4,2,6,28,83,3	0.0	21.54254913330078	0.961629074276469
8481.0	33933.0	12.0	1.0	16.0	1,1,1,4,1,2,1,4,4,1,4,4,1,1,4	0,5,2,2,6,5,3,2,5,26,2,7,58,2,5	0.0	21.542552947998047	0.9429993269081437
8814.0	33934.0	12.0	1.0	12.0	1,1,4,1,1,4,4,1,1,4,4	0,3,3,27,2,2,5,40,18,2,5	0.0	21.54254913330078	0.9429993171079123
8693.0	33935.0	8.0	1.0	9.0	4,4,1,4,1,4,1,4	0,5,16,18,76,2,5,3	0.0	21.54254913330078	0.961629074276469
8756.0	33936.0	8.0	1.0	6.0	4,4,4,1,4	0,3,25,83,3	0.0	21.54254913330078	0.961629074276469
8670.0	33937.0	12.0	1.0	12.0	4,4,1,1,1,4,4,1,1,1,4	0,6,36,9,2,2,5,39,18,2,5	0.0	21.542552947998047	0.9429993269081437
8963.0	34003.0	5.0	4.0	2.0	4	0	1.0	21.542552947998047	0.9758425318671227
8836.0	34004.0	13.0	1.0	14.0	1,1,1,1,1,1,4,4,1,1,1,4,4	0,4,1,18,8,2,2,5,13,27,18,2,5	0.0	21.542552947998047	0.9383985570605985
8552.0	34005.0	2.0	4.0	10.0	1,1,1,4,1,4,4,4,1	0,4,2,3,9,2,6,27,85	1.0	21.54254913330078	0.9902660643556226
8426.0	34006.0	2.0	1.0	14.0	1,4,4,1,1,2,1,1,4,1,4,4,1	0,4,13,48,3,2,3,2,4,47,2,5,11	0.0	21.542552947998047	0.9902660660708654
8332.0	34007.0	1.0	4.0	9.0	4,4,1,1,4,4,4,1	0,4,15,2,2,6,28,94	1.0	21.542552947998047	0.995121131355809
8764.0	34008.0	2.0	4.0	9.0	1,1,1,4,1,4,4,1	0,3,2,2,21,8,22,63	1.0	21.54254913330078	0.9902660643556226
8485.0	34009.0	12.0	4.0	13.0	4,1,4,1,4,1,4,1,4,1,4,4	0,5,2,7,2,7,2,5,18,76,2,5	1.0	21.542552947998047	0.9429993269081437
8833.0	34010.0	87.0	4.0	4.0	4,4,4	0,5,26	1.0	21.542552947998047	0.6534427216040148
8593.0	34011.0	2.0	4.0	8.0	4,1,4,4,2,4,1	0,3,2,6,33,23,70	1.0	21.54254913330078	0.9902660643556226
8679.0	34012.0	13.0	4.0	15.0	1,1,4,1,4,1,1,1,4,2,4,1,4,4	0,6,2,6,3,7,18,9,2,6,7,51,2,5	1.0	21.542552947998047	0.9383985570605985
8698.0	34015.0	2.0	4.0	7.0	4,1,4,4,4,1	0,5,2,5,27,93	1.0	21.542552947998047	0.9902660660708654
7839.0	34016.0	13.0	4.0	9.0	3,3,2,1,4,1,4,4	0,18,21,38,9,66,2,5	1.0	21.542552947998047	0.9383985570605985
7846.0	34017.0	2.0	4.0	6.0	4,4,4,4,1	0,3,9,29,111	1.0	21.54254913330078	0.9902660643556226
8700.0	34018.0	9.0	4.0	8.0	4,1,1,4,4,1,4	0,5,2,4,28,83,3	1.0	21.54254913330078	0.9569374115098821
8727.0	34019.0	6.0	4.0	8.0	4,2,1,4,4,1,4	0,8,6,4,26,78,3	1.0	21.54254913330078	0.9710815192906888
8793.0	34020.0	2.0	4.0	6.0	4,1,4,4,1	0,5,4,26,85	1.0	21.54254913330078	0.9902660643556226
8247.0	34021.0	6.0	1.0	13.0	4,1,4,1,4,1,4,1,4,1,4,2	0,5,2,6,5,28,9,66,2,5,2,5	0.0	21.542552947998047	0.9710815243367282
8003.0	34022.0	2.0	4.0	14.0	4,1,4,4,1,1,4,2,2,2,1,2,1	0,5,2,7,36,9,2,6,8,50,12,2,4	1.0	21.542552947998047	0.9902660660708654
8957.0	34025.0	6.0	1.0	4.0	4,1,4	0,5,2	0.0	21.542552947998047	0.9710815243367282
8954.0	34026.0	6.0	4.0	4.0	4,1,4	0,5,2	1.0	21.542552947998047	0.9710815243367282
8948.0	34027.0	6.0	4.0	4.0	4,1,4	0,5,2	1.0	21.542552947998047	0.9710815243367282
8934.0	34028.0	1.0	1.0	6.0	1,1,1,2,1	0,5,3,2,3	0.0	21.542552947998047	0.995121131355809
8880.0	34031.0	2.0	1.0	6.0	4,4,1,2,1	0,3,8,3,4	0.0	21.542552947998047	0.9902660660708654
8883.0	34032.0	2.0	4.0	6.0	4,2,1,4,1	0,4,5,2,7	1.0	21.542552947998047	0.9902660660708654
8898.0	34033.0	8.0	1.0	5.0	4,1,4,2	0,3,2,6	0.0	21.542552947998047	0.9616290809390312
8299.0	34061.0	14.0	2.0	11.0	4,4,1,4,4,1,4,1,1,4	0,5,18,2,6,28,9,66,2,5	1.0	21.542552947998047	0.9338202337648015
8410.0	34062.0	14.0	2.0	8.0	4,2,4,4,1,4,4	0,5,6,19,97,2,5	1.0	21.54254913330078	0.9338202224424921
8807.0	34063.0	14.0	2.0	12.0	4,1,4,1,1,4,4,1,1,3,4	0,6,1,18,9,2,6,40,18,2,5	1.0	21.542552947998047	0.9338202337648015
8495.0	34064.0	2.0	1.0	11.0	1,1,2,1,4,4,4,1,4,1	0,5,2,4,2,6,28,83,3,8	0.0	21.54254913330078	0.9902660643556226
8400.0	34065.0	14.0	4.0	10.0	4,4,1,4,1,4,1,4,4	0,5,19,3,25,9,66,2,5	1.0	21.542552947998047	0.9338202337648015
8670.0	34066.0	2.0	4.0	13.0	4,4,1,1,1,4,4,1,1,1,4,1	0,6,36,9,2,2,5,39,18,2,5,12	1.0	21.542552947998047	0.9902660660708654
8693.0	34067.0	2.0	4.0	10.0	4,4,1,4,1,4,1,4,1	0,5,16,18,76,2,5,3,8	1.0	21.542552947998047	0.9902660660708654
8814.0	34068.0	2.0	2.0	13.0	1,1,4,1,1,4,4,1,1,4,4,1	0,3,3,27,2,2,5,40,18,2,5,12	1.0	21.542552947998047	0.9902660660708654
8563.0	34069.0	14.0	2.0	11.0	1,1,1,4,4,2,2,1,4,4	0,5,3,2,6,28,20,55,2,5	1.0	21.542552947998047	0.9338202337648015
8841.0	34070.0	88.0	2.0	4.0	4,4,4	0,5,26	1.0	21.542552947998047	0.6502546603988062
8836.0	34071.0	1.0	4.0	15.0	1,1,1,1,1,1,4,4,1,1,1,4,4,1	0,4,1,18,8,2,2,5,13,27,18,2,5,13	1.0	21.542552947998047	0.995121131355809
8859.0	34072.0	14.0	4.0	8.0	4,4,1,4,1,4,4	0,5,14,2,45,2,5	1.0	21.54254913330078	0.9338202224424921
8596.0	34073.0	13.0	4.0	17.0	1,1,1,1,1,4,1,4,1,4,2,4,4,1,4,4	0,4,2,2,2,2,5,2,6,1,18,9,14,53,2,5	1.0	21.542552947998047	0.9383985570605985
8756.0	34074.0	2.0	4.0	7.0	4,4,4,1,4,1	0,3,25,83,3,8	1.0	21.542552947998047	0.9902660660708654
8794.0	34076.0	10.0	4.0	10.0	1,1,4,1,4,1,4,1,4	0,4,2,21,9,66,2,6,3	1.0	21.542552947998047	0.9522686470008362
8006.0	34077.0	96.0	2.0	6.0	4,4,1,4,4	0,4,13,4,28	1.0	21.54254913330078	0.6253037394672822
8868.0	34078.0	12.0	1.0	10.0	1,1,1,1,4,1,1,4,4	0,5,3,2,3,53,2,2,5	0.0	21.54254913330078	0.9429993171079123
8730.0	34079.0	7.0	2.0	10.0	4,4,1,4,4,1,4,1,4	0,3,8,2,23,79,2,6,2	1.0	21.542552947998047	0.9663437451366886
8652.0	34080.0	2.0	4.0	14.0	1,1,1,1,4,1,4,1,4,1,4,4,1	0,3,2,2,2,5,2,7,18,76,2,5,11	1.0	21.542552947998047	0.9902660660708654
8722.0	34081.0	14.0	2.0	10.0	1,1,1,4,1,4,1,4,4	0,4,4,3,25,9,66,2,5	1.0	21.54254913330078	0.9338202224424921
8768.0	34082.0	7.0	4.0	9.0	4,1,4,4,1,4,1,4	0,4,2,22,76,2,8,3	1.0	21.542552947998047	0.9663437451366886
8821.0	34083.0	13.0	1.0	13.0	1,1,1,1,1,4,1,4,4,1,4,4	0,3,4,18,9,2,6,2,6,51,2,5	0.0	21.542552947998047	0.9383985570605985
8922.0	34086.0	13.0	3.0	3.0	4,4	0,4	1.0	21.542552947998047	0.9383985570605985
8916.0	34087.0	13.0	3.0	3.0	4,4	0,4	1.0	21.542552947998047	0.9383985570605985
8926.0	34088.0	3.0	4.0	7.0	4,1,1,4,1,2	0,4,3,1,4,2	1.0	21.542552947998047	0.985434688011706
8958.0	34089.0	3.0	4.0	5.0	4,3,1,2	0,4,5,2	1.0	21.542552947998047	0.985434688011706
8935.0	34090.0	7.0	4.0	4.0	4,1,4	0,5,3	1.0	21.542552947998047	0.9663437451366886
8915.0	34091.0	13.0	1.0	3.0	4,4	0,4	0.0	21.542552947998047	0.9383985570605985
8881.0	34093.0	5.0	1.0	7.0	4,2,1,1,1,4	0,4,5,2,3,2	0.0	21.542552947998047	0.9758425318671227
8872.0	34094.0	3.0	4.0	8.0	4,1,1,4,1,1,2	0,3,3,2,6,2,2	1.0	21.542552947998047	0.985434688011706
8895.0	34095.0	15.0	2.0	3.0	1,4	0,5	1.0	21.542552947998047	0.9292642475069753
8901.0	34096.0	15.0	1.0	3.0	4,4	0,5	0.0	21.542552947998047	0.9292642475069753
8892.0	34097.0	15.0	2.0	3.0	4,4	0,5	1.0	21.542552947998047	0.9292642475069753
8875.0	34098.0	2.0	4.0	4.0	4,4,1	0,4,15	1.0	21.542552947998047	0.9902660660708654
8889.0	34099.0	5.0	4.0	5.0	4,4,1,4	0,3,11,2	1.0	21.542552947998047	0.9758425318671227
8893.0	34100.0	3.0	1.0	8.0	1,1,1,4,1,1,2	0,3,2,2,6,2,2	0.0	21.542552947998047	0.985434688011706
8907.0	34101.0	2.0	4.0	4.0	4,4,1	0,4,12	1.0	21.542552947998047	0.9902660660708654
8998.0	34105.0	3.0	1.0	2.0	1	0	0.0	21.542552947998047	0.985434688011706
8991.0	34106.0	3.0	1.0	2.0	1	0	0.0	21.542552947998047	0.985434688011706
9005.0	34107.0	3.0	1.0	2.0	1	0	0.0	21.542552947998047	0.985434688011706
8988.0	34108.0	3.0	2.0	2.0	1	0	1.0	21.542552947998047	0.985434688011706
9001.0	34109.0	3.0	2.0	2.0	1	0	1.0	21.542552947998047	0.985434688011706
8945.0	34113.0	11.0	1.0	3.0	4,4	0,4	0.0	21.542552947998047	0.9476226533581378
8957.0	34114.0	2.0	4.0	5.0	4,1,4,1	0,5,2,6	1.0	21.542552947998047	0.9902660660708654
8956.0	34115.0	8.0	3.0	4.0	4,1,4	0,4,3	1.0	21.542552947998047	0.9616290809390312
8973.0	34116.0	3.0	1.0	2.0	1	0	0.0	21.542552947998047	0.985434688011706
8924.0	34117.0	14.0	4.0	3.0	4,4	0,4	1.0	21.542552947998047	0.9338202337648015
8949.0	34118.0	8.0	3.0	4.0	4,1,4	0,4,3	1.0	21.542552947998047	0.9616290809390312
8919.0	34119.0	14.0	4.0	3.0	4,4	0,4	1.0	21.542552947998047	0.9338202337648015
8925.0	34120.0	8.0	1.0	6.0	1,1,1,1,4	0,3,2,2,3	0.0	21.542552947998047	0.9616290809390312
8934.0	34121.0	2.0	1.0	7.0	1,1,1,2,1,1	0,5,3,2,3,1	0.0	21.542552947998047	0.9902660660708654
8886.0	34126.0	8.0	1.0	6.0	4,1,1,1,4	0,6,2,3,3	0.0	21.542552947998047	0.9616290809390312
8974.0	34127.0	3.0	4.0	2.0	1	0	1.0	21.542552947998047	0.985434688011706
8980.0	34128.0	3.0	4.0	2.0	1	0	1.0	21.542552947998047	0.985434688011706
8960.0	34129.0	6.0	2.0	5.0	4,1,1,4	0,5,2,2	1.0	21.542552947998047	0.9710815243367282
8898.0	34130.0	2.0	3.0	6.0	4,1,4,2,1	0,3,2,6,8	1.0	21.542552947998047	0.9902660660708654
8899.0	34131.0	16.0	2.0	3.0	4,4	0,5	1.0	21.542552947998047	0.9247304893076459
8897.0	34132.0	6.0	1.0	7.0	1,1,4,1,1,4	0,3,2,5,3,2	0.0	21.542552947998047	0.9710815243367282
8975.0	34133.0	3.0	4.0	2.0	1	0	1.0	21.542552947998047	0.985434688011706
8982.0	34134.0	3.0	4.0	2.0	1	0	1.0	21.542552947998047	0.985434688011706
8977.0	34135.0	3.0	2.0	2.0	1	0	1.0	21.542552947998047	0.985434688011706
8880.0	34136.0	2.0	4.0	7.0	4,4,1,2,1,1	0,3,8,3,4,2	1.0	21.542552947998047	0.9902660660708654
8978.0	34139.0	3.0	4.0	2.0	1	0	1.0	21.542552947998047	0.985434688011706
8638.0	34140.0	3.0	3.0	10.0	1,4,1,4,4,1,4,1,3	0,3,11,3,25,84,2,7,1	1.0	21.54254913330078	0.9854346854513945
8805.0	34141.0	15.0	1.0	11.0	1,1,4,1,1,4,4,1,4,4	0,3,4,26,2,2,6,57,2,5	0.0	21.54254913330078	0.9292642354351154
9019.0	34142.0	3.0	1.0	2.0	1	0	0.0	21.542552947998047	0.985434688011706
8641.0	34143.0	15.0	2.0	12.0	1,4,1,2,1,1,4,4,1,4,4	0,5,18,18,9,2,2,5,57,2,5	1.0	21.542552947998047	0.9292642475069753
8247.0	34144.0	2.0	1.0	14.0	4,1,4,1,4,1,4,1,4,1,4,2,1	0,5,2,6,5,28,9,66,2,5,2,5,6	0.0	21.542552947998047	0.9902660660708654
8783.0	34145.0	22.0	2.0	8.0	4,4,1,1,4,4,2	0,3,25,9,2,6,58	1.0	21.54254913330078	0.89798867604802
8656.0	34146.0	6.0	4.0	9.0	4,4,4,1,4,1,1,4	0,5,18,94,2,8,3,2	1.0	21.54254913330078	0.9710815192906888
9003.0	34147.0	3.0	4.0	2.0	1	0	1.0	21.542552947998047	0.985434688011706
8216.0	34148.0	15.0	4.0	13.0	1,1,1,4,4,1,1,4,4,1,4,4	0,3,2,2,7,42,2,2,6,57,2,5	1.0	21.542552947998047	0.9292642475069753
8530.0	34152.0	15.0	4.0	9.0	1,4,4,1,4,1,4,4	0,4,15,52,3,47,2,5	1.0	21.542552947998047	0.9292642475069753
8832.0	34153.0	89.0	1.0	4.0	4,4,4	0,5,26	0.0	21.542552947998047	0.6470821533254474
8538.0	34154.0	97.0	1.0	6.0	1,4,1,4,4	0,3,9,5,28	0.0	21.542552947998047	0.6222530163943993
8470.0	34155.0	15.0	2.0	13.0	1,1,1,4,4,4,1,1,1,1,4,4	0,3,2,2,6,15,49,2,27,18,2,5	1.0	21.542552947998047	0.9292642475069753
8451.0	34156.0	67.0	1.0	6.0	4,4,2,2,4	0,4,18,36,22	0.0	21.54254913330078	0.7205904937432334
8692.0	34157.0	15.0	2.0	10.0	4,1,4,4,1,4,1,4,4	0,3,2,6,28,9,66,2,5	1.0	21.542552947998047	0.9292642475069753
8439.0	34158.0	8.0	4.0	15.0	1,1,1,4,1,4,1,4,4,1,4,1,1,4	0,4,2,2,6,2,6,3,25,76,2,5,3,3	1.0	21.542552947998047	0.9616290809390312
8668.0	34159.0	15.0	2.0	12.0	1,1,4,4,1,1,4,4,1,4,4	0,3,3,8,36,2,2,6,57,2,5	1.0	21.542552947998047	0.9292642475069753
8961.0	34160.0	11.0	4.0	3.0	4,4	0,4	1.0	21.542552947998047	0.9476226533581378
8426.0	34161.0	2.0	1.0	15.0	1,4,4,1,1,2,1,1,4,1,4,4,1,1	0,4,13,48,3,2,3,2,4,47,2,5,11,2	0.0	21.542552947998047	0.9902660660708654
8838.0	34162.0	89.0	2.0	4.0	4,4,4	0,4,27	1.0	21.542552947998047	0.6470821533254474
8733.0	34163.0	97.0	1.0	4.0	4,4,4	0,6,28	0.0	21.542552947998047	0.6222530163943993
8597.0	34168.0	16.0	2.0	11.0	1,1,4,1,4,1,4,1,4,4	0,3,2,6,5,28,9,66,2,5	1.0	21.542552947998047	0.9247304893076459
8395.0	34169.0	16.0	2.0	8.0	4,4,4,2,1,4,4	0,3,9,40,75,2,5	1.0	21.54254913330078	0.9247304764938187
8527.0	34170.0	16.0	4.0	10.0	4,1,4,4,1,4,1,4,4	0,5,2,6,33,9,66,2,5	1.0	21.542552947998047	0.9247304893076459
8962.0	34171.0	12.0	2.0	3.0	4,4	0,4	1.0	21.542552947998047	0.9429993269081437
8537.0	34172.0	15.0	4.0	11.0	1,4,1,1,4,1,4,1,4,4	0,5,15,2,2,21,9,66,2,6	1.0	21.54254913330078	0.9292642354351154
8320.0	34173.0	9.0	1.0	11.0	4,4,4,1,4,4,1,4,1,4	0,4,14,51,2,8,54,2,8,3	0.0	21.542552947998047	0.9569374189686957
8518.0	34174.0	15.0	1.0	11.0	4,4,4,1,1,1,4,1,4,4	0,4,15,49,2,4,2,45,2,6	0.0	21.542552947998047	0.9292642475069753
8845.0	34175.0	15.0	2.0	11.0	1,1,1,3,1,4,4,1,4,4	0,5,18,9,8,2,5,51,2,6	1.0	21.542552947998047	0.9292642475069753
8529.0	34176.0	15.0	2.0	10.0	1,1,4,4,2,3,1,4,4	0,3,2,5,13,31,68,2,5	1.0	21.54254913330078	0.9292642354351154
8548.0	34177.0	15.0	4.0	13.0	1,1,4,1,4,1,1,4,4,1,4,4	0,5,2,5,5,28,9,2,6,58,2,6	1.0	21.542552947998047	0.9292642475069753
8738.0	34178.0	9.0	2.0	10.0	4,4,2,1,1,4,1,1,4	0,6,36,49,18,2,6,3,3	1.0	21.542552947998047	0.9569374189686957
8840.0	34179.0	90.0	1.0	4.0	4,4,4	0,5,26	0.0	21.542552947998047	0.6439251244973724
8495.0	34180.0	2.0	4.0	12.0	1,1,2,1,4,4,4,1,4,1,1	0,5,2,4,2,6,28,83,3,8,2	1.0	21.542552947998047	0.9902660660708654
9020.0	34184.0	4.0	2.0	2.0	1	0	1.0	21.542552947998047	0.9806268816114676
8658.0	34185.0	90.0	1.0	6.0	1,4,1,4,4	0,5,14,4,26	0.0	21.54254913330078	0.6439250743068672
8987.0	34186.0	4.0	3.0	2.0	1	0	1.0	21.542552947998047	0.9806268816114676
8211.0	34187.0	89.0	2.0	8.0	1,4,1,1,4,4,4	0,4,12,4,3,7,27	1.0	21.54254913330078	0.6470821034492752
8826.0	34188.0	15.0	1.0	8.0	1,1,1,4,1,4,4	0,5,18,9,66,2,6	0.0	21.542552947998047	0.9292642475069753
8868.0	34189.0	2.0	4.0	11.0	1,1,1,1,4,1,1,4,4,1	0,5,3,2,3,53,2,2,5,12	1.0	21.54254913330078	0.9902660643556226
8831.0	34190.0	15.0	2.0	7.0	1,1,4,1,4,4	0,5,18,76,2,5	1.0	21.54254913330078	0.9292642354351154
8830.0	34191.0	16.0	4.0	8.0	4,1,1,4,1,4,4	0,5,18,9,66,2,5	1.0	21.54254913330078	0.9247304764938187
8254.0	34192.0	16.0	2.0	8.0	4,4,4,1,1,4,4	0,5,16,53,47,2,5	1.0	21.54254913330078	0.9247304764938187
9030.0	34193.0	3.0	2.0	2.0	4	0	1.0	21.542552947998047	0.985434688011706
8821.0	34194.0	2.0	2.0	14.0	1,1,1,1,1,4,1,4,4,1,4,4,1	0,3,4,18,9,2,6,2,6,51,2,5,13	1.0	21.542552947998047	0.9902660660708654
8971.0	34197.0	4.0	2.0	2.0	1	0	1.0	21.542552947998047	0.9806268816114676
8934.0	34198.0	1.0	4.0	8.0	1,1,1,2,1,1,1	0,5,3,2,3,1,2	1.0	21.542552947998047	0.995121131355809
8937.0	34199.0	9.0	1.0	4.0	4,1,4	0,5,3	0.0	21.542552947998047	0.9569374189686957
8913.0	34200.0	15.0	4.0	3.0	4,4	0,4	1.0	21.542552947998047	0.9292642475069753
8986.0	34201.0	4.0	2.0	2.0	1	0	1.0	21.542552947998047	0.9806268816114676
8908.0	34202.0	15.0	4.0	3.0	4,4	0,4	1.0	21.542552947998047	0.9292642475069753
8950.0	34203.0	9.0	2.0	4.0	4,1,4	0,4,3	1.0	21.542552947998047	0.9569374189686957
8968.0	34204.0	4.0	1.0	2.0	1	0	0.0	21.542552947998047	0.9806268816114676
8946.0	34205.0	9.0	1.0	4.0	4,1,4	0,4,3	0.0	21.542552947998047	0.9569374189686957
8915.0	34206.0	2.0	4.0	4.0	4,4,1	0,4,13	1.0	21.542552947998047	0.9902660660708654
8920.0	34207.0	15.0	2.0	3.0	4,4	0,4	1.0	21.542552947998047	0.9292642475069753
8979.0	34211.0	4.0	2.0	2.0	1	0	1.0	21.542552947998047	0.9806268816114676
8881.0	34212.0	2.0	2.0	8.0	4,2,1,1,1,4,1	0,4,5,2,3,2,5	1.0	21.542552947998047	0.9902660660708654
8893.0	34213.0	2.0	2.0	9.0	1,1,1,4,1,1,2,1	0,3,2,2,6,2,2,3	1.0	21.542552947998047	0.9902660660708654
8984.0	34214.0	4.0	2.0	2.0	1	0	1.0	21.542552947998047	0.9806268816114676
8976.0	34215.0	4.0	2.0	2.0	1	0	1.0	21.542552947998047	0.9806268816114676
8901.0	34216.0	2.0	4.0	4.0	4,4,1	0,5,15	1.0	21.542552947998047	0.9902660660708654
8894.0	34217.0	17.0	2.0	3.0	4,4	0,5	1.0	21.542552947998047	0.9202188507190354
8981.0	34218.0	4.0	1.0	2.0	1	0	0.0	21.542552947998047	0.9806268816114676
9005.0	34220.0	1.0	1.0	3.0	1,1	0,3	0.0	21.542552947998047	0.995121131355809
8999.0	34221.0	4.0	1.0	2.0	1	0	0.0	21.542552947998047	0.9806268816114676
9010.0	34222.0	3.0	2.0	2.0	1	0	1.0	21.542552947998047	0.985434688011706
9002.0	34223.0	4.0	2.0	2.0	1	0	1.0	21.542552947998047	0.9806268816114676
9009.0	34224.0	3.0	2.0	2.0	4	0	1.0	21.542552947998047	0.985434688011706
8995.0	34225.0	4.0	2.0	2.0	1	0	1.0	21.542552947998047	0.9806268816114676
9000.0	34226.0	4.0	2.0	2.0	1	0	1.0	21.542552947998047	0.9806268816114676
8989.0	34227.0	4.0	1.0	2.0	1	0	0.0	21.542552947998047	0.9806268816114676
8990.0	34228.0	4.0	2.0	2.0	1	0	1.0	21.542552947998047	0.9806268816114676
9022.0	34229.0	3.0	2.0	2.0	4	0	1.0	21.542552947998047	0.985434688011706
9013.0	34230.0	3.0	2.0	2.0	1	0	1.0	21.542552947998047	0.985434688011706
9006.0	34231.0	4.0	2.0	2.0	1	0	1.0	21.542552947998047	0.9806268816114676
8996.0	34232.0	4.0	1.0	2.0	1	0	0.0	21.542552947998047	0.9806268816114676
9027.0	34233.0	3.0	2.0	2.0	4	0	1.0	21.542552947998047	0.985434688011706
9024.0	34234.0	3.0	2.0	2.0	4	0	1.0	21.542552947998047	0.985434688011706
9028.0	34235.0	3.0	2.0	2.0	4	0	1.0	21.542552947998047	0.985434688011706
8992.0	34236.0	4.0	2.0	2.0	1	0	1.0	21.542552947998047	0.9806268816114676
9016.0	34237.0	3.0	2.0	2.0	1	0	1.0	21.542552947998047	0.985434688011706
8658.0	34242.0	1.0	4.0	7.0	1,4,1,4,4,1	0,5,14,4,26,90	1.0	21.542552947998047	0.995121131355809
9019.0	34243.0	2.0	4.0	3.0	1,1	0,3	1.0	21.542552947998047	0.9902660660708654
8772.0	34244.0	17.0	4.0	9.0	1,1,4,1,4,1,4,4	0,3,2,23,9,66,2,5	1.0	21.542552947998047	0.9202188507190354
8009.0	34245.0	6.0	1.0	13.0	4,4,1,4,1,4,1,4,1,4,1,4	0,4,17,3,25,9,67,2,6,2,5,2	0.0	21.542552947998047	0.9710815243367282
8771.0	34246.0	10.0	1.0	8.0	1,1,1,4,4,1,4	0,5,2,3,26,78,3	0.0	21.54254913330078	0.9522686387536997
8805.0	34247.0	2.0	4.0	12.0	1,1,4,1,1,4,4,1,4,4,1	0,3,4,26,2,2,6,57,2,5,15	1.0	21.542552947998047	0.9902660660708654
8247.0	34248.0	2.0	4.0	15.0	4,1,4,1,4,1,4,1,4,1,4,2,1,1	0,5,2,6,5,28,9,66,2,5,2,5,6,2	1.0	21.542552947998047	0.9902660660708654
8633.0	34249.0	18.0	4.0	8.0	4,4,1,4,1,4,4	0,6,36,9,66,1,5	1.0	21.54254913330078	0.9157292095472335
8214.0	34250.0	16.0	2.0	12.0	4,4,1,4,1,3,1,4,1,4,4	0,4,16,3,25,9,13,3,50,2,6	1.0	21.542552947998047	0.9247304893076459
8967.0	34251.0	5.0	2.0	2.0	4	0	1.0	21.542552947998047	0.9758425318671227
7961.0	34252.0	17.0	4.0	12.0	2,4,1,4,1,1,4,4,1,4,4	0,5,19,3,25,9,2,6,58,2,5	1.0	21.542552947998047	0.9202188507190354
8966.0	34253.0	5.0	2.0	2.0	4	0	1.0	21.542552947998047	0.9758425318671227
8969.0	34256.0	5.0	2.0	2.0	1	0	1.0	21.542552947998047	0.9758425318671227
8964.0	34257.0	5.0	2.0	2.0	4	0	1.0	21.542552947998047	0.9758425318671227
8953.0	34258.0	13.0	1.0	3.0	4,4	0,4	0.0	21.542552947998047	0.9383985570605985
8945.0	34259.0	2.0	4.0	4.0	4,4,1	0,4,11	1.0	21.542552947998047	0.9902660660708654
8970.0	34260.0	5.0	2.0	2.0	1	0	1.0	21.542552947998047	0.9758425318671227
8955.0	34261.0	10.0	2.0	4.0	4,1,4	0,4,3	1.0	21.542552947998047	0.9522686470008362
8909.0	34262.0	15.0	2.0	3.0	4,4	0,5	1.0	21.542552947998047	0.9292642475069753
8925.0	34263.0	2.0	1.0	7.0	1,1,1,1,4,1	0,3,2,2,3,8	0.0	21.542552947998047	0.9902660660708654
8937.0	34264.0	1.0	4.0	5.0	4,1,4,1	0,5,3,9	1.0	21.542552947998047	0.995121131355809
8972.0	34265.0	5.0	2.0	2.0	1	0	1.0	21.542552947998047	0.9758425318671227
8911.0	34266.0	15.0	4.0	3.0	4,4	0,5	1.0	21.542552947998047	0.9292642475069753
8973.0	34267.0	2.0	1.0	3.0	1,1	0,3	0.0	21.542552947998047	0.9902660660708654
8897.0	34271.0	2.0	1.0	8.0	1,1,4,1,1,4,1	0,3,2,5,3,2,6	0.0	21.542552947998047	0.9902660660708654
8985.0	34272.0	5.0	2.0	2.0	1	0	1.0	21.542552947998047	0.9758425318671227
8965.0	34273.0	5.0	2.0	2.0	4	0	1.0	21.542552947998047	0.9758425318671227
8886.0	34274.0	2.0	4.0	7.0	4,1,1,1,4,1	0,6,2,3,3,8	1.0	21.542552947998047	0.9902660660708654
8983.0	34275.0	5.0	4.0	2.0	1	0	1.0	21.542552947998047	0.9758425318671227
8993.0	34277.0	5.0	1.0	2.0	1	0	0.0	21.542552947998047	0.9758425318671227
9007.0	34278.0	5.0	1.0	2.0	1	0	0.0	21.542552947998047	0.9758425318671227
9021.0	34279.0	4.0	4.0	2.0	4	0	1.0	21.542552947998047	0.9806268816114676
8991.0	34280.0	2.0	4.0	3.0	1,1	0,3	1.0	21.542552947998047	0.9902660660708654
9026.0	34281.0	4.0	2.0	2.0	4	0	1.0	21.542552947998047	0.9806268816114676
9004.0	34282.0	5.0	2.0	2.0	1	0	1.0	21.542552947998047	0.9758425318671227
8994.0	34283.0	5.0	4.0	2.0	1	0	1.0	21.542552947998047	0.9758425318671227
8997.0	34284.0	5.0	2.0	2.0	1	0	1.0	21.542552947998047	0.9758425318671227
9023.0	34285.0	4.0	4.0	2.0	4	0	1.0	21.542552947998047	0.9806268816114676
9017.0	34286.0	4.0	1.0	2.0	1	0	0.0	21.542552947998047	0.9806268816114676
9015.0	34287.0	4.0	2.0	2.0	1	0	1.0	21.542552947998047	0.9806268816114676
9008.0	34288.0	5.0	1.0	2.0	1	0	0.0	21.542552947998047	0.9758425318671227
8998.0	34289.0	2.0	4.0	3.0	1,1	0,3	1.0	21.542552947998047	0.9902660660708654
8665.0	34297.0	17.0	4.0	9.0	4,1,4,4,2,1,4,4	0,6,2,6,36,67,2,5	1.0	21.542552947998047	0.9202188507190354
8332.0	34298.0	4.0	4.0	10.0	4,4,1,1,4,4,4,1,4	0,4,15,2,2,6,28,94,1	1.0	21.542552947998047	0.9806268816114676
8847.0	34299.0	91.0	2.0	4.0	4,4,4	0,5,26	1.0	21.542552947998047	0.6407834983982554
8814.0	34300.0	3.0	4.0	14.0	1,1,4,1,1,4,4,1,1,4,4,1,2	0,3,3,27,2,2,5,40,18,2,5,12,2	1.0	21.542552947998047	0.985434688011706
8733.0	34301.0	2.0	4.0	5.0	4,4,4,1	0,6,28,97	1.0	21.542552947998047	0.9902660660708654
8832.0	34302.0	2.0	4.0	5.0	4,4,4,1	0,5,26,89	1.0	21.542552947998047	0.9902660660708654
8904.0	34303.0	17.0	4.0	3.0	4,4	0,6	1.0	21.542552947998047	0.9202188507190354
8538.0	34304.0	2.0	4.0	7.0	1,4,1,4,4,1	0,3,9,5,28,97	1.0	21.54254913330078	0.9902660643556226
8451.0	34305.0	2.0	4.0	7.0	4,4,2,2,4,1	0,4,18,36,22,67	1.0	21.542552947998047	0.9902660660708654
8840.0	34306.0	2.0	4.0	5.0	4,4,4,1	0,5,26,90	1.0	21.542552947998047	0.9902660660708654
8593.0	34307.0	5.0	2.0	9.0	4,1,4,4,2,4,1,4	0,3,2,6,33,23,70,2	1.0	21.542552947998047	0.9758425318671227
8474.0	34308.0	11.0	2.0	9.0	4,4,4,2,1,4,1,4	0,4,13,44,64,2,8,3	1.0	21.54254913330078	0.9476226443305479
8518.0	34309.0	2.0	3.0	12.0	4,4,4,1,1,1,4,1,4,4,1	0,4,15,49,2,4,2,45,2,6,15	1.0	21.542552947998047	0.9902660660708654
8552.0	34310.0	5.0	4.0	11.0	1,1,1,4,1,4,4,4,1,4	0,4,2,3,9,2,6,27,85,2	1.0	21.54254913330078	0.9758425276414734
8843.0	34311.0	17.0	2.0	11.0	1,4,1,1,4,4,1,4,4,4	0,5,26,2,2,5,40,18,2,6	1.0	21.542552947998047	0.9202188507190354
8836.0	34312.0	4.0	3.0	16.0	1,1,1,1,1,1,4,4,1,1,1,4,4,1,4	0,4,1,18,8,2,2,5,13,27,18,2,5,13,1	1.0	21.542552947998047	0.9806268816114676
8320.0	34313.0	2.0	3.0	12.0	4,4,4,1,4,4,1,4,1,4,1	0,4,14,51,2,8,54,2,8,3,9	1.0	21.542552947998047	0.9902660660708654
8513.0	34314.0	17.0	4.0	13.0	1,1,4,1,4,4,1,4,4,1,4,4	0,4,2,7,2,7,33,2,7,58,2,6	1.0	21.54254913330078	0.9202188371707684
8759.0	34315.0	17.0	2.0	7.0	4,4,3,1,4,4	0,5,31,68,2,5	1.0	21.542552947998047	0.9202188507190354
8828.0	34316.0	17.0	2.0	10.0	1,1,1,1,4,4,1,4,4	0,5,18,9,2,6,58,2,6	1.0	21.54254913330078	0.9202188371707684
8193.0	34317.0	17.0	2.0	11.0	4,4,1,4,1,4,4,1,4,4	0,4,12,5,36,2,7,59,2,5	1.0	21.542552947998047	0.9202188507190354
8826.0	34318.0	2.0	4.0	9.0	1,1,1,4,1,4,4,1	0,5,18,9,66,2,6,15	1.0	21.54254913330078	0.9902660643556226
7963.0	34319.0	17.0	1.0	9.0	1,1,4,4,4,1,4,4	0,5,2,6,21,94,2,5	0.0	21.542552947998047	0.9202188507190354
8003.0	34320.0	5.0	3.0	15.0	4,1,4,4,1,1,4,2,2,2,1,2,1,4	0,5,2,7,36,9,2,6,8,50,12,2,4,2	1.0	21.542552947998047	0.9758425318671227
8784.0	34321.0	14.0	2.0	12.0	1,1,1,4,1,4,4,1,1,4,4	0,4,2,4,26,2,7,59,2,3,5	1.0	21.542552947998047	0.9338202337648015
8803.0	34322.0	17.0	2.0	12.0	1,4,1,1,4,1,4,4,1,4,4	0,4,29,2,2,5,2,6,51,2,5	1.0	21.542552947998047	0.9202188507190354
7838.0	34323.0	75.0	1.0	5.0	3,3,4,2	0,18,19,65	0.0	21.542552947998047	0.6929408144399087
8968.0	34326.0	2.0	3.0	3.0	1,1	0,4	1.0	21.542552947998047	0.9902660660708654
8946.0	34327.0	2.0	3.0	5.0	4,1,4,1	0,4,3,9	1.0	21.542552947998047	0.9902660660708654
8947.0	34328.0	14.0	1.0	3.0	4,4	0,4	0.0	21.542552947998047	0.9338202337648015
8944.0	34329.0	14.0	1.0	3.0	4,4	0,4	0.0	21.542552947998047	0.9338202337648015
8943.0	34330.0	14.0	4.0	3.0	4,4	0,4	1.0	21.542552947998047	0.9338202337648015
8981.0	34333.0	2.0	1.0	3.0	1,1	0,4	0.0	21.542552947998047	0.9902660660708654
8883.0	34334.0	5.0	2.0	7.0	4,2,1,4,1,4	0,4,5,2,7,2	1.0	21.542552947998047	0.9758425318671227
8989.0	34336.0	2.0	3.0	3.0	1,1	0,4	1.0	21.542552947998047	0.9902660660708654
9014.0	34337.0	5.0	1.0	2.0	4	0	0.0	21.542552947998047	0.9758425318671227
8996.0	34338.0	2.0	4.0	3.0	1,1	0,4	1.0	21.542552947998047	0.9902660660708654
9011.0	34339.0	5.0	2.0	2.0	4	0	1.0	21.542552947998047	0.9758425318671227
9007.0	34340.0	1.0	4.0	3.0	1,1	0,5	1.0	21.542552947998047	0.995121131355809
9025.0	34341.0	5.0	2.0	2.0	4	0	1.0	21.542552947998047	0.9758425318671227
9029.0	34342.0	5.0	3.0	2.0	4	0	1.0	21.542552947998047	0.9758425318671227
9005.0	34343.0	2.0	2.0	4.0	1,1,1	0,3,1	1.0	21.542552947998047	0.9902660660708654
9012.0	34344.0	5.0	4.0	2.0	4	0	1.0	21.542552947998047	0.9758425318671227
9018.0	34345.0	5.0	4.0	2.0	4	0	1.0	21.542552947998047	0.9758425318671227
8999.0	34346.0	2.0	4.0	3.0	1,1	0,4	1.0	21.542552947998047	0.9902660660708654
8515.0	34348.0	19.0	2.0	10.0	1,4,1,1,4,4,1,4,4	0,4,14,3,2,23,76,2,5	1.0	21.54254913330078	0.9112614862310043
8438.0	34349.0	18.0	2.0	9.0	1,1,4,4,3,1,4,4	0,5,2,7,36,76,2,6	1.0	21.542552947998047	0.9157292238224689
8600.0	34350.0	19.0	3.0	14.0	4,1,1,4,1,4,4,1,4,4,1,4,4	0,5,3,2,6,3,6,27,2,7,58,2,6	1.0	21.542552947998047	0.9112615012257922
8670.0	34351.0	6.0	3.0	14.0	4,4,1,1,1,4,4,1,1,1,4,1,4	0,6,36,9,2,2,5,39,18,2,5,12,2	1.0	21.542552947998047	0.9710815243367282
8764.0	34352.0	7.0	4.0	10.0	1,1,1,4,1,4,4,1,4	0,3,2,2,21,8,22,63,2	1.0	21.54254913330078	0.9663437392783647
8551.0	34353.0	19.0	2.0	9.0	1,1,4,4,4,1,4,4	0,5,2,5,15,93,2,6	1.0	21.542552947998047	0.9112615012257922
8303.0	34354.0	19.0	4.0	12.0	1,4,1,4,1,4,1,4,1,4,4	0,5,14,2,6,4,28,8,67,2,6	1.0	21.54254913330078	0.9112614862310043
8446.0	34355.0	19.0	3.0	11.0	4,4,4,1,1,4,4,1,4,4	0,3,11,44,2,2,7,56,2,6	1.0	21.542552947998047	0.9112615012257922
8541.0	34356.0	19.0	4.0	7.0	1,4,4,1,4,4	0,5,18,97,2,6	1.0	21.54254913330078	0.9112614862310043
8469.0	34357.0	19.0	3.0	7.0	4,4,4,1,4,4	0,5,17,102,2,6	1.0	21.542552947998047	0.9112615012257922
8493.0	34358.0	77.0	2.0	7.0	4,1,4,4,2,4	0,5,2,7,34,25	1.0	21.542552947998047	0.68619577433535
8693.0	34359.0	6.0	3.0	11.0	4,4,1,4,1,4,1,4,1,4	0,5,16,18,76,2,5,3,8,2	1.0	21.542552947998047	0.9710815243367282
8903.0	34360.0	20.0	3.0	3.0	4,4	0,6	1.0	21.542552947998047	0.9068155760608033
8550.0	34361.0	19.0	2.0	8.0	4,4,4,1,1,4,4	0,4,16,82,18,2,6	1.0	21.54254913330078	0.9112614862310043
8824.0	34362.0	94.0	2.0	4.0	4,4,4	0,5,26	1.0	21.542552947998047	0.6314502868271343
8771.0	34363.0	3.0	1.0	9.0	1,1,1,4,4,1,4,1	0,5,2,3,26,78,3,10	0.0	21.542552947998047	0.985434688011706
8698.0	34364.0	7.0	1.0	8.0	4,1,4,4,4,1,4	0,5,2,5,27,93,2	0.0	21.54254913330078	0.9663437392783647
8009.0	34365.0	3.0	1.0	14.0	4,4,1,4,1,4,1,4,1,4,1,4,1	0,4,17,3,25,9,67,2,6,2,5,2,6	0.0	21.542552947998047	0.985434688011706
8212.0	34366.0	19.0	3.0	8.0	4,4,4,1,1,4,4	0,4,16,56,47,2,6	1.0	21.54254913330078	0.9112614862310043
8652.0	34367.0	6.0	4.0	15.0	1,1,1,1,4,1,4,1,4,1,4,4,1,4	0,3,2,2,2,5,2,7,18,76,2,5,11,2	1.0	21.542552947998047	0.9710815243367282
8793.0	34368.0	7.0	3.0	7.0	4,1,4,4,1,4	0,5,4,26,85,2	1.0	21.542552947998047	0.9663437451366886
8726.0	34369.0	18.0	4.0	9.0	1,1,2,4,4,1,4,4	0,8,3,3,22,76,2,6	1.0	21.542552947998047	0.9157292238224689
8822.0	34370.0	93.0	4.0	4.0	1,4,4	0,7,27	1.0	21.542552947998047	0.6345461541619671
8941.0	34371.0	18.0	2.0	3.0	4,4	0,5	1.0	21.542552947998047	0.9157292238224689
8267.0	34372.0	18.0	3.0	10.0	1,1,4,4,1,4,1,4,4	0,4,2,5,16,18,76,2,6	1.0	21.54254913330078	0.9157292095472335
8821.0	34373.0	4.0	3.0	15.0	1,1,1,1,1,4,1,4,4,1,4,4,1,2	0,3,4,18,9,2,6,2,6,51,2,5,13,2	1.0	21.542552947998047	0.9806268816114676
8776.0	34374.0	8.0	1.0	14.0	1,1,1,4,1,4,1,1,4,1,1,4,2	0,3,2,2,21,9,66,2,2,5,2,3,5	0.0	21.542552947998047	0.9616290809390312
8621.0	34375.0	19.0	4.0	11.0	1,1,4,4,1,4,4,1,4,4	0,6,2,6,36,2,7,58,2,6	1.0	21.54254913330078	0.9112614862310043
8246.0	34376.0	93.0	4.0	7.0	4,4,1,4,4,4	0,4,15,2,7,27	1.0	21.542552947998047	0.6345461541619671
7963.0	34377.0	2.0	4.0	10.0	1,1,4,4,4,1,4,4,1	0,5,2,6,21,94,2,5,17	1.0	21.54254913330078	0.9902660643556226
8817.0	34378.0	93.0	4.0	4.0	4,4,4	0,7,27	1.0	21.542552947998047	0.6345461541619671
8787.0	34379.0	18.0	2.0	12.0	1,4,1,1,4,1,4,4,1,4,4	0,3,24,9,2,6,2,6,51,2,6	1.0	21.54254913330078	0.9157292095472335
7838.0	34380.0	2.0	4.0	6.0	3,3,4,2,1	0,18,19,65,75	1.0	21.54254913330078	0.9902660643556226
8743.0	34381.0	19.0	2.0	9.0	1,1,4,1,4,1,4,4	0,6,3,25,9,66,2,6	1.0	21.542552947998047	0.9112615012257922
7846.0	34382.0	7.0	2.0	7.0	4,4,4,4,1,4	0,3,9,29,111,2	1.0	21.542552947998047	0.9663437451366886
9030.0	34383.0	4.0	1.0	3.0	4,2	0,3	0.0	21.542552947998047	0.9806268816114676
8657.0	34384.0	18.0	4.0	8.0	4,4,1,4,1,4,4	0,5,18,18,76,2,6	1.0	21.54254913330078	0.9157292095472335
8773.0	34385.0	19.0	1.0	9.0	1,1,4,1,4,1,4,4	0,3,2,23,9,66,2,6	0.0	21.542552947998047	0.9112615012257922
8933.0	34391.0	16.0	2.0	3.0	4,4	0,5	1.0	21.542552947998047	0.9247304893076459
8928.0	34392.0	16.0	2.0	3.0	4,4	0,5	1.0	21.542552947998047	0.9247304893076459
8953.0	34393.0	3.0	2.0	4.0	4,4,1	0,4,13	1.0	21.542552947998047	0.985434688011706
8925.0	34394.0	3.0	3.0	8.0	1,1,1,1,4,1,1	0,3,2,2,3,8,2	1.0	21.542552947998047	0.985434688011706
8929.0	34395.0	16.0	4.0	3.0	4,4	0,5	1.0	21.542552947998047	0.9247304893076459
8973.0	34396.0	3.0	1.0	4.0	1,1,1	0,3,2	0.0	21.542552947998047	0.985434688011706
8927.0	34397.0	16.0	2.0	3.0	4,4	0,5	1.0	21.542552947998047	0.9247304893076459
8952.0	34398.0	15.0	1.0	3.0	4,4	0,5	0.0	21.542552947998047	0.9292642475069753
8930.0	34399.0	16.0	1.0	3.0	1,4	0,5	0.0	21.542552947998047	0.9247304893076459
8944.0	34400.0	2.0	3.0	4.0	4,4,1	0,4,14	1.0	21.542552947998047	0.9902660660708654
8926.0	34401.0	6.0	2.0	8.0	4,1,1,4,1,2,4	0,4,3,1,4,2,3	1.0	21.542552947998047	0.9710815243367282
8934.0	34402.0	4.0	1.0	9.0	1,1,1,2,1,1,1,4	0,5,3,2,3,1,2,1	0.0	21.542552947998047	0.9806268816114676
8910.0	34403.0	18.0	2.0	3.0	4,4	0,5	1.0	21.542552947998047	0.9157292238224689
8947.0	34404.0	2.0	2.0	4.0	4,4,1	0,4,14	1.0	21.542552947998047	0.9902660660708654
8893.0	34409.0	4.0	1.0	10.0	1,1,1,4,1,1,2,1,2	0,3,2,2,6,2,2,3,2	0.0	21.542552947998047	0.9806268816114676
8977.0	34410.0	5.0	2.0	3.0	1,2	0,3	1.0	21.542552947998047	0.9758425318671227
8876.0	34411.0	21.0	2.0	3.0	1,4	0,6	1.0	21.542552947998047	0.9023913419806964
8898.0	34412.0	5.0	1.0	7.0	4,1,4,2,1,3	0,3,2,6,8,2	0.0	21.542552947998047	0.9758425318671227
8897.0	34413.0	3.0	1.0	9.0	1,1,4,1,1,4,1,1	0,3,2,5,3,2,6,2	0.0	21.542552947998047	0.985434688011706
8881.0	34414.0	4.0	2.0	9.0	4,2,1,1,1,4,1,2	0,4,5,2,3,2,5,2	1.0	21.542552947998047	0.9806268816114676
8907.0	34415.0	6.0	1.0	5.0	4,4,1,4	0,4,12,2	0.0	21.542552947998047	0.9710815243367282
8981.0	34416.0	2.0	3.0	4.0	1,1,1	0,4,2	1.0	21.542552947998047	0.9902660660708654
8884.0	34417.0	21.0	2.0	3.0	4,4	0,6	1.0	21.542552947998047	0.9023913419806964
8880.0	34418.0	5.0	2.0	8.0	4,4,1,2,1,1,4	0,3,8,3,4,2,2	1.0	21.542552947998047	0.9758425318671227
8874.0	34419.0	21.0	1.0	3.0	4,4	0,6	0.0	21.542552947998047	0.9023913419806964
8896.0	34420.0	16.0	3.0	5.0	4,1,4,4	0,3,2,5	1.0	21.542552947998047	0.9247304893076459
8875.0	34421.0	6.0	2.0	5.0	4,4,1,4	0,4,15,2	1.0	21.542552947998047	0.9710815243367282
9008.0	34430.0	3.0	1.0	3.0	1,1	0,5	0.0	21.542552947998047	0.985434688011706
8988.0	34431.0	5.0	2.0	3.0	1,2	0,3	1.0	21.542552947998047	0.9758425318671227
9001.0	34432.0	5.0	2.0	3.0	1,2	0,3	1.0	21.542552947998047	0.9758425318671227
9017.0	34433.0	3.0	2.0	3.0	1,1	0,4	1.0	21.542552947998047	0.985434688011706
8993.0	34434.0	3.0	3.0	3.0	1,1	0,5	1.0	21.542552947998047	0.985434688011706
9014.0	34435.0	2.0	3.0	3.0	4,1	0,5	1.0	21.542552947998047	0.9902660660708654
9013.0	34436.0	4.0	2.0	3.0	1,2	0,3	1.0	21.542552947998047	0.9806268816114676
9028.0	34437.0	4.0	2.0	3.0	4,2	0,3	1.0	21.542552947998047	0.9806268816114676
9016.0	34438.0	4.0	1.0	3.0	1,2	0,3	0.0	21.542552947998047	0.9806268816114676
9027.0	34439.0	4.0	1.0	3.0	4,2	0,3	0.0	21.542552947998047	0.9806268816114676
9009.0	34440.0	4.0	2.0	3.0	4,2	0,3	1.0	21.542552947998047	0.9806268816114676
9010.0	34441.0	4.0	1.0	3.0	1,2	0,3	0.0	21.542552947998047	0.9806268816114676
9024.0	34442.0	4.0	2.0	3.0	4,2	0,3	1.0	21.542552947998047	0.9806268816114676
9022.0	34443.0	4.0	2.0	3.0	4,2	0,3	1.0	21.542552947998047	0.9806268816114676
8905.0	34448.0	12.0	2.0	6.0	4,1,1,4,4	0,6,2,2,5	1.0	21.542552947998047	0.9429993269081437
8608.0	34449.0	19.0	2.0	10.0	1,4,1,4,1,4,1,4,4	0,5,17,2,19,9,66,2,7	1.0	21.54254913330078	0.9112614862310043
8756.0	34450.0	7.0	4.0	8.0	4,4,4,1,4,1,4	0,3,25,83,3,8,2	1.0	21.54254913330078	0.9663437392783647
8420.0	34451.0	20.0	1.0	13.0	4,1,4,1,4,4,1,4,4,1,4,4	0,5,2,6,2,8,36,2,7,58,2,6	0.0	21.542552947998047	0.9068155760608033
8434.0	34452.0	20.0	3.0	7.0	4,4,4,1,4,4	0,5,18,103,2,6	1.0	21.542552947998047	0.9068155760608033
8432.0	34453.0	94.0	2.0	7.0	4,4,1,4,4,4	0,5,18,3,7,27	1.0	21.542552947998047	0.6314502868271343
8813.0	34454.0	14.0	2.0	15.0	1,1,1,1,1,1,4,4,1,1,4,1,4,4	0,6,1,18,9,2,2,5,39,18,2,5,2,5	1.0	21.542552947998047	0.9338202337648015
8834.0	34455.0	95.0	2.0	4.0	4,4,4	0,4,27	1.0	21.542552947998047	0.628369523822368
8906.0	34456.0	21.0	1.0	3.0	4,4	0,6	0.0	21.542552947998047	0.9023913419806964
8689.0	34457.0	14.0	1.0	11.0	4,4,1,4,4,1,1,1,4,4	0,5,15,1,18,76,2,4,2,5	0.0	21.542552947998047	0.9338202337648015
8658.0	34461.0	4.0	2.0	8.0	1,4,1,4,4,1,4	0,5,14,4,26,90,1	1.0	21.542552947998047	0.9806268816114676
8825.0	34462.0	94.0	1.0	4.0	1,4,4	0,5,27	0.0	21.542552947998047	0.6314502868271343
8868.0	34463.0	5.0	2.0	12.0	1,1,1,1,4,1,1,4,4,1,4	0,5,3,2,3,53,2,2,5,12,2	1.0	21.54254913330078	0.9758425276414734
8251.0	34464.0	19.0	2.0	9.0	1,1,4,4,4,1,4,4	0,5,2,5,16,94,2,6	1.0	21.542552947998047	0.9112615012257922
7919.0	34465.0	19.0	1.0	8.0	4,4,4,4,1,4,4	0,3,8,25,94,2,6	0.0	21.54254913330078	0.9112614862310043
9020.0	34466.0	5.0	4.0	3.0	1,2	0,4	1.0	21.542552947998047	0.9758425318671227
8209.0	34467.0	19.0	2.0	10.0	1,4,1,4,1,4,1,4,4	0,4,16,3,25,9,67,2,6	1.0	21.54254913330078	0.9112614862310043
8823.0	34468.0	94.0	2.0	4.0	4,4,4	0,5,27	1.0	21.542552947998047	0.6314502868271343
7886.0	34469.0	14.0	1.0	14.0	4,4,4,1,1,1,4,4,1,1,1,4,4	0,4,11,49,2,2,2,6,56,2,3,2,6	0.0	21.542552947998047	0.9338202337648015
8937.0	34473.0	4.0	2.0	6.0	4,1,4,1,4	0,5,3,9,1	1.0	21.542552947998047	0.9806268816114676
8957.0	34474.0	6.0	2.0	6.0	4,1,4,1,4	0,5,2,6,2	1.0	21.542552947998047	0.9710815243367282
8986.0	34475.0	5.0	3.0	3.0	1,2	0,4	1.0	21.542552947998047	0.9758425318671227
8936.0	34476.0	17.0	1.0	3.0	4,4	0,5	0.0	21.542552947998047	0.9202188507190354
8952.0	34477.0	1.0	3.0	4.0	4,4,1	0,5,15	1.0	21.542552947998047	0.995121131355809
8934.0	34478.0	1.0	1.0	10.0	1,1,1,2,1,1,1,4,1	0,5,3,2,3,1,2,1,4	0.0	21.542552947998047	0.995121131355809
8930.0	34479.0	1.0	2.0	4.0	1,4,1	0,5,16	1.0	21.542552947998047	0.995121131355809
8971.0	34480.0	5.0	2.0	3.0	1,2	0,4	1.0	21.542552947998047	0.9758425318671227
8976.0	34483.0	5.0	2.0	3.0	1,2	0,4	1.0	21.542552947998047	0.9758425318671227
8897.0	34484.0	1.0	2.0	10.0	1,1,4,1,1,4,1,1,1	0,3,2,5,3,2,6,2,3	1.0	21.542552947998047	0.995121131355809
8901.0	34485.0	5.0	2.0	5.0	4,4,1,4	0,5,15,2	1.0	21.542552947998047	0.9758425318671227
8872.0	34486.0	7.0	1.0	9.0	4,1,1,4,1,1,2,4	0,3,3,2,6,2,2,3	0.0	21.542552947998047	0.9663437451366886
8984.0	34487.0	5.0	2.0	3.0	1,2	0,4	1.0	21.542552947998047	0.9758425318671227
8898.0	34488.0	1.0	2.0	8.0	4,1,4,2,1,3,1	0,3,2,6,8,2,5	1.0	21.542552947998047	0.995121131355809
8979.0	34489.0	5.0	2.0	3.0	1,2	0,4	1.0	21.542552947998047	0.9758425318671227
8907.0	34490.0	1.0	1.0	6.0	4,4,1,4,1	0,4,12,2,6	0.0	21.542552947998047	0.995121131355809
8893.0	34491.0	1.0	2.0	11.0	1,1,1,4,1,1,2,1,2,1	0,3,2,2,6,2,2,3,2,4	1.0	21.542552947998047	0.995121131355809
9016.0	34494.0	1.0	2.0	4.0	1,2,1	0,3,4	1.0	21.542552947998047	0.995121131355809
9005.0	34495.0	3.0	2.0	5.0	1,1,1,2	0,3,1,2	1.0	21.542552947998047	0.985434688011706
9000.0	34496.0	5.0	2.0	3.0	1,2	0,4	1.0	21.542552947998047	0.9758425318671227
8995.0	34497.0	5.0	2.0	3.0	1,2	0,4	1.0	21.542552947998047	0.9758425318671227
8992.0	34498.0	5.0	2.0	3.0	1,2	0,4	1.0	21.542552947998047	0.9758425318671227
9008.0	34499.0	1.0	2.0	4.0	1,1,1	0,5,3	1.0	21.542552947998047	0.995121131355809
9010.0	34500.0	1.0	2.0	4.0	1,2,1	0,3,4	1.0	21.542552947998047	0.995121131355809
9006.0	34501.0	5.0	2.0	3.0	1,2	0,4	1.0	21.542552947998047	0.9758425318671227
9002.0	34502.0	5.0	2.0	3.0	1,2	0,4	1.0	21.542552947998047	0.9758425318671227
9027.0	34503.0	1.0	2.0	4.0	4,2,1	0,3,4	1.0	21.542552947998047	0.995121131355809
8990.0	34504.0	5.0	2.0	3.0	1,2	0,4	1.0	21.542552947998047	0.9758425318671227
474.0	34505.0	13.0	2.0	2.0	1	0	1.0	21.542552947998047	0.9383985570605985
122.0	34506.0	180.0	2.0	4.0	4,4,4	0,4,13	1.0	21.542552947998047	0.4146395659589565
8379.0	34507.0	23.0	2.0	8.0	4,2,4,4,1,4,4	0,5,7,19,97,2,7	1.0	21.54254913330078	0.8936075064797007
8495.0	34508.0	9.0	2.0	13.0	1,1,2,1,4,4,4,1,4,1,1,4	0,5,2,4,2,6,28,83,3,8,2,2	1.0	21.542552947998047	0.9569374189686957
8906.0	34509.0	4.0	3.0	4.0	4,4,1	0,6,21	1.0	21.542552947998047	0.9806268816114676
8362.0	34510.0	24.0	4.0	7.0	1,4,4,1,4,4	0,5,21,103,2,6	1.0	21.54254913330078	0.889247712065989
8534.0	34511.0	24.0	4.0	8.0	4,4,4,1,4,4,4	0,5,16,82,18,2,6	1.0	21.54254913330078	0.889247712065989
8318.0	34512.0	23.0	2.0	10.0	4,4,4,1,3,4,1,4,4	0,4,11,50,2,7,59,2,6	1.0	21.542552947998047	0.8936075242796331
8677.0	34513.0	18.0	1.0	13.0	4,1,1,4,1,1,4,4,4,1,4,4	0,3,3,2,6,3,2,5,26,74,2,5	0.0	21.542552947998047	0.9157292238224689
8430.0	34514.0	24.0	2.0	7.0	4,4,4,1,4,4	0,5,18,103,2,6	1.0	21.542552947998047	0.8892477305492121
8538.0	34515.0	8.0	3.0	8.0	1,4,1,4,4,1,4	0,3,9,5,28,97,2	1.0	21.54254913330078	0.961629074276469
8320.0	34516.0	7.0	3.0	13.0	4,4,4,1,4,4,1,4,1,4,1,3	0,4,14,51,2,8,54,2,8,3,9,2	1.0	21.542552947998047	0.9663437451366886
8592.0	34517.0	23.0	2.0	10.0	1,1,4,4,1,4,1,4,4	0,4,2,5,33,8,67,2,7	1.0	21.54254913330078	0.8936075064797007
8606.0	34518.0	24.0	3.0	7.0	4,4,4,1,4,4	0,5,16,97,2,6	1.0	21.542552947998047	0.8892477305492121
8518.0	34519.0	7.0	3.0	13.0	4,4,4,1,1,1,4,1,4,4,1,3	0,4,15,49,2,4,2,45,2,6,15,2	1.0	21.542552947998047	0.9663437451366886
8809.0	34520.0	99.0	2.0	4.0	4,4,4	0,4,29	1.0	21.542552947998047	0.6161960466456116
8689.0	34521.0	4.0	4.0	12.0	4,4,1,4,4,1,1,1,4,4,1	0,5,15,1,18,76,2,4,2,5,14	1.0	21.542552947998047	0.9806268816114676
8420.0	34522.0	4.0	3.0	14.0	4,1,4,1,4,4,1,4,4,1,4,4,1	0,5,2,6,2,8,36,2,7,58,2,6,20	1.0	21.542552947998047	0.9806268816114676
8375.0	34523.0	23.0	2.0	11.0	1,4,4,1,1,4,4,1,4,4	0,3,10,48,2,2,6,57,2,7	1.0	21.54254913330078	0.8936075064797007
8451.0	34524.0	8.0	2.0	8.0	4,4,2,2,4,1,4	0,4,18,36,22,67,2	1.0	21.54254913330078	0.961629074276469
8733.0	34525.0	8.0	4.0	6.0	4,4,4,1,4	0,6,28,97,2	1.0	21.54254913330078	0.961629074276469
8593.0	34526.0	7.0	3.0	10.0	4,1,4,4,2,4,1,4,2	0,3,2,6,33,23,70,2,5	1.0	21.542552947998047	0.9663437451366886
8832.0	34527.0	8.0	4.0	6.0	4,4,4,1,4	0,5,26,89,2	1.0	21.54254913330078	0.961629074276469
8844.0	34528.0	24.0	3.0	9.0	4,4,1,4,4,1,4,4	0,5,26,2,7,58,2,6	1.0	21.542552947998047	0.8892477305492121
8840.0	34529.0	7.0	3.0	6.0	4,4,4,1,4	0,5,26,90,2	1.0	21.54254913330078	0.9663437392783647
8435.0	34530.0	24.0	3.0	8.0	4,4,4,1,4,4,4	0,5,17,85,18,2,6	1.0	21.54254913330078	0.889247712065989
8419.0	34531.0	24.0	3.0	7.0	4,4,4,1,4,4	0,5,18,103,2,6	1.0	21.542552947998047	0.8892477305492121
8602.0	34532.0	107.0	2.0	6.0	1,1,4,4,4	0,3,2,6,32	1.0	21.542552947998047	0.5925520380140838
8605.0	34533.0	23.0	2.0	11.0	1,1,4,4,1,4,4,1,4,4	0,4,3,8,36,2,7,58,2,7	1.0	21.54254913330078	0.8936075064797007
8814.0	34534.0	8.0	1.0	15.0	1,1,4,1,1,4,4,1,1,4,4,1,2,4	0,3,3,27,2,2,5,40,18,2,5,12,2,3	0.0	21.542552947998047	0.9616290809390312
8836.0	34535.0	7.0	3.0	17.0	1,1,1,1,1,1,4,4,1,1,1,4,4,1,4,3	0,4,1,18,8,2,2,5,13,27,18,2,5,13,1,4	1.0	21.542552947998047	0.9663437451366886
8825.0	34538.0	4.0	3.0	5.0	1,4,4,1	0,5,27,94	1.0	21.542552947998047	0.9806268816114676
9030.0	34539.0	5.0	3.0	4.0	4,2,1	0,3,4	1.0	21.542552947998047	0.9758425318671227
8698.0	34540.0	5.0	3.0	9.0	4,1,4,4,4,1,4,1	0,5,2,5,27,93,2,7	1.0	21.542552947998047	0.9758425318671227
8247.0	34541.0	8.0	3.0	16.0	4,1,4,1,4,1,4,1,4,1,4,2,1,1,4	0,5,2,6,5,28,9,66,2,5,2,5,6,2,2	1.0	21.542552947998047	0.9616290809390312
8566.0	34542.0	98.0	1.0	7.0	4,4,1,4,4,4	0,4,13,2,7,27	0.0	21.542552947998047	0.6192171256639595
8264.0	34543.0	23.0	2.0	10.0	1,1,4,4,1,4,1,4,4	0,5,2,5,15,18,76,2,6	1.0	21.54254913330078	0.8936075064797007
8773.0	34544.0	5.0	3.0	10.0	1,1,4,1,4,1,4,4,1	0,3,2,23,9,66,2,6,19	1.0	21.54254913330078	0.9758425276414734
8009.0	34545.0	5.0	3.0	15.0	4,4,1,4,1,4,1,4,1,4,1,4,1,1	0,4,17,3,25,9,67,2,6,2,5,2,6,3	1.0	21.542552947998047	0.9758425318671227
8709.0	34546.0	16.0	3.0	12.0	1,4,1,1,4,1,4,1,1,4,4	0,5,15,18,9,66,2,5,2,2,5	1.0	21.542552947998047	0.9247304893076459
8771.0	34547.0	5.0	3.0	10.0	1,1,1,4,4,1,4,1,1	0,5,2,3,26,78,3,10,3	1.0	21.54254913330078	0.9758425276414734
7886.0	34548.0	4.0	3.0	15.0	4,4,4,1,1,1,4,4,1,1,1,4,4,1	0,4,11,49,2,2,2,6,56,2,3,2,6,14	1.0	21.542552947998047	0.9806268816114676
7919.0	34549.0	4.0	3.0	9.0	4,4,4,4,1,4,4,1	0,3,8,25,94,2,6,19	1.0	21.542552947998047	0.9806268816114676
8829.0	34550.0	98.0	2.0	4.0	4,4,4	0,5,27	1.0	21.542552947998047	0.6192171256639595
8856.0	34551.0	20.0	2.0	7.0	4,4,4,1,4,4	0,4,15,51,2,6	1.0	21.542552947998047	0.9068155760608033
8805.0	34552.0	8.0	3.0	13.0	1,1,4,1,1,4,4,1,4,4,1,4	0,3,4,26,2,2,6,57,2,5,15,2	1.0	21.542552947998047	0.9616290809390312
7873.0	34553.0	99.0	1.0	10.0	4,1,1,1,1,4,2,4,4	0,3,7,2,2,2,5,8,36	0.0	21.542552947998047	0.6161960466456116
8818.0	34554.0	99.0	2.0	4.0	1,4,4	0,4,29	1.0	21.542552947998047	0.6161960466456116
7841.0	34555.0	24.0	1.0	9.0	3,3,4,4,4,1,4,4	0,18,2,6,18,108,2,6	0.0	21.54254913330078	0.889247712065989
8967.0	34556.0	8.0	2.0	3.0	4,2	0,5	1.0	21.542552947998047	0.9616290809390312
8966.0	34557.0	8.0	2.0	3.0	4,2	0,5	1.0	21.542552947998047	0.9616290809390312
9019.0	34558.0	8.0	1.0	4.0	1,1,4	0,3,2	0.0	21.542552947998047	0.9616290809390312
8201.0	34559.0	23.0	2.0	9.0	1,1,4,4,4,1,4,4	0,5,2,5,18,94,2,6	1.0	21.542552947998047	0.8936075242796331
8789.0	34560.0	99.0	2.0	4.0	4,4,4	0,5,30	1.0	21.542552947998047	0.6161960466456116
8802.0	34561.0	99.0	2.0	4.0	4,4,4	0,4,29	1.0	21.542552947998047	0.6161960466456116
8826.0	34562.0	7.0	2.0	10.0	1,1,1,4,1,4,4,1,4	0,5,18,9,66,2,6,15,2	1.0	21.54254913330078	0.9663437392783647
7869.0	34563.0	24.0	2.0	7.0	4,4,4,1,4,4	0,5,18,109,2,6	1.0	21.542552947998047	0.8892477305492121
8638.0	34564.0	10.0	1.0	11.0	1,4,1,4,4,1,4,1,3,3	0,3,11,3,25,84,2,7,1,3	0.0	21.54254913330078	0.9522686387536997
8730.0	34565.0	11.0	4.0	11.0	4,4,1,4,4,1,4,1,4,2	0,3,8,2,23,79,2,6,2,7	1.0	21.542552947998047	0.9476226533581378
8699.0	34566.0	21.0	2.0	8.0	4,4,4,1,1,4,4	0,5,16,93,2,2,7	1.0	21.54254913330078	0.9023913255688321
8870.0	34567.0	24.0	2.0	6.0	4,4,1,4,4	0,5,61,2,6	1.0	21.54254913330078	0.889247712065989
8853.0	34568.0	23.0	2.0	7.0	4,4,4,1,4,4	0,3,10,54,2,6	1.0	21.542552947998047	0.8936075242796331
8848.0	34569.0	16.0	1.0	9.0	4,4,1,1,4,1,4,4	0,5,61,2,2,5,2,5	0.0	21.542552947998047	0.9247304893076459
8628.0	34570.0	23.0	2.0	11.0	1,1,4,4,1,4,4,1,4,4	0,4,2,8,36,2,7,58,2,7	1.0	21.54254913330078	0.8936075064797007
7990.0	34571.0	24.0	2.0	7.0	1,4,4,1,4,4	0,4,18,103,2,6	1.0	21.54254913330078	0.889247712065989
8978.0	34572.0	10.0	1.0	3.0	1,4	0,3	0.0	21.542552947998047	0.9522686470008362
8821.0	34573.0	5.0	2.0	16.0	1,1,1,1,1,4,1,4,4,1,4,4,1,2,3	0,3,4,18,9,2,6,2,6,51,2,5,13,2,4	1.0	21.542552947998047	0.9758425318671227
8639.0	34574.0	18.0	2.0	9.0	1,4,1,4,4,1,4,4	0,4,13,2,23,81,2,6	1.0	21.542552947998047	0.9157292238224689
7996.0	34575.0	98.0	2.0	7.0	1,4,1,4,4,4	0,5,18,2,7,27	1.0	21.54254913330078	0.6192170731091191
8003.0	34576.0	7.0	3.0	16.0	4,1,4,4,1,1,4,2,2,2,1,2,1,4,3	0,5,2,7,36,9,2,6,8,50,12,2,4,2,5	1.0	21.542552947998047	0.9663437451366886
7937.0	34577.0	98.0	2.0	7.0	4,4,1,4,4,4	0,5,20,3,7,27	1.0	21.54254913330078	0.6192170731091191
8973.0	34585.0	5.0	4.0	5.0	1,1,1,1	0,3,2,3	1.0	21.542552947998047	0.9758425318671227
8946.0	34586.0	7.0	3.0	6.0	4,1,4,1,3	0,4,3,9,2	1.0	21.542552947998047	0.9663437451366886
8934.0	34587.0	4.0	3.0	11.0	1,1,1,2,1,1,1,4,1,1	0,5,3,2,3,1,2,1,4,1	1.0	21.542552947998047	0.9806268816114676
8945.0	34588.0	8.0	3.0	5.0	4,4,1,4	0,4,11,2	1.0	21.542552947998047	0.9616290809390312
8958.0	34589.0	11.0	2.0	6.0	4,3,1,2,4	0,4,5,2,3	1.0	21.542552947998047	0.9476226533581378
8936.0	34590.0	4.0	1.0	4.0	4,4,1	0,5,17	0.0	21.542552947998047	0.9806268816114676
8968.0	34591.0	7.0	2.0	4.0	1,1,3	0,4,2	1.0	21.542552947998047	0.9663437451366886
8947.0	34592.0	5.0	2.0	5.0	4,4,1,2	0,4,14,2	1.0	21.542552947998047	0.9758425318671227
8953.0	34593.0	5.0	1.0	5.0	4,4,1,2	0,4,13,3	0.0	21.542552947998047	0.9758425318671227
8915.0	34594.0	9.0	2.0	5.0	4,4,1,4	0,4,13,2	1.0	21.542552947998047	0.9569374189686957
8964.0	34595.0	8.0	2.0	3.0	4,2	0,5	1.0	21.542552947998047	0.9616290809390312
8969.0	34596.0	8.0	4.0	3.0	1,2	0,5	1.0	21.542552947998047	0.9616290809390312
8970.0	34597.0	8.0	2.0	3.0	1,2	0,5	1.0	21.542552947998047	0.9616290809390312
8930.0	34598.0	4.0	3.0	5.0	1,4,1,2	0,5,16,1	1.0	21.542552947998047	0.9806268816114676
8952.0	34599.0	4.0	3.0	5.0	4,4,1,3	0,5,15,1	1.0	21.542552947998047	0.9806268816114676
8925.0	34600.0	5.0	4.0	9.0	1,1,1,1,4,1,1,3	0,3,2,2,3,8,2,3	1.0	21.542552947998047	0.9758425318671227
8972.0	34601.0	8.0	3.0	3.0	1,2	0,5	1.0	21.542552947998047	0.9616290809390312
8944.0	34602.0	5.0	3.0	5.0	4,4,1,3	0,4,14,2	1.0	21.542552947998047	0.9758425318671227
9026.0	34605.0	8.0	3.0	3.0	4,2	0,4	1.0	21.542552947998047	0.9616290809390312
9007.0	34606.0	7.0	1.0	4.0	1,1,4	0,5,1	0.0	21.542552947998047	0.9663437451366886
8989.0	34607.0	7.0	2.0	4.0	1,1,3	0,4,2	1.0	21.542552947998047	0.9663437451366886
9015.0	34608.0	8.0	4.0	3.0	1,2	0,4	1.0	21.542552947998047	0.9616290809390312
8991.0	34609.0	8.0	4.0	4.0	1,1,4	0,3,2	1.0	21.542552947998047	0.9616290809390312
8997.0	34610.0	8.0	1.0	3.0	1,2	0,5	0.0	21.542552947998047	0.9616290809390312
9027.0	34611.0	4.0	4.0	5.0	4,2,1,2	0,3,4,1	1.0	21.542552947998047	0.9806268816114676
9010.0	34612.0	4.0	3.0	5.0	1,2,1,2	0,3,4,1	1.0	21.542552947998047	0.9806268816114676
8996.0	34613.0	7.0	3.0	4.0	1,1,4	0,4,2	1.0	21.542552947998047	0.9663437451366886
9016.0	34614.0	4.0	3.0	5.0	1,2,1,2	0,3,4,1	1.0	21.542552947998047	0.9806268816114676
9017.0	34615.0	5.0	1.0	4.0	1,1,2	0,4,3	0.0	21.542552947998047	0.9758425318671227
9008.0	34616.0	4.0	3.0	5.0	1,1,1,2	0,5,3,1	1.0	21.542552947998047	0.9806268816114676
9014.0	34617.0	5.0	4.0	4.0	4,1,3	0,5,2	1.0	21.542552947998047	0.9758425318671227
8998.0	34618.0	8.0	3.0	4.0	1,1,4	0,3,2	1.0	21.542552947998047	0.9616290809390312
9004.0	34619.0	8.0	2.0	3.0	1,2	0,5	1.0	21.542552947998047	0.9616290809390312
8999.0	34620.0	7.0	2.0	4.0	1,1,4	0,4,2	1.0	21.542552947998047	0.9663437451366886
8993.0	34621.0	5.0	4.0	4.0	1,1,3	0,5,3	1.0	21.542552947998047	0.9758425318671227
9011.0	34622.0	7.0	4.0	3.0	4,2	0,5	1.0	21.542552947998047	0.9663437451366886
9009.0	34623.0	5.0	4.0	4.0	4,2,2	0,3,4	1.0	21.542552947998047	0.9758425318671227
9022.0	34624.0	5.0	2.0	4.0	4,2,2	0,3,4	1.0	21.542552947998047	0.9758425318671227
9001.0	34625.0	5.0	4.0	4.0	1,2,2	0,3,5	1.0	21.542552947998047	0.9758425318671227
9025.0	34626.0	7.0	3.0	3.0	4,2	0,5	1.0	21.542552947998047	0.9663437451366886
9028.0	34627.0	5.0	4.0	4.0	4,2,2	0,3,4	1.0	21.542552947998047	0.9758425318671227
9024.0	34628.0	5.0	4.0	4.0	4,2,2	0,3,4	1.0	21.542552947998047	0.9758425318671227
8988.0	34629.0	5.0	4.0	4.0	1,2,2	0,3,5	1.0	21.542552947998047	0.9758425318671227
9013.0	34630.0	5.0	4.0	4.0	1,2,2	0,3,4	1.0	21.542552947998047	0.9758425318671227
9005.0	34631.0	4.0	3.0	6.0	1,1,1,2,2	0,3,1,2,3	1.0	21.542552947998047	0.9806268816114676
8874.0	34636.0	5.0	4.0	4.0	4,4,1	0,6,21	1.0	21.542552947998047	0.9758425318671227
8900.0	34637.0	17.0	4.0	4.0	1,4,2	0,3,11	1.0	21.542552947998047	0.9202188507190354
8907.0	34638.0	4.0	4.0	7.0	4,4,1,4,1,1	0,4,12,2,6,1	1.0	21.542552947998047	0.9806268816114676
8960.0	34639.0	10.0	4.0	6.0	4,1,1,4,2	0,5,2,2,6	1.0	21.542552947998047	0.9522686470008362
8975.0	34640.0	10.0	2.0	3.0	1,4	0,3	1.0	21.542552947998047	0.9522686470008362
8872.0	34641.0	4.0	2.0	10.0	4,1,1,4,1,1,2,4,1	0,3,3,2,6,2,2,3,7	1.0	21.542552947998047	0.9806268816114676
8886.0	34642.0	8.0	1.0	8.0	4,1,1,1,4,1,4	0,6,2,3,3,8,2	0.0	21.542552947998047	0.9616290809390312
8982.0	34643.0	10.0	1.0	3.0	1,4	0,3	0.0	21.542552947998047	0.9522686470008362
8893.0	34644.0	4.0	1.0	12.0	1,1,1,4,1,1,2,1,2,1,2	0,3,2,2,6,2,2,3,2,4,1	0.0	21.542552947998047	0.9806268816114676
8902.0	34645.0	17.0	2.0	4.0	4,4,2	0,3,11	1.0	21.542552947998047	0.9202188507190354
8897.0	34646.0	4.0	1.0	11.0	1,1,4,1,1,4,1,1,1,2	0,3,2,5,3,2,6,2,3,1	0.0	21.542552947998047	0.9806268816114676
8898.0	34647.0	4.0	2.0	9.0	4,1,4,2,1,3,1,2	0,3,2,6,8,2,5,1	1.0	21.542552947998047	0.9806268816114676
8883.0	34648.0	7.0	4.0	8.0	4,2,1,4,1,4,2	0,4,5,2,7,2,5	1.0	21.542552947998047	0.9663437451366886
8974.0	34649.0	10.0	3.0	3.0	1,4	0,3	1.0	21.542552947998047	0.9522686470008362
8985.0	34650.0	8.0	1.0	3.0	1,2	0,5	0.0	21.542552947998047	0.9616290809390312
8881.0	34651.0	5.0	3.0	10.0	4,2,1,1,1,4,1,2,2	0,4,5,2,3,2,5,2,4	1.0	21.542552947998047	0.9758425318671227
8965.0	34652.0	8.0	2.0	3.0	4,2	0,5	1.0	21.542552947998047	0.9616290809390312
8873.0	34653.0	14.0	4.0	4.0	4,4,2	0,4,14	1.0	21.542552947998047	0.9338202337648015
8981.0	34654.0	5.0	1.0	5.0	1,1,1,3	0,4,2,2	0.0	21.542552947998047	0.9758425318671227
8977.0	34655.0	5.0	3.0	4.0	1,2,2	0,3,5	1.0	21.542552947998047	0.9758425318671227
8205.0	34664.0	29.0	2.0	7.0	4,4,4,1,4,4	0,5,16,102,2,7	1.0	21.542552947998047	0.867765756836236
7932.0	34665.0	29.0	2.0	7.0	4,4,4,1,4,4	0,5,20,103,2,7	1.0	21.542552947998047	0.867765756836236
9003.0	34666.0	16.0	1.0	3.0	1,4	0,3	0.0	21.542552947998047	0.9247304893076459
8987.0	34667.0	15.0	2.0	3.0	1,3	0,4	1.0	21.542552947998047	0.9292642475069753
7963.0	34668.0	11.0	2.0	11.0	1,1,4,4,4,1,4,4,1,4	0,5,2,6,21,94,2,5,17,2	1.0	21.54254913330078	0.9476226443305479
8658.0	34669.0	10.0	3.0	9.0	1,4,1,4,4,1,4,2	0,5,14,4,26,90,1,4	1.0	21.54254913330078	0.9522686387536997
8849.0	34670.0	27.0	1.0	8.0	1,4,1,1,1,4,4	0,4,15,47,2,2,7	0.0	21.542552947998047	0.8762955599188804
7838.0	34671.0	11.0	2.0	7.0	3,3,4,2,1,4	0,18,19,65,75,2	1.0	21.542552947998047	0.9476226533581378
8566.0	34672.0	6.0	3.0	8.0	4,4,1,4,4,4,1	0,4,13,2,7,27,98	1.0	21.54254913330078	0.9710815192906888
8848.0	34673.0	6.0	3.0	10.0	4,4,1,1,4,1,4,4,1	0,5,61,2,2,5,2,5,16	1.0	21.542552947998047	0.9710815243367282
7993.0	34674.0	104.0	2.0	7.0	4,4,1,4,4,4	0,5,18,2,7,27	1.0	21.542552947998047	0.6013103102851651
7873.0	34675.0	6.0	4.0	11.0	4,1,1,1,1,4,2,4,4,1	0,3,7,2,2,2,5,8,36,99	1.0	21.542552947998047	0.9710815243367282
8868.0	34676.0	10.0	3.0	13.0	1,1,1,1,4,1,1,4,4,1,4,2	0,5,3,2,3,53,2,2,5,12,2,5	1.0	21.542552947998047	0.9522686470008362
8638.0	34677.0	6.0	3.0	12.0	1,4,1,4,4,1,4,1,3,3,1	0,3,11,3,25,84,2,7,1,3,10	1.0	21.542552947998047	0.9710815243367282
7841.0	34678.0	6.0	3.0	10.0	3,3,4,4,4,1,4,4,1	0,18,2,6,18,108,2,6,24	1.0	21.542552947998047	0.9710815243367282
7968.0	34679.0	29.0	3.0	7.0	4,4,4,1,4,4	0,5,18,103,2,7	1.0	21.542552947998047	0.867765756836236
9019.0	34680.0	6.0	3.0	5.0	1,1,4,1	0,3,2,8	1.0	21.542552947998047	0.9710815243367282
8978.0	34681.0	6.0	4.0	4.0	1,4,1	0,3,10	1.0	21.542552947998047	0.9710815243367282
7886.0	34682.0	6.0	2.0	16.0	4,4,4,1,1,1,4,4,1,1,1,4,4,1,3	0,4,11,49,2,2,2,6,56,2,3,2,6,14,4	1.0	21.542552947998047	0.9710815243367282
8643.0	34683.0	29.0	2.0	7.0	4,4,4,1,4,4	0,5,15,96,2,7	1.0	21.542552947998047	0.867765756836236
7846.0	34684.0	11.0	2.0	8.0	4,4,4,4,1,4,2	0,3,9,29,111,2,7	1.0	21.54254913330078	0.9476226443305479
8583.0	34685.0	27.0	2.0	10.0	1,4,1,1,4,4,1,4,4	0,3,12,3,2,23,76,2,8	1.0	21.542552947998047	0.8762955599188804
8871.0	34686.0	27.0	2.0	7.0	4,4,4,1,4,4	0,4,12,51,2,8	1.0	21.542552947998047	0.8762955599188804
8788.0	34687.0	23.0	2.0	9.0	4,4,1,4,1,4,2,4	0,3,24,9,66,2,6,7	1.0	21.542552947998047	0.8936075242796331
8798.0	34688.0	105.0	2.0	4.0	4,4,4	0,5,30	1.0	21.542552947998047	0.5983765962668861
8801.0	34689.0	105.0	2.0	4.0	4,4,4	0,4,29	1.0	21.542552947998047	0.5983765962668861
8792.0	34690.0	29.0	2.0	9.0	4,4,1,4,4,1,4,4	0,4,31,2,7,58,2,7	1.0	21.542552947998047	0.867765756836236
7868.0	34691.0	27.0	1.0	12.0	4,4,1,4,4,1,4,4,1,4,4	0,5,18,2,7,34,2,6,59,2,8	0.0	21.542552947998047	0.8762955599188804
8869.0	34692.0	27.0	2.0	7.0	4,4,4,1,4,4	0,3,10,54,2,8	1.0	21.542552947998047	0.8762955599188804
8009.0	34693.0	6.0	3.0	16.0	4,4,1,4,1,4,1,4,1,4,1,4,1,1,3	0,4,17,3,25,9,67,2,6,2,5,2,6,3,5	1.0	21.542552947998047	0.9710815243367282
8815.0	34694.0	20.0	2.0	11.0	1,4,1,4,1,1,4,1,4,4	0,3,22,9,66,2,2,5,2,7	1.0	21.54254913330078	0.9068155603538242
8746.0	34695.0	29.0	2.0	11.0	1,4,1,4,1,4,1,4,2,4	0,6,36,2,7,2,6,3,47,9	1.0	21.54254913330078	0.8677657350418717
8574.0	34696.0	29.0	2.0	7.0	1,4,4,1,4,4	0,5,17,97,2,7	1.0	21.54254913330078	0.8677657350418717
7861.0	34697.0	27.0	2.0	11.0	4,4,4,2,1,4,4,1,4,4	0,3,7,24,33,2,7,59,2,8	1.0	21.542552947998047	0.8762955599188804
8587.0	34698.0	27.0	2.0	10.0	1,4,4,1,4,4,1,4,4	0,3,12,45,2,6,51,2,8	1.0	21.542552947998047	0.8762955599188804
9030.0	34699.0	6.0	1.0	5.0	4,2,1,3	0,3,4,5	0.0	21.542552947998047	0.9710815243367282
8219.0	34700.0	27.0	2.0	10.0	4,4,4,1,4,4,1,4,4	0,3,9,44,2,7,59,2,8	1.0	21.542552947998047	0.8762955599188804
8771.0	34701.0	6.0	2.0	11.0	1,1,1,4,4,1,4,1,1,3	0,5,2,3,26,78,3,10,3,5	1.0	21.54254913330078	0.9710815192906888
8722.0	34702.0	17.0	2.0	11.0	1,1,1,4,1,4,1,4,4,2	0,4,4,3,25,9,66,2,5,14	1.0	21.54254913330078	0.9202188371707684
8773.0	34703.0	6.0	3.0	11.0	1,1,4,1,4,1,4,4,1,3	0,3,2,23,9,66,2,6,19,5	1.0	21.54254913330078	0.9710815192906888
8727.0	34704.0	18.0	1.0	9.0	4,2,1,4,4,1,4,4	0,8,6,4,26,78,3,6	0.0	21.54254913330078	0.9157292095472335
8698.0	34705.0	6.0	4.0	10.0	4,1,4,4,4,1,4,1,3	0,5,2,5,27,93,2,7,5	1.0	21.542552947998047	0.9710815243367282
8821.0	34706.0	6.0	4.0	17.0	1,1,1,1,1,4,1,4,4,1,4,4,1,2,3,2	0,3,4,18,9,2,6,2,6,51,2,5,13,2,4,5	1.0	21.542552947998047	0.9710815243367282
8825.0	34707.0	6.0	4.0	6.0	1,4,4,1,3	0,5,27,94,4	1.0	21.54254913330078	0.9710815192906888
8748.0	34708.0	27.0	4.0	9.0	4,4,1,4,4,1,4,4	0,6,36,2,7,59,2,8	1.0	21.54254913330078	0.87629553942812
8816.0	34709.0	20.0	3.0	12.0	4,4,1,1,4,4,1,4,1,4,4	0,7,27,2,2,6,56,2,6,3,7	1.0	21.542552947998047	0.9068155760608033
8959.0	34715.0	19.0	2.0	5.0	4,1,4,4	0,5,2,5	1.0	21.542552947998047	0.9112615012257922
8937.0	34716.0	10.0	2.0	7.0	4,1,4,1,4,2	0,5,3,9,1,4	1.0	21.542552947998047	0.9522686470008362
8953.0	34717.0	6.0	2.0	6.0	4,4,1,2,1	0,4,13,3,5	1.0	21.542552947998047	0.9710815243367282
8971.0	34718.0	10.0	1.0	4.0	1,2,2	0,4,5	0.0	21.542552947998047	0.9522686470008362
8936.0	34719.0	6.0	1.0	5.0	4,4,1,1	0,5,17,4	0.0	21.542552947998047	0.9710815243367282
8934.0	34720.0	6.0	2.0	12.0	1,1,1,2,1,1,1,4,1,1,3	0,5,3,2,3,1,2,1,4,1,4	1.0	21.542552947998047	0.9710815243367282
8950.0	34721.0	15.0	2.0	5.0	4,1,4,2	0,4,3,9	1.0	21.542552947998047	0.9292642475069753
8957.0	34722.0	10.0	2.0	7.0	4,1,4,1,4,2	0,5,2,6,2,6	1.0	21.542552947998047	0.9522686470008362
8947.0	34723.0	6.0	2.0	6.0	4,4,1,2,2	0,4,14,2,5	1.0	21.542552947998047	0.9710815243367282
8926.0	34724.0	11.0	1.0	9.0	4,1,1,4,1,2,4,2	0,4,3,1,4,2,3,6	0.0	21.542552947998047	0.9476226533581378
8986.0	34725.0	10.0	2.0	4.0	1,2,3	0,4,5	1.0	21.542552947998047	0.9522686470008362
8968.0	34726.0	6.0	2.0	5.0	1,1,3,2	0,4,2,7	1.0	21.542552947998047	0.9710815243367282
8921.0	34727.0	24.0	2.0	4.0	4,4,4	0,3,7	1.0	21.542552947998047	0.8892477305492121
8955.0	34728.0	14.0	1.0	5.0	4,1,4,2	0,4,3,10	0.0	21.542552947998047	0.9338202337648015
8914.0	34729.0	23.0	2.0	4.0	4,4,4	0,3,8	1.0	21.542552947998047	0.8936075242796331
8948.0	34730.0	18.0	2.0	5.0	4,1,4,4	0,5,2,6	1.0	21.542552947998047	0.9157292238224689
8880.0	34736.0	11.0	3.0	9.0	4,4,1,2,1,1,4,2	0,3,8,3,4,2,2,5	1.0	21.542552947998047	0.9476226533581378
8885.0	34737.0	26.0	1.0	5.0	1,1,4,4	0,4,2,6	0.0	21.542552947998047	0.8805918518934133
8980.0	34738.0	16.0	1.0	3.0	1,4	0,3	0.0	21.542552947998047	0.9247304893076459
8985.0	34739.0	6.0	3.0	4.0	1,2,1	0,5,8	1.0	21.542552947998047	0.9710815243367282
8981.0	34740.0	6.0	3.0	6.0	1,1,1,3,1	0,4,2,2,5	1.0	21.542552947998047	0.9710815243367282
8984.0	34741.0	10.0	3.0	4.0	1,2,2	0,4,5	1.0	21.542552947998047	0.9522686470008362
8872.0	34742.0	6.0	1.0	11.0	4,1,1,4,1,1,2,4,1,2	0,3,3,2,6,2,2,3,7,4	0.0	21.542552947998047	0.9710815243367282
8893.0	34743.0	6.0	2.0	13.0	1,1,1,4,1,1,2,1,2,1,2,1	0,3,2,2,6,2,2,3,2,4,1,4	1.0	21.542552947998047	0.9710815243367282
8886.0	34744.0	6.0	3.0	9.0	4,1,1,1,4,1,4,1	0,6,2,3,3,8,2,8	1.0	21.542552947998047	0.9710815243367282
8897.0	34745.0	6.0	3.0	12.0	1,1,4,1,1,4,1,1,1,2,1	0,3,2,5,3,2,6,2,3,1,4	1.0	21.542552947998047	0.9710815243367282
8901.0	34746.0	10.0	3.0	6.0	4,4,1,4,2	0,5,15,2,5	1.0	21.542552947998047	0.9522686470008362
8982.0	34747.0	6.0	3.0	4.0	1,4,1	0,3,10	1.0	21.542552947998047	0.9710815243367282
8976.0	34748.0	10.0	3.0	4.0	1,2,2	0,4,5	1.0	21.542552947998047	0.9522686470008362
8979.0	34749.0	10.0	3.0	4.0	1,2,2	0,4,5	1.0	21.542552947998047	0.9522686470008362
8898.0	34750.0	6.0	3.0	10.0	4,1,4,2,1,3,1,2,2	0,3,2,6,8,2,5,1,4	1.0	21.542552947998047	0.9710815243367282
8875.0	34751.0	11.0	2.0	6.0	4,4,1,4,2	0,4,15,2,6	1.0	21.542552947998047	0.9476226533581378
8889.0	34752.0	17.0	2.0	6.0	4,4,1,4,4	0,3,11,2,5	1.0	21.542552947998047	0.9202188507190354
8892.0	34753.0	17.0	1.0	4.0	4,4,2	0,5,15	0.0	21.542552947998047	0.9202188507190354
8881.0	34754.0	6.0	3.0	11.0	4,2,1,1,1,4,1,2,2,3	0,4,5,2,3,2,5,2,4,5	1.0	21.542552947998047	0.9710815243367282
9007.0	34760.0	20.0	3.0	5.0	1,1,4,1	0,5,1,7	1.0	21.542552947998047	0.9068155760608033
8997.0	34761.0	20.0	3.0	4.0	1,2,1	0,5,8	1.0	21.542552947998047	0.9068155760608033
8992.0	34762.0	24.0	3.0	4.0	1,2,2	0,4,5	1.0	21.542552947998047	0.8892477305492121
8995.0	34763.0	24.0	3.0	4.0	1,2,2	0,4,5	1.0	21.542552947998047	0.8892477305492121
8990.0	34764.0	24.0	3.0	4.0	1,2,2	0,4,5	1.0	21.542552947998047	0.8892477305492121
9002.0	34765.0	24.0	3.0	4.0	1,2,2	0,4,5	1.0	21.542552947998047	0.8892477305492121
9017.0	34766.0	20.0	2.0	5.0	1,1,2,1	0,4,3,5	1.0	21.542552947998047	0.9068155760608033
9006.0	34767.0	24.0	3.0	4.0	1,2,2	0,4,5	1.0	21.542552947998047	0.8892477305492121
9029.0	34768.0	27.0	1.0	3.0	4,3	0,5	0.0	21.542552947998047	0.8762955599188804
9000.0	34769.0	24.0	3.0	4.0	1,2,2	0,4,5	1.0	21.542552947998047	0.8892477305492121
9008.0	34770.0	20.0	2.0	6.0	1,1,1,2,3	0,5,3,1,4	1.0	21.542552947998047	0.9068155760608033
9023.0	34771.0	28.0	3.0	3.0	4,4	0,4	1.0	21.542552947998047	0.8720202289885485
8989.0	34772.0	20.0	2.0	5.0	1,1,3,2	0,4,2,7	1.0	21.542552947998047	0.9068155760608033
9016.0	34773.0	20.0	3.0	6.0	1,2,1,2,3	0,3,4,1,4	1.0	21.542552947998047	0.9068155760608033
9021.0	34774.0	28.0	2.0	3.0	4,4	0,4	1.0	21.542552947998047	0.8720202289885485
9005.0	34775.0	20.0	3.0	7.0	1,1,1,2,2,3	0,3,1,2,3,4	1.0	21.542552947998047	0.9068155760608033
9010.0	34776.0	20.0	3.0	6.0	1,2,1,2,3	0,3,4,1,4	1.0	21.542552947998047	0.9068155760608033
9012.0	34777.0	27.0	3.0	3.0	4,4	0,5	1.0	21.542552947998047	0.8762955599188804
8999.0	34778.0	20.0	3.0	5.0	1,1,4,2	0,4,2,7	1.0	21.542552947998047	0.9068155760608033
9022.0	34779.0	20.0	3.0	5.0	4,2,2,2	0,3,4,5	1.0	21.542552947998047	0.9068155760608033
9018.0	34780.0	27.0	3.0	3.0	4,4	0,5	1.0	21.542552947998047	0.8762955599188804
9004.0	34781.0	20.0	3.0	4.0	1,2,2	0,5,8	1.0	21.542552947998047	0.9068155760608033
8994.0	34782.0	28.0	2.0	3.0	1,4	0,5	1.0	21.542552947998047	0.8720202289885485
9027.0	34783.0	20.0	3.0	6.0	4,2,1,2,4	0,3,4,1,4	1.0	21.542552947998047	0.9068155760608033
8996.0	34784.0	20.0	3.0	5.0	1,1,4,3	0,4,2,7	1.0	21.542552947998047	0.9068155760608033
9026.0	34785.0	20.0	3.0	4.0	4,2,3	0,4,8	1.0	21.542552947998047	0.9068155760608033
8993.0	34786.0	20.0	3.0	5.0	1,1,3,4	0,5,3,5	1.0	21.542552947998047	0.9068155760608033
9013.0	34787.0	20.0	3.0	5.0	1,2,2,4	0,3,4,5	1.0	21.542552947998047	0.9068155760608033
9014.0	34788.0	20.0	3.0	5.0	4,1,3,4	0,5,2,5	1.0	21.542552947998047	0.9068155760608033
9001.0	34789.0	20.0	3.0	5.0	1,2,2,4	0,3,5,5	1.0	21.542552947998047	0.9068155760608033
9028.0	34790.0	20.0	3.0	5.0	4,2,2,4	0,3,4,5	1.0	21.542552947998047	0.9068155760608033
9025.0	34791.0	20.0	2.0	4.0	4,2,3	0,5,7	1.0	21.542552947998047	0.9068155760608033
9024.0	34792.0	20.0	3.0	5.0	4,2,2,4	0,3,4,5	1.0	21.542552947998047	0.9068155760608033
8988.0	34793.0	20.0	3.0	5.0	1,2,2,4	0,3,5,5	1.0	21.542552947998047	0.9068155760608033
8998.0	34794.0	20.0	3.0	5.0	1,1,4,3	0,3,2,8	1.0	21.542552947998047	0.9068155760608033
9009.0	34795.0	20.0	3.0	5.0	4,2,2,4	0,3,4,5	1.0	21.542552947998047	0.9068155760608033
8877.0	34798.0	41.0	2.0	4.0	4,4,4	0,3,8	1.0	21.542552947998047	0.8183025246105065
8892.0	34799.0	14.0	2.0	5.0	4,4,2,1	0,5,15,17	1.0	21.542552947998047	0.9338202337648015
8872.0	34800.0	14.0	1.0	12.0	4,1,1,4,1,1,2,4,1,2,1	0,3,3,2,6,2,2,3,7,4,6	0.0	21.542552947998047	0.9338202337648015
8895.0	34801.0	31.0	1.0	4.0	1,4,2	0,5,15	0.0	21.542552947998047	0.8593189822932266
8983.0	34802.0	28.0	1.0	3.0	1,4	0,5	0.0	21.542552947998047	0.8720202289885485
8885.0	34803.0	14.0	1.0	6.0	1,1,4,4,1	0,4,2,6,26	0.0	21.542552947998047	0.9338202337648015
8882.0	34804.0	41.0	2.0	4.0	4,4,4	0,3,8	1.0	21.542552947998047	0.8183025246105065
8899.0	34805.0	30.0	2.0	4.0	4,4,2	0,5,16	1.0	21.542552947998047	0.8635320416947051
8980.0	34806.0	14.0	1.0	4.0	1,4,1	0,3,16	0.0	21.54254913330078	0.9338202224424921
8975.0	34807.0	20.0	2.0	4.0	1,4,2	0,3,10	1.0	21.542552947998047	0.9068155760608033
8893.0	34808.0	14.0	1.0	14.0	1,1,1,4,1,1,2,1,2,1,2,1,2	0,3,2,2,6,2,2,3,2,4,1,4,6	0.0	21.542552947998047	0.9338202337648015
8965.0	34809.0	20.0	1.0	4.0	4,2,2	0,5,8	0.0	21.542552947998047	0.9068155760608033
8879.0	34810.0	40.0	1.0	4.0	4,4,4	0,3,9	0.0	21.542552947998047	0.8223144889864865
8907.0	34811.0	20.0	3.0	8.0	4,4,1,4,1,1,4	0,4,12,2,6,1,4	1.0	21.542552947998047	0.9068155760608033
8977.0	34812.0	20.0	3.0	5.0	1,2,2,3	0,3,5,5	1.0	21.542552947998047	0.9068155760608033
8897.0	34813.0	14.0	3.0	13.0	1,1,4,1,1,4,1,1,1,2,1,3	0,3,2,5,3,2,6,2,3,1,4,6	1.0	21.542552947998047	0.9338202337648015
8985.0	34814.0	14.0	3.0	5.0	1,2,1,3	0,5,8,6	1.0	21.542552947998047	0.9338202337648015
8898.0	34815.0	14.0	3.0	11.0	4,1,4,2,1,3,1,2,2,3	0,3,2,6,8,2,5,1,4,6	1.0	21.542552947998047	0.9338202337648015
8886.0	34816.0	14.0	3.0	10.0	4,1,1,1,4,1,4,1,3	0,6,2,3,3,8,2,8,6	1.0	21.542552947998047	0.9338202337648015
8981.0	34817.0	14.0	3.0	7.0	1,1,1,3,1,3	0,4,2,2,5,6	1.0	21.542552947998047	0.9338202337648015
8894.0	34818.0	29.0	3.0	4.0	4,4,2	0,5,17	1.0	21.542552947998047	0.867765756836236
8881.0	34819.0	14.0	3.0	12.0	4,2,1,1,1,4,1,2,2,3,3	0,4,5,2,3,2,5,2,4,5,6	1.0	21.542552947998047	0.9338202337648015
8874.0	34820.0	20.0	3.0	5.0	4,4,1,4	0,6,21,5	1.0	21.542552947998047	0.9068155760608033
8902.0	34821.0	20.0	3.0	5.0	4,4,2,2	0,3,11,17	1.0	21.542552947998047	0.9068155760608033
8875.0	34822.0	14.0	3.0	7.0	4,4,1,4,2,2	0,4,15,2,6,11	1.0	21.542552947998047	0.9338202337648015
8890.0	34823.0	37.0	1.0	4.0	4,3,4	0,4,11	0.0	21.542552947998047	0.8344687872167925
8982.0	34824.0	14.0	2.0	5.0	1,4,1,3	0,3,10,6	1.0	21.542552947998047	0.9338202337648015
8884.0	34825.0	25.0	3.0	4.0	4,4,2	0,6,21	1.0	21.542552947998047	0.8849092076797176
8883.0	34826.0	20.0	3.0	9.0	4,2,1,4,1,4,2,4	0,4,5,2,7,2,5,7	1.0	21.542552947998047	0.9068155760608033
8888.0	34827.0	38.0	2.0	4.0	4,4,4	0,3,11	1.0	21.542552947998047	0.8303975236162845
8876.0	34828.0	25.0	2.0	4.0	1,4,2	0,6,21	1.0	21.542552947998047	0.8849092076797176
8887.0	34829.0	38.0	1.0	4.0	4,4,4	0,3,11	0.0	21.542552947998047	0.8303975236162845
8880.0	34830.0	14.0	2.0	10.0	4,4,1,2,1,1,4,2,3	0,3,8,3,4,2,2,5,11	1.0	21.542552947998047	0.9338202337648015
8930.0	34842.0	20.0	1.0	6.0	1,4,1,2,3	0,5,16,1,4	0.0	21.542552947998047	0.9068155760608033
8955.0	34843.0	14.0	3.0	6.0	4,1,4,2,1	0,4,3,10,14	1.0	21.542552947998047	0.9338202337648015
8944.0	34844.0	20.0	1.0	6.0	4,4,1,3,3	0,4,14,2,5	0.0	21.542552947998047	0.9068155760608033
8926.0	34845.0	14.0	1.0	10.0	4,1,1,4,1,2,4,2,1	0,4,3,1,4,2,3,6,11	0.0	21.542552947998047	0.9338202337648015
8964.0	34846.0	20.0	3.0	4.0	4,2,2	0,5,8	1.0	21.542552947998047	0.9068155760608033
8970.0	34847.0	20.0	3.0	4.0	1,2,2	0,5,8	1.0	21.542552947998047	0.9068155760608033
8971.0	34848.0	14.0	1.0	5.0	1,2,2,1	0,4,5,10	0.0	21.542552947998047	0.9338202337648015
8936.0	34849.0	14.0	1.0	6.0	4,4,1,1,1	0,5,17,4,6	0.0	21.542552947998047	0.9338202337648015
8930.0	34851.0	60.0	4.0	7.0	1,4,1,2,3,1	0,5,16,1,4,20	1.0	21.54254913330078	0.7456875482851969
8936.0	34852.0	60.0	1.0	7.0	4,4,1,1,1,1	0,5,17,4,6,14	0.0	21.542552947998047	0.7456875870334259
8944.0	34853.0	60.0	4.0	7.0	4,4,1,3,3,1	0,4,14,2,5,20	1.0	21.542552947998047	0.7456875870334259
8971.0	34854.0	60.0	4.0	6.0	1,2,2,1,1	0,4,5,10,14	1.0	21.542552947998047	0.7456875870334259
8926.0	34855.0	60.0	1.0	11.0	4,1,1,4,1,2,4,2,1,1	0,4,3,1,4,2,3,6,11,14	0.0	21.542552947998047	0.7456875870334259
8918.0	34856.0	94.0	1.0	5.0	1,1,4,4	0,4,3,7	0.0	21.542552947998047	0.6314502868271343
8920.0	34857.0	89.0	2.0	4.0	4,4,2	0,4,15	1.0	21.542552947998047	0.6470821533254474
8953.0	34858.0	74.0	1.0	7.0	4,4,1,2,1,2	0,4,13,3,5,6	0.0	21.542552947998047	0.6963381568390645
8956.0	34859.0	90.0	2.0	5.0	4,1,4,3	0,4,3,8	1.0	21.542552947998047	0.6439251244973724
8952.0	34860.0	80.0	1.0	6.0	4,4,1,3,3	0,5,15,1,4	0.0	21.542552947998047	0.6762011187971065
8958.0	34861.0	80.0	1.0	7.0	4,3,1,2,4,2	0,4,5,2,3,11	0.0	21.542552947998047	0.6762011187971065
8954.0	34862.0	92.0	1.0	5.0	4,1,4,4	0,5,2,6	0.0	21.542552947998047	0.6376571998802052
8915.0	34863.0	80.0	2.0	6.0	4,4,1,4,2	0,4,13,2,9	1.0	21.542552947998047	0.6762011187971065
8973.0	34864.0	80.0	2.0	6.0	1,1,1,1,4	0,3,2,3,5	1.0	21.542552947998047	0.6762011187971065
8934.0	34865.0	74.0	1.0	13.0	1,1,1,2,1,1,1,4,1,1,3,2	0,5,3,2,3,1,2,1,4,1,4,6	0.0	21.542552947998047	0.6963381568390645
8935.0	34866.0	91.0	1.0	5.0	4,1,4,4	0,5,3,7	0.0	21.542552947998047	0.6407834983982554
8928.0	34867.0	85.0	2.0	4.0	4,4,2	0,5,16	1.0	21.542552947998047	0.6598658118183495
8947.0	34868.0	74.0	1.0	7.0	4,4,1,2,2,2	0,4,14,2,5,6	0.0	21.542552947998047	0.6963381568390645
8949.0	34869.0	90.0	1.0	5.0	4,1,4,3	0,4,3,8	0.0	21.542552947998047	0.6439251244973724
8909.0	34870.0	88.0	2.0	4.0	4,4,2	0,5,15	1.0	21.542552947998047	0.6502546603988062
8925.0	34871.0	80.0	1.0	10.0	1,1,1,1,4,1,1,3,4	0,3,2,2,3,8,2,3,5	0.0	21.542552947998047	0.6762011187971065
8937.0	34872.0	74.0	2.0	8.0	4,1,4,1,4,2,2	0,5,3,9,1,4,10	1.0	21.542552947998047	0.6963381568390645
8946.0	34873.0	80.0	1.0	7.0	4,1,4,1,3,3	0,4,3,9,2,7	0.0	21.542552947998047	0.6762011187971065
8968.0	34874.0	74.0	2.0	6.0	1,1,3,2,2	0,4,2,7,6	1.0	21.542552947998047	0.6963381568390645
8933.0	34875.0	85.0	1.0	4.0	4,4,2	0,5,16	0.0	21.542552947998047	0.6598658118183495
8957.0	34876.0	74.0	1.0	8.0	4,1,4,1,4,2,2	0,5,2,6,2,6,10	0.0	21.542552947998047	0.6963381568390645
8932.0	34877.0	94.0	1.0	4.0	4,4,4	0,3,9	0.0	21.542552947998047	0.6314502868271343
8910.0	34878.0	85.0	1.0	4.0	4,4,2	0,5,18	0.0	21.542552947998047	0.6598658118183495
8927.0	34879.0	85.0	2.0	4.0	4,4,2	0,5,16	1.0	21.542552947998047	0.6598658118183495
8945.0	34880.0	80.0	2.0	6.0	4,4,1,4,3	0,4,11,2,8	1.0	21.542552947998047	0.6762011187971065
8972.0	34881.0	80.0	2.0	4.0	1,2,3	0,5,8	1.0	21.542552947998047	0.6762011187971065
8986.0	34882.0	74.0	2.0	5.0	1,2,3,2	0,4,5,10	1.0	21.542552947998047	0.6963381568390645
8916.0	34883.0	91.0	2.0	4.0	4,4,3	0,4,13	1.0	21.542552947998047	0.6407834983982554
8931.0	34884.0	93.0	1.0	4.0	4,4,4	0,3,10	0.0	21.542552947998047	0.6345461541619671
8950.0	34885.0	74.0	1.0	6.0	4,1,4,2,2	0,4,3,9,15	0.0	21.542552947998047	0.6963381568390645
8942.0	34886.0	94.0	1.0	4.0	4,4,4	0,3,11	0.0	21.542552947998047	0.6314502868271343
8959.0	34887.0	74.0	1.0	6.0	4,1,4,4,2	0,5,2,5,19	0.0	21.542552947998047	0.6963381568390645
8922.0	34888.0	91.0	2.0	4.0	4,4,3	0,4,13	1.0	21.542552947998047	0.6407834983982554
8917.0	34889.0	94.0	2.0	4.0	4,4,4	0,3,11	1.0	21.542552947998047	0.6314502868271343
8948.0	34890.0	74.0	2.0	6.0	4,1,4,4,2	0,5,2,6,18	1.0	21.542552947998047	0.6963381568390645
8969.0	34891.0	80.0	2.0	4.0	1,2,4	0,5,8	1.0	21.542552947998047	0.6762011187971065
8912.0	34892.0	94.0	1.0	4.0	4,4,4	0,3,11	0.0	21.542552947998047	0.6314502868271343
8923.0	34893.0	93.0	2.0	4.0	4,4,4	0,4,11	1.0	21.542552947998047	0.6345461541619671
8921.0	34894.0	74.0	1.0	5.0	4,4,4,2	0,3,7,24	0.0	21.542552947998047	0.6963381568390645
8955.0	34895.0	60.0	1.0	7.0	4,1,4,2,1,3	0,4,3,10,14,14	0.0	21.542552947998047	0.7456875870334259
8924.0	34896.0	90.0	2.0	4.0	4,4,4	0,4,14	1.0	21.542552947998047	0.6439251244973724
8914.0	34897.0	74.0	1.0	5.0	4,4,4,2	0,3,8,23	0.0	21.542552947998047	0.6963381568390645
8919.0	34898.0	90.0	2.0	4.0	4,4,4	0,4,14	1.0	21.542552947998047	0.6439251244973724
8943.0	34899.0	87.0	2.0	4.0	4,4,4	0,4,14	1.0	21.542552947998047	0.6534427216040148
8908.0	34900.0	89.0	1.0	4.0	4,4,4	0,4,15	0.0	21.542552947998047	0.6470821533254474
8913.0	34901.0	89.0	2.0	4.0	4,4,4	0,4,15	1.0	21.542552947998047	0.6470821533254474
8911.0	34902.0	88.0	2.0	4.0	4,4,4	0,5,15	1.0	21.542552947998047	0.6502546603988062
8964.0	34903.0	60.0	2.0	5.0	4,2,2,3	0,5,8,20	1.0	21.542552947998047	0.7456875870334259
8929.0	34904.0	85.0	2.0	4.0	4,4,4	0,5,16	1.0	21.542552947998047	0.6598658118183495
8970.0	34905.0	60.0	2.0	5.0	1,2,2,3	0,5,8,20	1.0	21.542552947998047	0.7456875870334259
8849.0	34948.0	176.0	4.0	9.0	1,4,1,1,1,4,4,1	0,4,15,47,2,2,7,27	1.0	21.54254913330078	0.4228310589203127
8232.0	34949.0	281.0	1.0	5.0	4,4,4,3	0,3,8,44	0.0	21.542552947998047	0.25301224839806385
8727.0	34950.0	176.0	1.0	10.0	4,2,1,4,4,1,4,4,1	0,8,6,4,26,78,3,6,18	0.0	21.542552947998047	0.4228311233703668
8966.0	34951.0	182.0	1.0	4.0	4,2,2	0,5,8	0.0	21.542552947998047	0.410603491819507
8967.0	34952.0	182.0	2.0	4.0	4,2,2	0,5,8	1.0	21.542552947998047	0.410603491819507
9003.0	34953.0	176.0	2.0	4.0	1,4,1	0,3,16	1.0	21.54254913330078	0.4228310589203127
8770.0	34954.0	281.0	1.0	4.0	4,4,4	0,4,32	0.0	21.542552947998047	0.25301224839806385
8659.0	34955.0	203.0	1.0	8.0	1,4,1,4,1,4,4	0,5,18,18,76,2,8	0.0	21.542552947998047	0.3705250360049648
9030.0	34956.0	176.0	1.0	6.0	4,2,1,3,1	0,3,4,5,6	0.0	21.542552947998047	0.4228311233703668
7868.0	34957.0	176.0	1.0	13.0	4,4,1,4,4,1,4,4,1,4,4,1	0,5,18,2,7,34,2,6,59,2,8,27	0.0	21.542552947998047	0.4228311233703668
8641.0	34958.0	192.0	1.0	13.0	1,4,1,2,1,1,4,4,1,4,4,2	0,5,18,18,9,2,2,5,57,2,5,15	0.0	21.542552947998047	0.39100483160878086
8777.0	34959.0	281.0	1.0	4.0	4,4,4	0,4,32	0.0	21.542552947998047	0.25301224839806385
8784.0	34960.0	189.0	2.0	13.0	1,1,1,4,1,4,4,1,1,4,4,2	0,4,2,4,26,2,7,59,2,3,5,14	1.0	21.542552947998047	0.39678411605106406
8939.0	34961.0	196.0	1.0	5.0	4,1,4,4	0,4,3,7	0.0	21.542552947998047	0.38342984871553576
8831.0	34962.0	191.0	1.0	8.0	1,1,4,1,4,4,2	0,5,18,76,2,5,15	0.0	21.542552947998047	0.39292184568129296
7840.0	34963.0	203.0	1.0	12.0	3,3,4,4,2,1,4,4,1,4,4	0,18,2,6,23,36,2,7,59,2,8	0.0	21.542552947998047	0.3705250360049648
8793.0	34964.0	187.0	2.0	8.0	4,1,4,4,1,4,3	0,5,4,26,85,2,7	1.0	21.54254913330078	0.40068428615915247
8702.0	34965.0	289.0	2.0	4.0	4,4,4	0,5,34	1.0	21.542552947998047	0.2433039358933481
7919.0	34966.0	182.0	2.0	10.0	4,4,4,4,1,4,4,1,3	0,3,8,25,94,2,6,19,4	1.0	21.542552947998047	0.410603491819507
8568.0	34967.0	203.0	1.0	10.0	4,4,4,1,4,4,1,4,4	0,4,12,38,2,7,57,2,8	0.0	21.542552947998047	0.3705250360049648
9020.0	34968.0	186.0	1.0	4.0	1,2,4	0,4,5	0.0	21.542552947998047	0.4026488217617429
8239.0	34969.0	289.0	2.0	6.0	4,1,4,4,4	0,5,2,6,34	1.0	21.542552947998047	0.2433039358933481
8826.0	34970.0	182.0	1.0	11.0	1,1,1,4,1,4,4,1,4,2	0,5,18,9,66,2,6,15,2,7	0.0	21.542552947998047	0.410603491819507
8769.0	34971.0	198.0	2.0	7.0	4,4,4,1,4,4	0,3,25,82,2,7	1.0	21.542552947998047	0.3796975679016807
8271.0	34972.0	289.0	2.0	6.0	1,1,4,4,4	0,4,2,6,33	1.0	21.542552947998047	0.2433039358933481
8768.0	34973.0	193.0	2.0	10.0	4,1,4,4,1,4,1,4,4	0,4,2,22,76,2,8,3,7	1.0	21.542552947998047	0.3890971703961177
8590.0	34974.0	196.0	2.0	11.0	1,4,1,4,4,1,4,1,4,4	0,5,14,2,22,76,2,6,2,7	1.0	21.54254913330078	0.3834297836298242
8697.0	34975.0	203.0	1.0	7.0	4,4,4,1,4,4	0,5,16,94,2,8	0.0	21.542552947998047	0.3705250360049648
8852.0	34976.0	203.0	1.0	7.0	1,4,4,1,4,4	0,4,15,48,2,8	0.0	21.54254913330078	0.37052497086353864
8938.0	34977.0	196.0	1.0	5.0	4,1,4,4	0,4,3,7	0.0	21.542552947998047	0.38342984871553576
8790.0	34978.0	281.0	2.0	4.0	4,4,4	0,4,31	1.0	21.542552947998047	0.25301224839806385
7886.0	34979.0	176.0	1.0	17.0	4,4,4,1,1,1,4,4,1,1,1,4,4,1,3,2	0,4,11,49,2,2,2,6,56,2,3,2,6,14,4,6	0.0	21.542552947998047	0.4228311233703668
8652.0	34980.0	187.0	2.0	16.0	1,1,1,1,4,1,4,1,4,1,4,4,1,4,4	0,3,2,2,2,5,2,7,18,76,2,5,11,2,6	1.0	21.542552947998047	0.4006843510506291
8656.0	34981.0	192.0	2.0	10.0	4,4,4,1,4,1,1,4,4	0,5,18,94,2,8,3,2,6	1.0	21.542552947998047	0.39100483160878086
8254.0	34982.0	191.0	2.0	9.0	4,4,4,1,1,4,4,2	0,5,16,53,47,2,5,16	1.0	21.54254913330078	0.39292178068580463
7938.0	34983.0	203.0	1.0	10.0	4,4,4,1,4,4,1,4,4	0,3,11,47,2,7,59,2,8	0.0	21.542552947998047	0.3705250360049648
8003.0	34984.0	182.0	1.0	17.0	4,1,4,4,1,1,4,2,2,2,1,2,1,4,3,3	0,5,2,7,36,9,2,6,8,50,12,2,4,2,5,7	0.0	21.542552947998047	0.410603491819507
8247.0	34985.0	182.0	2.0	17.0	4,1,4,1,4,1,4,1,4,1,4,2,1,1,4,3	0,5,2,6,5,28,9,66,2,5,2,5,6,2,2,8	1.0	21.542552947998047	0.410603491819507
8828.0	34986.0	189.0	2.0	11.0	1,1,1,1,4,4,1,4,4,2	0,5,18,9,2,6,58,2,6,17	1.0	21.54254913330078	0.396784051103966
8638.0	34987.0	176.0	1.0	13.0	1,4,1,4,4,1,4,1,3,3,1,3	0,3,11,3,25,84,2,7,1,3,10,6	0.0	21.542552947998047	0.4228311233703668
8803.0	34988.0	189.0	1.0	13.0	1,4,1,1,4,1,4,4,1,4,4,2	0,4,29,2,2,5,2,6,51,2,5,17	0.0	21.542552947998047	0.39678411605106406
7910.0	34989.0	281.0	1.0	9.0	4,1,4,1,4,1,4,4	0,5,2,6,2,6,5,36	0.0	21.542552947998047	0.25301224839806385
8231.0	34990.0	281.0	1.0	5.0	4,4,2,4	0,5,17,33	0.0	21.542552947998047	0.25301224839806385
9019.0	34991.0	176.0	1.0	6.0	1,1,4,1,3	0,3,2,8,6	0.0	21.542552947998047	0.4228311233703668
8941.0	34992.0	187.0	1.0	4.0	4,4,2	0,5,18	0.0	21.542552947998047	0.4006843510506291
8214.0	34993.0	190.0	2.0	13.0	4,4,1,4,1,3,1,4,1,4,4,2	0,4,16,3,25,9,13,3,50,2,6,16	1.0	21.542552947998047	0.39484825846874955
7838.0	34994.0	176.0	1.0	8.0	3,3,4,2,1,4,2	0,18,19,65,75,2,11	0.0	21.54254913330078	0.4228310589203127
8848.0	34995.0	176.0	1.0	11.0	4,4,1,1,4,1,4,4,1,3	0,5,61,2,2,5,2,5,16,6	0.0	21.542552947998047	0.4228311233703668
8783.0	34996.0	192.0	1.0	9.0	4,4,1,1,4,4,2,2	0,3,25,9,2,6,58,22	0.0	21.542552947998047	0.39100483160878086
8794.0	34997.0	193.0	1.0	11.0	1,1,4,1,4,1,4,1,4,4	0,4,2,21,9,66,2,6,3,10	0.0	21.54254913330078	0.38909710535933484
8771.0	34998.0	176.0	1.0	12.0	1,1,1,4,4,1,4,1,1,3,2	0,5,2,3,26,78,3,10,3,5,6	0.0	21.542552947998047	0.4228311233703668
8622.0	34999.0	280.0	1.0	7.0	1,1,3,4,4,4	0,3,3,4,9,32	0.0	21.542552947998047	0.2542527139920602
7963.0	35000.0	176.0	2.0	12.0	1,1,4,4,4,1,4,4,1,4,2	0,5,2,6,21,94,2,5,17,2,11	1.0	21.542552947998047	0.4228311233703668
8854.0	35001.0	196.0	1.0	11.0	1,1,1,1,1,4,1,4,4,4	0,4,4,2,3,3,50,2,5,11	0.0	21.54254913330078	0.3834297836298242
8009.0	35002.0	176.0	1.0	17.0	4,4,1,4,1,4,1,4,1,4,1,4,1,1,3,3	0,4,17,3,25,9,67,2,6,2,5,2,6,3,5,6	0.0	21.542552947998047	0.4228311233703668
8787.0	35003.0	187.0	1.0	13.0	1,4,1,1,4,1,4,4,1,4,4,2	0,3,24,9,2,6,2,6,51,2,6,18	0.0	21.542552947998047	0.4006843510506291
7862.0	35004.0	199.0	1.0	13.0	1,4,4,1,4,1,4,4,1,2,4,4	0,3,11,53,2,7,2,9,48,2,3,9	0.0	21.54254913330078	0.37784500822395206
8193.0	35005.0	189.0	2.0	12.0	4,4,1,4,1,4,4,1,4,4,2	0,4,12,5,36,2,7,59,2,5,17	1.0	21.542552947998047	0.39678411605106406
7841.0	35006.0	176.0	1.0	11.0	3,3,4,4,4,1,4,4,1,3	0,18,2,6,18,108,2,6,24,6	0.0	21.542552947998047	0.4228311233703668
8566.0	35007.0	176.0	1.0	9.0	4,4,1,4,4,4,1,3	0,4,13,2,7,27,98,6	0.0	21.54254913330078	0.4228310589203127
8637.0	35008.0	289.0	1.0	4.0	4,4,4	0,6,36	0.0	21.542552947998047	0.2433039358933481
8700.0	35009.0	194.0	2.0	9.0	4,1,1,4,4,1,4,4	0,5,2,4,28,83,3,9	1.0	21.542552947998047	0.3871988164119286
7846.0	35010.0	176.0	1.0	9.0	4,4,4,4,1,4,2,2	0,3,9,29,111,2,7,11	0.0	21.54254913330078	0.4228310589203127
8987.0	35011.0	176.0	1.0	4.0	1,3,2	0,4,15	0.0	21.542552947998047	0.4228311233703668
8805.0	35012.0	182.0	1.0	14.0	1,1,4,1,1,4,4,1,4,4,1,4,3	0,3,4,26,2,2,6,57,2,5,15,2,8	0.0	21.542552947998047	0.410603491819507
8725.0	35013.0	281.0	1.0	4.0	4,4,4	0,8,36	0.0	21.542552947998047	0.25301224839806385
8821.0	35014.0	176.0	1.0	18.0	1,1,1,1,1,4,1,4,4,1,4,4,1,2,3,2,4	0,3,4,18,9,2,6,2,6,51,2,5,13,2,4,5,6	0.0	21.542552947998047	0.4228311233703668
7927.0	35015.0	280.0	1.0	7.0	4,3,1,4,4,4	0,5,14,2,7,34	0.0	21.542552947998047	0.2542527139920602
8743.0	35016.0	187.0	2.0	10.0	1,1,4,1,4,1,4,4,2	0,6,3,25,9,66,2,6,19	1.0	21.54254913330078	0.40068428615915247
8741.0	35017.0	281.0	1.0	4.0	4,4,4	0,6,36	0.0	21.542552947998047	0.25301224839806385
8800.0	35018.0	196.0	1.0	12.0	1,1,1,1,1,4,4,1,4,4,4	0,3,4,18,9,2,6,58,2,5,11	0.0	21.542552947998047	0.38342984871553576
8940.0	35019.0	196.0	1.0	4.0	4,4,4	0,3,11	0.0	21.542552947998047	0.38342984871553576
8773.0	35020.0	176.0	1.0	12.0	1,1,4,1,4,1,4,4,1,3,3	0,3,2,23,9,66,2,6,19,5,6	0.0	21.54254913330078	0.4228310589203127
8251.0	35021.0	186.0	2.0	10.0	1,1,4,4,4,1,4,4,2	0,5,2,5,16,94,2,6,19	1.0	21.54254913330078	0.4026487569008316
8868.0	35022.0	176.0	1.0	14.0	1,1,1,1,4,1,1,4,4,1,4,2,3	0,5,3,2,3,53,2,2,5,12,2,5,10	0.0	21.542552947998047	0.4228311233703668
8209.0	35023.0	186.0	2.0	11.0	1,4,1,4,1,4,1,4,4,2	0,4,16,3,25,9,67,2,6,19	1.0	21.54254913330078	0.4026487569008316
8580.0	35024.0	281.0	1.0	6.0	1,1,4,4,4	0,4,3,8,36	0.0	21.542552947998047	0.25301224839806385
8576.0	35025.0	281.0	1.0	6.0	1,1,4,4,4	0,5,2,8,36	0.0	21.542552947998047	0.25301224839806385
8728.0	35026.0	280.0	2.0	4.0	4,4,4	0,8,37	1.0	21.542552947998047	0.2542527139920602
7873.0	35027.0	176.0	1.0	12.0	4,1,1,1,1,4,2,4,4,1,4	0,3,7,2,2,2,5,8,36,99,6	0.0	21.542552947998047	0.4228311233703668
8978.0	35028.0	176.0	1.0	5.0	1,4,1,4	0,3,10,6	0.0	21.542552947998047	0.4228311233703668
8856.0	35029.0	182.0	1.0	8.0	4,4,4,1,4,4,2	0,4,15,51,2,6,20	0.0	21.54254913330078	0.41060342709962805
8639.0	35030.0	182.0	2.0	10.0	1,4,1,4,4,1,4,4,2	0,4,13,2,23,81,2,6,18	1.0	21.54254913330078	0.41060342709962805
7869.0	35031.0	182.0	2.0	8.0	4,4,4,1,4,4,2	0,5,18,109,2,6,24	1.0	21.54254913330078	0.41060342709962805
8264.0	35032.0	182.0	1.0	11.0	1,1,4,4,1,4,1,4,4,2	0,5,2,5,15,18,76,2,6,23	0.0	21.54254913330078	0.41060342709962805
8636.0	35033.0	279.0	1.0	6.0	1,1,4,4,4	0,3,3,11,35	0.0	21.542552947998047	0.2554992613267613
8658.0	35034.0	176.0	1.0	10.0	1,4,1,4,4,1,4,2,3	0,5,14,4,26,90,1,4,10	0.0	21.542552947998047	0.4228311233703668
8742.0	35035.0	281.0	2.0	4.0	4,4,4	0,6,36	1.0	21.542552947998047	0.25301224839806385
8201.0	35036.0	182.0	2.0	10.0	1,1,4,4,4,1,4,4,2	0,5,2,5,18,94,2,6,23	1.0	21.54254913330078	0.41060342709962805
8825.0	35037.0	176.0	1.0	7.0	1,4,4,1,3,4	0,5,27,94,4,6	0.0	21.542552947998047	0.4228311233703668
8815.0	35038.0	176.0	1.0	12.0	1,4,1,4,1,1,4,1,4,4,2	0,3,22,9,66,2,2,5,2,7,20	0.0	21.542552947998047	0.4228311233703668
8853.0	35039.0	182.0	2.0	8.0	4,4,4,1,4,4,2	0,3,10,54,2,6,23	1.0	21.54254913330078	0.41060342709962805
7839.0	35040.0	194.0	2.0	10.0	3,3,2,1,4,1,4,4,4	0,18,21,38,9,66,2,5,13	1.0	21.542552947998047	0.3871988164119286
8699.0	35041.0	182.0	2.0	9.0	4,4,4,1,1,4,4,2	0,5,16,93,2,2,7,21	1.0	21.542552947998047	0.410603491819507
8654.0	35042.0	281.0	1.0	6.0	4,1,4,4,4	0,5,2,6,36	0.0	21.54254913330078	0.2530121868248933
7999.0	35043.0	289.0	1.0	5.0	4,4,4,4	0,3,8,39	0.0	21.542552947998047	0.2433039358933481
8229.0	35044.0	196.0	1.0	9.0	4,4,1,4,4,1,4,4	0,5,17,2,23,78,3,12	0.0	21.542552947998047	0.38342984871553576
8627.0	35045.0	281.0	1.0	6.0	4,1,4,4,4	0,6,2,6,36	0.0	21.54254913330078	0.2530121868248933
8698.0	35046.0	176.0	2.0	11.0	4,1,4,4,4,1,4,1,3,4	0,5,2,5,27,93,2,7,5,6	1.0	21.542552947998047	0.4228311233703668
7883.0	35047.0	281.0	1.0	5.0	4,4,4,3	0,4,11,50	0.0	21.542552947998047	0.25301224839806385
8745.0	35127.0	298.0	1.0	4.0	4,4,4	0,6,36	0.0	21.542552947998047	0.2328266404387055
8722.0	35128.0	193.0	2.0	12.0	1,1,1,4,1,4,1,4,4,2,2	0,4,4,3,25,9,66,2,5,14,17	1.0	21.542552947998047	0.3890971703961177
8628.0	35129.0	199.0	2.0	12.0	1,1,4,4,1,4,4,1,4,4,2	0,4,2,8,36,2,7,58,2,7,23	1.0	21.542552947998047	0.3778450733433696
8870.0	35130.0	199.0	2.0	7.0	4,4,1,4,4,2	0,5,61,2,6,24	1.0	21.542552947998047	0.3778450733433696
8731.0	35131.0	297.0	1.0	4.0	4,4,4	0,8,37	0.0	21.542552947998047	0.23396814026196927
7930.0	35132.0	298.0	1.0	7.0	4,4,1,4,4,4	0,4,13,2,7,35	0.0	21.542552947998047	0.2328266404387055
7990.0	35133.0	199.0	3.0	8.0	1,4,4,1,4,4,2	0,4,18,103,2,6,24	1.0	21.54254913330078	0.37784500822395206
8200.0	35134.0	306.0	2.0	5.0	4,4,4,4	0,3,8,38	1.0	21.542552947998047	0.22389286826319463
8288.0	35135.0	297.0	1.0	6.0	4,1,4,4,4	0,5,3,8,37	0.0	21.54254913330078	0.23396808008132666
8645.0	35136.0	297.0	2.0	5.0	4,4,4,4	0,3,10,37	1.0	21.542552947998047	0.23396814026196927
8788.0	35137.0	193.0	1.0	10.0	4,4,1,4,1,4,2,4,2	0,3,24,9,66,2,6,7,23	0.0	21.542552947998047	0.3890971703961177
7888.0	35138.0	298.0	2.0	7.0	4,4,1,4,4,4	0,5,15,2,6,36	1.0	21.542552947998047	0.2328266404387055
7861.0	35139.0	193.0	1.0	12.0	4,4,4,2,1,4,4,1,4,4,2	0,3,7,24,33,2,7,59,2,8,27	0.0	21.542552947998047	0.3890971703961177
8709.0	35140.0	199.0	2.0	13.0	1,4,1,1,4,1,4,1,1,4,4,3	0,5,15,18,9,66,2,5,2,2,5,16	1.0	21.542552947998047	0.3778450733433696
8869.0	35141.0	193.0	2.0	8.0	4,4,4,1,4,4,2	0,3,10,54,2,8,27	1.0	21.54254913330078	0.38909710535933484
8830.0	35142.0	208.0	1.0	9.0	4,1,1,4,1,4,4,4	0,5,18,9,66,2,5,16	0.0	21.542552947998047	0.36157408925524165
8583.0	35143.0	193.0	1.0	11.0	1,4,1,1,4,4,1,4,4,2	0,3,12,3,2,23,76,2,8,27	0.0	21.54254913330078	0.38909710535933484
8792.0	35144.0	193.0	2.0	10.0	4,4,1,4,4,1,4,4,2	0,4,31,2,7,58,2,7,29	1.0	21.542552947998047	0.3890971703961177
8205.0	35145.0	193.0	3.0	8.0	4,4,4,1,4,4,2	0,5,16,102,2,7,29	1.0	21.54254913330078	0.38909710535933484
7932.0	35146.0	193.0	2.0	8.0	4,4,4,1,4,4,2	0,5,20,103,2,7,29	1.0	21.54254913330078	0.38909710535933484
8587.0	35147.0	193.0	2.0	11.0	1,4,4,1,4,4,1,4,4,2	0,3,12,45,2,6,51,2,8,27	1.0	21.54254913330078	0.38909710535933484
8730.0	35148.0	199.0	2.0	12.0	4,4,1,4,4,1,4,1,4,2,4	0,3,8,2,23,79,2,6,2,7,11	1.0	21.542552947998047	0.3778450733433696
8219.0	35149.0	193.0	2.0	11.0	4,4,4,1,4,4,1,4,4,2	0,3,9,44,2,7,59,2,8,27	1.0	21.542552947998047	0.3890971703961177
8216.0	35150.0	209.0	2.0	14.0	1,1,1,4,4,1,1,4,4,1,4,4,4	0,3,2,2,7,42,2,2,6,57,2,5,15	1.0	21.542552947998047	0.35981001676862234
8620.0	35151.0	296.0	1.0	5.0	1,4,4,4	0,3,11,38	0.0	21.542552947998047	0.2351152366176748
8272.0	35152.0	298.0	2.0	5.0	4,4,4,4	0,3,10,40	1.0	21.542552947998047	0.2328266404387055
8871.0	35153.0	193.0	1.0	8.0	4,4,4,1,4,4,2	0,4,12,51,2,8,27	0.0	21.54254913330078	0.38909710535933484
8267.0	35154.0	204.0	2.0	11.0	1,1,4,4,1,4,1,4,4,3	0,4,2,5,16,18,76,2,6,18	1.0	21.54254913330078	0.3687172278819747
8643.0	35155.0	193.0	2.0	8.0	4,4,4,1,4,4,2	0,5,15,96,2,7,29	1.0	21.54254913330078	0.38909710535933484
8723.0	35156.0	293.0	2.0	5.0	4,4,4,4	0,3,10,36	1.0	21.542552947998047	0.23859037993889035
8579.0	35157.0	296.0	2.0	5.0	1,4,4,4	0,3,12,38	1.0	21.542552947998047	0.2351152366176748
8746.0	35158.0	193.0	1.0	12.0	1,4,1,4,1,4,1,4,2,4,2	0,6,36,2,7,2,6,3,47,9,29	0.0	21.542552947998047	0.3890971703961177
8574.0	35159.0	193.0	1.0	8.0	1,4,4,1,4,4,2	0,5,17,97,2,7,29	0.0	21.542552947998047	0.3890971703961177
7949.0	35160.0	306.0	3.0	5.0	4,4,4,4	0,3,9,40	1.0	21.542552947998047	0.22389286826319463
7952.0	35161.0	298.0	1.0	7.0	4,4,1,4,4,4	0,3,8,2,7,40	0.0	21.542552947998047	0.2328266404387055
7887.0	35162.0	306.0	1.0	5.0	4,4,4,4	0,3,9,44	0.0	21.542552947998047	0.22389286826319463
8283.0	35163.0	298.0	1.0	6.0	1,1,4,4,4	0,3,2,6,41	0.0	21.542552947998047	0.2328266404387055
8259.0	35164.0	297.0	2.0	5.0	4,4,4,4	0,3,11,41	1.0	21.542552947998047	0.23396814026196927
8275.0	35165.0	294.0	3.0	5.0	4,4,4,4	0,4,13,40	1.0	21.542552947998047	0.23742632881540088
8212.0	35166.0	204.0	3.0	9.0	4,4,4,1,1,4,4,3	0,4,16,56,47,2,6,19	1.0	21.542552947998047	0.36871729302491246
8772.0	35167.0	207.0	2.0	10.0	1,1,4,1,4,1,4,4,4	0,3,2,23,9,66,2,5,17	1.0	21.54254913330078	0.36334674547838386
8234.0	35168.0	297.0	4.0	5.0	4,4,4,4	0,3,11,42	1.0	21.542552947998047	0.23396814026196927
7902.0	35169.0	306.0	2.0	5.0	4,4,4,4	0,3,9,44	1.0	21.542552947998047	0.22389286826319463
8585.0	35170.0	295.0	2.0	5.0	4,4,4,4	0,3,12,39	1.0	21.542552947998047	0.23626795694443803
8010.0	35171.0	296.0	1.0	5.0	4,4,4,4	0,4,13,42	0.0	21.542552947998047	0.2351152366176748
7961.0	35172.0	207.0	1.0	13.0	2,4,1,4,1,1,4,4,1,4,4,4	0,5,19,3,25,9,2,6,58,2,5,17	0.0	21.542552947998047	0.36334681061652535
7978.0	35173.0	297.0	1.0	5.0	4,4,4,4	0,4,13,43	0.0	21.542552947998047	0.23396814026196927
8279.0	35174.0	294.0	1.0	5.0	4,4,4,4	0,4,13,40	0.0	21.542552947998047	0.23742632881540088
7913.0	35175.0	306.0	2.0	5.0	4,4,4,4	0,3,8,43	1.0	21.542552947998047	0.22389286826319463
8651.0	35176.0	293.0	3.0	5.0	4,4,4,4	0,3,11,40	1.0	21.542552947998047	0.23859037993889035
8238.0	35177.0	297.0	1.0	5.0	4,4,4,4	0,3,10,43	0.0	21.542552947998047	0.23396814026196927
8633.0	35178.0	207.0	1.0	9.0	4,4,1,4,1,4,4,4	0,6,36,9,66,1,5,18	0.0	21.54254913330078	0.36334674547838386
7985.0	35179.0	298.0	2.0	5.0	4,4,4,4	0,4,11,44	1.0	21.542552947998047	0.2328266404387055
8207.0	35180.0	298.0	1.0	5.0	1,4,4,4	0,3,9,44	0.0	21.542552947998047	0.2328266404387055
8567.0	35181.0	298.0	2.0	5.0	4,4,4,4	0,3,9,40	1.0	21.542552947998047	0.2328266404387055
8011.0	35182.0	297.0	2.0	5.0	4,4,4,4	0,3,12,43	1.0	21.542552947998047	0.23396814026196927
7915.0	35183.0	306.0	2.0	5.0	4,4,4,4	0,3,8,43	1.0	21.542552947998047	0.22389286826319463
8249.0	35184.0	297.0	4.0	5.0	4,4,4,4	0,3,11,41	1.0	21.542552947998047	0.23396814026196927
8657.0	35185.0	204.0	1.0	9.0	4,4,1,4,1,4,4,4	0,5,18,18,76,2,6,18	0.0	21.54254913330078	0.3687172278819747
8204.0	35186.0	297.0	1.0	5.0	1,4,4,4	0,4,12,41	0.0	21.542552947998047	0.23396814026196927
8816.0	35187.0	193.0	1.0	13.0	4,4,1,1,4,4,1,4,1,4,4,3	0,7,27,2,2,6,56,2,6,3,7,20	0.0	21.542552947998047	0.3890971703961177
7901.0	35188.0	306.0	2.0	5.0	4,4,4,4	0,3,9,44	1.0	21.542552947998047	0.22389286826319463
8258.0	35189.0	298.0	1.0	5.0	4,4,4,4	0,3,9,42	0.0	21.542552947998047	0.2328266404387055
8290.0	35190.0	298.0	1.0	5.0	4,4,4,4	0,3,8,41	0.0	21.542552947998047	0.2328266404387055
8726.0	35191.0	204.0	2.0	10.0	1,1,2,4,4,1,4,4,4	0,8,3,3,22,76,2,6,18	1.0	21.54254913330078	0.3687172278819747
8000.0	35192.0	297.0	4.0	5.0	4,4,4,4	0,4,12,43	1.0	21.542552947998047	0.23396814026196927
8255.0	35193.0	297.0	3.0	5.0	4,4,4,4	0,3,10,42	1.0	21.542552947998047	0.23396814026196927
8206.0	35194.0	297.0	3.0	5.0	4,4,4,4	0,4,11,42	1.0	21.542552947998047	0.23396814026196927
8221.0	35195.0	297.0	3.0	5.0	4,4,4,4	0,3,10,43	1.0	21.542552947998047	0.23396814026196927
7845.0	35196.0	306.0	3.0	5.0	3,4,4,4	0,3,10,46	1.0	21.542552947998047	0.22389286826319463
7903.0	35197.0	306.0	1.0	5.0	4,4,4,4	0,3,8,45	0.0	21.542552947998047	0.22389286826319463
7951.0	35198.0	295.0	3.0	5.0	4,4,4,4	0,4,14,45	1.0	21.542552947998047	0.23626795694443803
7991.0	35199.0	298.0	2.0	5.0	4,4,4,4	0,3,9,46	1.0	21.542552947998047	0.2328266404387055
7942.0	35200.0	296.0	1.0	5.0	4,4,4,4	0,4,13,46	0.0	21.542552947998047	0.2351152366176748
8575.0	35201.0	292.0	3.0	5.0	4,4,4,4	0,4,13,41	1.0	21.542552947998047	0.23976013815908154
7884.0	35202.0	306.0	3.0	5.0	4,4,4,4	0,3,9,45	1.0	21.542552947998047	0.22389286826319463
8647.0	35203.0	292.0	1.0	5.0	4,4,4,4	0,3,11,41	0.0	21.542552947998047	0.23976013815908154
8289.0	35204.0	292.0	3.0	5.0	4,4,4,4	0,3,13,42	1.0	21.542552947998047	0.23976013815908154
8220.0	35205.0	298.0	3.0	5.0	4,4,4,4	0,3,9,44	1.0	21.542552947998047	0.2328266404387055
8621.0	35206.0	204.0	1.0	12.0	1,1,4,4,1,4,4,1,4,4,4	0,6,2,6,36,2,7,58,2,6,19	0.0	21.542552947998047	0.36871729302491246
7856.0	35207.0	306.0	2.0	5.0	4,4,4,4	0,3,10,46	1.0	21.542552947998047	0.22389286826319463
8199.0	35208.0	298.0	2.0	5.0	4,4,4,4	0,3,10,44	1.0	21.542552947998047	0.2328266404387055
7945.0	35209.0	296.0	1.0	5.0	4,4,4,4	0,4,13,46	0.0	21.542552947998047	0.2351152366176748
7980.0	35210.0	297.0	1.0	5.0	4,4,4,4	0,3,10,47	0.0	21.542552947998047	0.23396814026196927
7911.0	35211.0	296.0	2.0	5.0	4,4,4,4	0,4,14,46	1.0	21.542552947998047	0.2351152366176748
8617.0	35212.0	289.0	4.0	5.0	4,4,4,4	0,3,12,44	1.0	21.542552947998047	0.2433039358933481
7997.0	35213.0	297.0	1.0	5.0	4,4,4,4	0,3,11,45	0.0	21.542552947998047	0.23396814026196927
8217.0	35214.0	298.0	3.0	5.0	4,4,4,4	0,3,9,44	1.0	21.542552947998047	0.2328266404387055
7842.0	35215.0	298.0	1.0	5.0	3,4,4,4	0,5,12,50	0.0	21.542552947998047	0.2328266404387055
8008.0	35216.0	297.0	3.0	5.0	4,4,4,4	0,3,10,45	1.0	21.542552947998047	0.23396814026196927
8004.0	35217.0	293.0	4.0	5.0	4,4,4,4	0,4,13,46	1.0	21.542552947998047	0.23859037993889035
8202.0	35218.0	298.0	2.0	5.0	4,4,4,4	0,3,9,44	1.0	21.542552947998047	0.2328266404387055
7995.0	35219.0	295.0	1.0	5.0	4,4,4,4	0,4,12,45	0.0	21.542552947998047	0.23626795694443803
7889.0	35220.0	296.0	4.0	5.0	4,4,4,4	0,4,14,48	1.0	21.542552947998047	0.2351152366176748
7971.0	35221.0	296.0	1.0	5.0	4,4,4,4	0,4,13,44	0.0	21.542552947998047	0.2351152366176748
7954.0	35222.0	298.0	2.0	5.0	4,4,4,4	0,3,10,47	1.0	21.542552947998047	0.2328266404387055
8619.0	35225.0	224.0	1.0	7.0	4,4,1,4,4,2	0,3,11,3,25,82	0.0	21.542552947998047	0.334358584477966
7947.0	35226.0	298.0	2.0	5.0	4,4,4,4	0,3,11,46	1.0	21.542552947998047	0.2328266404387055
7955.0	35227.0	298.0	4.0	5.0	4,4,4,4	0,3,10,47	1.0	21.542552947998047	0.2328266404387055
7994.0	35228.0	297.0	2.0	5.0	4,4,4,4	0,3,11,45	1.0	21.542552947998047	0.23396814026196927
8946.0	35267.0	119.0	1.0	8.0	4,1,4,1,3,3,1	0,4,3,9,2,7,80	0.0	21.54254913330078	0.5587761154177905
8944.0	35268.0	119.0	3.0	8.0	4,4,1,3,3,1,4	0,4,14,2,5,20,60	1.0	21.54254913330078	0.5587761154177905
8912.0	35269.0	119.0	3.0	5.0	4,4,4,1	0,3,11,94	1.0	21.542552947998047	0.5587761730053299
8954.0	35270.0	119.0	1.0	6.0	4,1,4,4,1	0,5,2,6,92	0.0	21.54254913330078	0.5587761154177905
8936.0	35271.0	119.0	1.0	8.0	4,4,1,1,1,1,1	0,5,17,4,6,14,60	0.0	21.54254913330078	0.5587761154177905
8921.0	35272.0	119.0	2.0	6.0	4,4,4,2,1	0,3,7,24,74	1.0	21.54254913330078	0.5587761154177905
8914.0	35273.0	119.0	1.0	6.0	4,4,4,2,1	0,3,8,23,74	0.0	21.54254913330078	0.5587761154177905
8957.0	35274.0	119.0	1.0	9.0	4,1,4,1,4,2,2,1	0,5,2,6,2,6,10,74	0.0	21.542552947998047	0.5587761730053299
8615.0	35275.0	295.0	4.0	5.0	4,4,4,4	0,3,12,45	1.0	21.542552947998047	0.23626795694443803
7936.0	35276.0	302.0	3.0	5.0	4,4,4,4	0,4,13,46	1.0	21.542552947998047	0.22831606236948215
8192.0	35277.0	303.0	4.0	5.0	4,4,4,4	0,3,10,45	1.0	21.542552947998047	0.22720213829182254
8261.0	35278.0	294.0	4.0	5.0	1,4,4,4	0,3,14,46	1.0	21.542552947998047	0.23742632881540088
7928.0	35279.0	304.0	4.0	5.0	4,4,4,4	0,3,9,49	1.0	21.542552947998047	0.22609364890341746
8626.0	35280.0	294.0	4.0	5.0	1,4,4,4	0,4,13,43	1.0	21.542552947998047	0.23742632881540088
7998.0	35281.0	304.0	1.0	5.0	4,4,4,4	0,3,9,46	0.0	21.542552947998047	0.22609364890341746
7914.0	35282.0	302.0	4.0	5.0	4,4,4,4	0,4,14,46	1.0	21.542552947998047	0.22831606236948215
7870.0	35283.0	304.0	4.0	5.0	4,4,4,4	0,4,12,49	1.0	21.542552947998047	0.22609364890341746
7855.0	35284.0	304.0	4.0	5.0	4,4,4,4	0,5,11,51	1.0	21.542552947998047	0.22609364890341746
7906.0	35285.0	302.0	4.0	5.0	4,4,4,4	0,4,14,46	1.0	21.542552947998047	0.22831606236948215
8002.0	35286.0	298.0	2.0	5.0	4,4,4,4	0,4,13,47	1.0	21.542552947998047	0.2328266404387055
7916.0	35287.0	304.0	1.0	5.0	4,4,4,4	0,3,10,49	0.0	21.542552947998047	0.22609364890341746
7920.0	35288.0	304.0	4.0	5.0	4,4,4,4	0,4,11,47	1.0	21.542552947998047	0.22609364890341746
8285.0	35289.0	295.0	2.0	5.0	4,4,4,4	0,4,13,44	1.0	21.542552947998047	0.23626795694443803
7982.0	35290.0	299.0	2.0	5.0	4,4,4,4	0,4,13,47	1.0	21.542552947998047	0.23169070984313675
7979.0	35291.0	298.0	2.0	5.0	4,4,4,4	0,4,14,47	1.0	21.542552947998047	0.2328266404387055
7939.0	35292.0	304.0	1.0	5.0	4,4,4,4	0,3,10,48	0.0	21.542552947998047	0.22609364890341746
8782.0	35293.0	236.0	1.0	13.0	1,1,1,1,1,1,1,1,4,4,4,4	0,3,2,2,3,18,9,2,2,5,10,48	0.0	21.542552947998047	0.31529992010868163
7950.0	35294.0	304.0	4.0	5.0	4,4,4,4	0,3,9,48	1.0	21.542552947998047	0.22609364890341746
7966.0	35295.0	304.0	4.0	5.0	4,4,4,4	0,3,9,47	1.0	21.542552947998047	0.22609364890341746
8578.0	35296.0	292.0	3.0	5.0	1,4,4,4	0,4,14,45	1.0	21.542552947998047	0.23976013815908154
7892.0	35297.0	303.0	4.0	5.0	4,4,4,4	0,4,13,48	1.0	21.542552947998047	0.22720213829182254
7896.0	35298.0	303.0	3.0	5.0	1,4,4,4	0,4,12,49	1.0	21.542552947998047	0.22720213829182254
7921.0	35299.0	304.0	4.0	5.0	4,4,4,4	0,3,9,50	1.0	21.542552947998047	0.22609364890341746
7904.0	35300.0	304.0	4.0	5.0	4,4,4,4	0,4,12,48	1.0	21.542552947998047	0.22609364890341746
8624.0	35301.0	290.0	4.0	5.0	4,4,4,4	0,4,13,47	1.0	21.542552947998047	0.24211688794950978
7957.0	35302.0	295.0	4.0	5.0	1,4,4,4	0,5,15,49	1.0	21.542552947998047	0.23626795694443803
7879.0	35303.0	302.0	4.0	5.0	4,4,4,4	0,4,14,49	1.0	21.542552947998047	0.22831606236948215
7881.0	35304.0	302.0	1.0	5.0	4,4,4,4	0,4,14,49	0.0	21.542552947998047	0.22831606236948215
7909.0	35305.0	304.0	4.0	5.0	4,4,4,4	0,3,10,49	1.0	21.542552947998047	0.22609364890341746
7968.0	35306.0	199.0	2.0	8.0	4,4,4,1,4,4,3	0,5,18,103,2,7,29	1.0	21.54254913330078	0.37784500822395206
8774.0	35307.0	237.0	1.0	11.0	1,1,1,1,1,1,2,4,4,4	0,5,2,3,18,9,2,3,6,55	0.0	21.542552947998047	0.31376161321494744
7880.0	35309.0	303.0	4.0	5.0	4,4,4,4	0,4,13,49	1.0	21.542552947998047	0.22720213829182254
8282.0	35310.0	293.0	4.0	5.0	4,4,4,4	0,4,13,46	1.0	21.542552947998047	0.23859037993889035
7933.0	35311.0	299.0	1.0	5.0	4,4,4,4	0,5,14,47	0.0	21.542552947998047	0.23169070984313675
7959.0	35312.0	298.0	2.0	5.0	4,4,4,4	0,4,14,48	1.0	21.542552947998047	0.2328266404387055
8269.0	35313.0	289.0	4.0	5.0	4,4,4,4	0,5,15,48	1.0	21.542552947998047	0.2433039358933481
8240.0	35314.0	293.0	4.0	5.0	4,4,4,4	0,4,15,47	1.0	21.542552947998047	0.23859037993889035
7970.0	35315.0	298.0	4.0	5.0	4,4,4,4	0,4,13,48	1.0	21.542552947998047	0.2328266404387055
7975.0	35316.0	295.0	1.0	5.0	4,4,4,4	0,4,15,49	0.0	21.542552947998047	0.23626795694443803
7987.0	35317.0	295.0	1.0	5.0	4,4,4,4	0,4,14,49	0.0	21.542552947998047	0.23626795694443803
7866.0	35318.0	303.0	4.0	5.0	4,4,4,4	0,4,12,50	1.0	21.542552947998047	0.22720213829182254
7956.0	35319.0	295.0	4.0	5.0	4,4,4,4	0,4,15,50	1.0	21.542552947998047	0.23626795694443803
8268.0	35320.0	293.0	4.0	5.0	4,4,4,4	0,4,13,47	1.0	21.542552947998047	0.23859037993889035
7898.0	35321.0	304.0	1.0	5.0	4,4,4,4	0,3,11,50	0.0	21.542552947998047	0.22609364890341746
8226.0	35322.0	290.0	4.0	5.0	4,4,4,4	0,4,15,50	1.0	21.542552947998047	0.24211688794950978
8252.0	35323.0	289.0	4.0	5.0	4,4,4,4	0,4,15,50	1.0	21.542552947998047	0.2433039358933481
8277.0	35324.0	287.0	3.0	5.0	4,4,4,4	0,5,15,50	1.0	21.542552947998047	0.2456955198502548
8273.0	35326.0	287.0	4.0	5.0	4,4,4,4	0,5,15,50	1.0	21.542552947998047	0.2456955198502548
7958.0	35327.0	294.0	4.0	5.0	4,4,4,4	0,5,14,51	1.0	21.542552947998047	0.23742632881540088
7863.0	35328.0	304.0	4.0	5.0	4,4,4,4	0,3,11,53	1.0	21.542552947998047	0.22609364890341746
7874.0	35329.0	304.0	4.0	5.0	4,4,4,4	0,3,9,53	1.0	21.542552947998047	0.22609364890341746
7858.0	35330.0	302.0	4.0	5.0	4,4,4,4	0,5,14,50	1.0	21.542552947998047	0.22831606236948215
7944.0	35331.0	295.0	4.0	5.0	4,4,4,4	0,4,15,51	1.0	21.542552947998047	0.23626795694443803
8797.0	35332.0	236.0	4.0	11.0	1,1,1,1,1,1,4,4,4,4	0,5,4,18,9,2,2,5,10,48	1.0	21.54254913330078	0.31529985566512164
8211.0	35333.0	214.0	1.0	9.0	1,4,1,1,4,4,4,2	0,4,12,4,3,7,27,89	0.0	21.54254913330078	0.35111785268020573
7964.0	35334.0	295.0	2.0	5.0	4,4,4,4	0,4,14,51	1.0	21.542552947998047	0.23626795694443803
8649.0	35335.0	284.0	3.0	5.0	4,4,4,4	0,5,15,49	1.0	21.542552947998047	0.24932704606328635
7973.0	35336.0	295.0	1.0	5.0	1,4,4,4	0,4,15,49	0.0	21.542552947998047	0.23626795694443803
8642.0	35337.0	237.0	4.0	14.0	1,1,4,1,4,1,1,4,1,4,1,4,4	0,5,2,6,3,25,9,2,6,2,6,3,47	1.0	21.542552947998047	0.31376161321494744
7940.0	35339.0	293.0	4.0	5.0	4,4,4,4	0,4,15,53	1.0	21.542552947998047	0.23859037993889035
7943.0	35340.0	295.0	1.0	5.0	4,4,4,4	0,4,15,51	0.0	21.542552947998047	0.23626795694443803
8573.0	35341.0	287.0	4.0	5.0	1,4,4,4	0,4,15,50	1.0	21.542552947998047	0.2456955198502548
8571.0	35343.0	287.0	2.0	5.0	4,4,4,4	0,5,15,49	1.0	21.542552947998047	0.2456955198502548
8244.0	35344.0	289.0	3.0	5.0	4,4,4,4	0,4,15,50	1.0	21.542552947998047	0.2433039358933481
7872.0	35345.0	304.0	2.0	5.0	4,4,4,4	0,3,10,52	1.0	21.542552947998047	0.22609364890341746
7876.0	35346.0	294.0	4.0	5.0	4,4,4,4	0,5,16,54	1.0	21.542552947998047	0.23742632881540088
7984.0	35347.0	293.0	4.0	5.0	4,4,4,4	0,4,14,52	1.0	21.542552947998047	0.23859037993889035
7851.0	35348.0	295.0	4.0	5.0	4,4,4,4	0,5,16,55	1.0	21.542552947998047	0.23626795694443803
7977.0	35349.0	295.0	4.0	5.0	4,4,4,4	0,4,14,50	1.0	21.542552947998047	0.23626795694443803
7923.0	35350.0	295.0	4.0	5.0	4,4,4,4	0,5,15,51	1.0	21.542552947998047	0.23626795694443803
8748.0	35351.0	199.0	1.0	10.0	4,4,1,4,4,1,4,4,4	0,6,36,2,7,59,2,8,27	0.0	21.542552947998047	0.3778450733433696
7965.0	35352.0	293.0	1.0	5.0	4,4,4,4	0,4,15,52	0.0	21.542552947998047	0.23859037993889035
7891.0	35353.0	293.0	4.0	5.0	4,4,4,4	0,5,15,55	1.0	21.542552947998047	0.23859037993889035
7922.0	35354.0	295.0	1.0	5.0	4,4,4,4	0,4,14,53	0.0	21.542552947998047	0.23626795694443803
7894.0	35356.0	295.0	1.0	5.0	4,4,4,4	0,5,15,53	0.0	21.542552947998047	0.23626795694443803
8824.0	35357.0	210.0	4.0	5.0	4,4,4,2	0,5,26,94	1.0	21.542552947998047	0.35805455095994404
8006.0	35358.0	216.0	4.0	7.0	4,4,1,4,4,2	0,4,13,4,28,96	1.0	21.542552947998047	0.34770015914188523
7925.0	35360.0	293.0	4.0	5.0	4,4,4,4	0,5,16,52	1.0	21.542552947998047	0.23859037993889035
7962.0	35361.0	293.0	4.0	5.0	4,4,4,4	0,5,15,51	1.0	21.542552947998047	0.23859037993889035
8262.0	35362.0	289.0	1.0	5.0	4,4,4,4	0,4,14,50	0.0	21.542552947998047	0.2433039358933481
7912.0	35363.0	293.0	4.0	5.0	4,4,4,4	0,5,15,53	1.0	21.542552947998047	0.23859037993889035
8650.0	35364.0	284.0	4.0	5.0	4,4,4,4	0,5,15,49	1.0	21.542552947998047	0.24932704606328635
7934.0	35365.0	293.0	4.0	5.0	4,4,4,4	0,5,16,51	1.0	21.542552947998047	0.23859037993889035
7843.0	35366.0	298.0	4.0	5.0	3,4,4,4	0,5,15,53	1.0	21.542552947998047	0.2328266404387055
8286.0	35367.0	287.0	4.0	5.0	4,4,4,4	0,5,14,50	1.0	21.542552947998047	0.2456955198502548
8616.0	35368.0	287.0	4.0	5.0	4,4,4,4	0,4,14,50	1.0	21.542552947998047	0.2456955198502548
7865.0	35369.0	295.0	4.0	5.0	4,1,4,4	0,5,15,56	1.0	21.542552947998047	0.23626795694443803
7908.0	35370.0	295.0	4.0	5.0	4,4,4,4	0,4,14,53	1.0	21.542552947998047	0.23626795694443803
8222.0	35371.0	287.0	4.0	5.0	4,4,4,4	0,4,15,53	1.0	21.542552947998047	0.2456955198502548
8829.0	35372.0	205.0	4.0	5.0	4,4,4,2	0,5,27,98	1.0	21.542552947998047	0.36691836978540227
8823.0	35373.0	209.0	1.0	5.0	4,4,4,2	0,5,27,94	0.0	21.542552947998047	0.35981001676862234
8266.0	35374.0	287.0	2.0	5.0	4,4,4,4	0,4,14,52	1.0	21.542552947998047	0.2456955198502548
7924.0	35375.0	293.0	4.0	5.0	4,4,4,4	0,4,16,53	1.0	21.542552947998047	0.23859037993889035
7893.0	35377.0	290.0	4.0	5.0	4,4,4,4	0,5,17,56	1.0	21.542552947998047	0.24211688794950978
8572.0	35379.0	284.0	4.0	5.0	4,4,4,4	0,5,15,52	1.0	21.542552947998047	0.24932704606328635
7867.0	35380.0	293.0	4.0	5.0	4,4,4,4	0,5,16,55	1.0	21.542552947998047	0.23859037993889035
8188.0	35381.0	284.0	4.0	5.0	4,4,4,4	0,5,16,56	1.0	21.542552947998047	0.24932704606328635
8802.0	35382.0	205.0	1.0	5.0	4,4,4,2	0,4,29,99	0.0	21.542552947998047	0.36691836978540227
8914.0	35401.0	6.0	4.0	7.0	4,4,4,2,1,1	0,3,8,23,74,119	1.0	21.542552947998047	0.9710815243367282
8936.0	35402.0	6.0	4.0	9.0	4,4,1,1,1,1,1,1	0,5,17,4,6,14,60,119	1.0	21.54254913330078	0.9710815192906888
8946.0	35403.0	6.0	4.0	9.0	4,1,4,1,3,3,1,1	0,4,3,9,2,7,80,119	1.0	21.54254913330078	0.9710815192906888
8954.0	35404.0	6.0	1.0	7.0	4,1,4,4,1,1	0,5,2,6,92,119	0.0	21.542552947998047	0.9710815243367282
8957.0	35405.0	6.0	1.0	10.0	4,1,4,1,4,2,2,1,1	0,5,2,6,2,6,10,74,119	0.0	21.542552947998047	0.9710815243367282
8930.0	35406.0	125.0	3.0	8.0	1,4,1,2,3,1,4	0,5,16,1,4,20,60	1.0	21.542552947998047	0.5426172178450591
8910.0	35407.0	125.0	1.0	5.0	4,4,2,1	0,5,18,85	0.0	21.542552947998047	0.5426172178450591
8950.0	35408.0	125.0	3.0	7.0	4,1,4,2,2,1	0,4,3,9,15,74	1.0	21.542552947998047	0.5426172178450591
8918.0	35409.0	125.0	3.0	6.0	1,1,4,4,1	0,4,3,7,94	1.0	21.542552947998047	0.5426172178450591
8942.0	35410.0	125.0	1.0	5.0	4,4,4,1	0,3,11,94	0.0	21.542552947998047	0.5426172178450591
8908.0	35411.0	125.0	1.0	5.0	4,4,4,1	0,4,15,89	0.0	21.542552947998047	0.5426172178450591
8971.0	35412.0	125.0	1.0	7.0	1,2,2,1,1,4	0,4,5,10,14,60	0.0	21.542552947998047	0.5426172178450591
8953.0	35413.0	125.0	1.0	8.0	4,4,1,2,1,2,1	0,4,13,3,5,6,74	0.0	21.54254913330078	0.5426171591032573
8952.0	35414.0	125.0	4.0	7.0	4,4,1,3,3,1	0,5,15,1,4,80	1.0	21.542552947998047	0.5426172178450591
8958.0	35415.0	125.0	1.0	8.0	4,3,1,2,4,2,1	0,4,5,2,3,11,80	0.0	21.54254913330078	0.5426171591032573
8926.0	35416.0	125.0	3.0	12.0	4,1,1,4,1,2,4,2,1,1,1	0,4,3,1,4,2,3,6,11,14,60	1.0	21.542552947998047	0.5426172178450591
8932.0	35417.0	125.0	3.0	5.0	4,4,4,1	0,3,9,94	1.0	21.542552947998047	0.5426172178450591
8935.0	35418.0	125.0	3.0	6.0	4,1,4,4,1	0,5,3,7,91	1.0	21.54254913330078	0.5426171591032573
8931.0	35419.0	125.0	1.0	5.0	4,4,4,1	0,3,10,93	0.0	21.542552947998047	0.5426172178450591
8949.0	35420.0	125.0	1.0	6.0	4,1,4,3,1	0,4,3,8,90	0.0	21.54254913330078	0.5426171591032573
8947.0	35421.0	125.0	1.0	8.0	4,4,1,2,2,2,1	0,4,14,2,5,6,74	0.0	21.54254913330078	0.5426171591032573
8933.0	35422.0	125.0	1.0	5.0	4,4,2,1	0,5,16,85	0.0	21.542552947998047	0.5426172178450591
8955.0	35423.0	125.0	4.0	8.0	4,1,4,2,1,3,1	0,4,3,10,14,14,60	1.0	21.54254913330078	0.5426171591032573
8925.0	35424.0	125.0	4.0	11.0	1,1,1,1,4,1,1,3,4,1	0,3,2,2,3,8,2,3,5,80	1.0	21.542552947998047	0.5426172178450591
8959.0	35425.0	125.0	4.0	7.0	4,1,4,4,2,1	0,5,2,5,19,74	1.0	21.542552947998047	0.5426172178450591
8937.0	35426.0	125.0	4.0	9.0	4,1,4,1,4,2,2,2	0,5,3,9,1,4,10,74	1.0	21.54254913330078	0.5426171591032573
8968.0	35427.0	125.0	4.0	7.0	1,1,3,2,2,2	0,4,2,7,6,74	1.0	21.54254913330078	0.5426171591032573
8915.0	35428.0	125.0	1.0	7.0	4,4,1,4,2,2	0,4,13,2,9,80	0.0	21.542552947998047	0.5426172178450591
8973.0	35429.0	125.0	4.0	7.0	1,1,1,1,4,2	0,3,2,3,5,80	1.0	21.542552947998047	0.5426172178450591
8986.0	35430.0	125.0	1.0	6.0	1,2,3,2,2	0,4,5,10,74	0.0	21.54254913330078	0.5426171591032573
8945.0	35431.0	125.0	4.0	7.0	4,4,1,4,3,2	0,4,11,2,8,80	1.0	21.542552947998047	0.5426172178450591
8972.0	35432.0	125.0	1.0	5.0	1,2,3,2	0,5,8,80	0.0	21.542552947998047	0.5426172178450591
8909.0	35433.0	125.0	4.0	5.0	4,4,2,2	0,5,15,88	1.0	21.542552947998047	0.5426172178450591
8928.0	35434.0	125.0	1.0	5.0	4,4,2,2	0,5,16,85	0.0	21.542552947998047	0.5426172178450591
8920.0	35435.0	125.0	1.0	5.0	4,4,2,2	0,4,15,89	0.0	21.542552947998047	0.5426172178450591
8956.0	35436.0	125.0	4.0	6.0	4,1,4,3,2	0,4,3,8,90	1.0	21.54254913330078	0.5426171591032573
8948.0	35437.0	125.0	1.0	7.0	4,1,4,4,2,2	0,5,2,6,18,74	0.0	21.542552947998047	0.5426172178450591
8927.0	35438.0	125.0	4.0	5.0	4,4,2,2	0,5,16,85	1.0	21.542552947998047	0.5426172178450591
8969.0	35439.0	125.0	4.0	5.0	1,2,4,2	0,5,8,80	1.0	21.542552947998047	0.5426172178450591
8964.0	35440.0	125.0	1.0	6.0	4,2,2,3,2	0,5,8,20,60	0.0	21.54254913330078	0.5426171591032573
8916.0	35441.0	125.0	4.0	5.0	4,4,3,2	0,4,13,91	1.0	21.542552947998047	0.5426172178450591
8970.0	35442.0	125.0	1.0	6.0	1,2,2,3,2	0,5,8,20,60	0.0	21.54254913330078	0.5426171591032573
8922.0	35443.0	125.0	4.0	5.0	4,4,3,2	0,4,13,91	1.0	21.542552947998047	0.5426172178450591
8917.0	35444.0	125.0	4.0	5.0	4,4,4,2	0,3,11,94	1.0	21.542552947998047	0.5426172178450591
8924.0	35445.0	125.0	4.0	5.0	4,4,4,2	0,4,14,90	1.0	21.542552947998047	0.5426172178450591
8923.0	35446.0	125.0	1.0	5.0	4,4,4,2	0,4,11,93	0.0	21.542552947998047	0.5426172178450591
8943.0	35447.0	125.0	1.0	5.0	4,4,4,2	0,4,14,87	0.0	21.542552947998047	0.5426172178450591
8913.0	35448.0	125.0	1.0	5.0	4,4,4,2	0,4,15,89	0.0	21.542552947998047	0.5426172178450591
8929.0	35449.0	125.0	4.0	5.0	4,4,4,2	0,5,16,85	1.0	21.542552947998047	0.5426172178450591
8919.0	35450.0	125.0	4.0	5.0	4,4,4,2	0,4,14,90	1.0	21.542552947998047	0.5426172178450591
8911.0	35451.0	125.0	4.0	5.0	4,4,4,2	0,5,15,88	1.0	21.542552947998047	0.5426172178450591
8921.0	35452.0	6.0	4.0	7.0	4,4,4,2,1,2	0,3,7,24,74,119	1.0	21.542552947998047	0.9710815243367282
8887.0	35481.0	185.0	2.0	5.0	4,4,4,1	0,3,11,38	1.0	21.542552947998047	0.4046229238576729
8890.0	35482.0	185.0	2.0	5.0	4,3,4,1	0,4,11,37	1.0	21.542552947998047	0.4046229238576729
8872.0	35483.0	185.0	4.0	13.0	4,1,1,4,1,1,2,4,1,2,1,1	0,3,3,2,6,2,2,3,7,4,6,14	1.0	21.542552947998047	0.4046229238576729
8885.0	35484.0	185.0	1.0	7.0	1,1,4,4,1,1	0,4,2,6,26,14	0.0	21.54254913330078	0.40462285902918654
8895.0	35485.0	185.0	2.0	5.0	1,4,2,1	0,5,15,31	1.0	21.542552947998047	0.4046229238576729
8965.0	35486.0	185.0	2.0	5.0	4,2,2,1	0,5,8,20	1.0	21.542552947998047	0.4046229238576729
8979.0	35487.0	199.0	1.0	5.0	1,2,2,3	0,4,5,10	0.0	21.542552947998047	0.3778450733433696
8879.0	35488.0	185.0	1.0	5.0	4,4,4,1	0,3,9,40	0.0	21.542552947998047	0.4046229238576729
8980.0	35489.0	185.0	1.0	5.0	1,4,1,1	0,3,16,14	0.0	21.542552947998047	0.4046229238576729
8983.0	35490.0	185.0	1.0	4.0	1,4,1	0,5,28	0.0	21.542552947998047	0.4046229238576729
8984.0	35491.0	199.0	3.0	5.0	1,2,2,3	0,4,5,10	1.0	21.542552947998047	0.3778450733433696
8889.0	35492.0	199.0	1.0	7.0	4,4,1,4,4,2	0,3,11,2,5,17	0.0	21.542552947998047	0.3778450733433696
8892.0	35493.0	185.0	1.0	6.0	4,4,2,1,2	0,5,15,17,14	0.0	21.54254913330078	0.40462285902918654
8976.0	35494.0	199.0	1.0	5.0	1,2,2,3	0,4,5,10	0.0	21.542552947998047	0.3778450733433696
8974.0	35495.0	205.0	4.0	4.0	1,4,3	0,3,10	1.0	21.542552947998047	0.36691836978540227
8960.0	35496.0	205.0	1.0	7.0	4,1,1,4,2,4	0,5,2,2,6,10	0.0	21.542552947998047	0.36691836978540227
8901.0	35497.0	199.0	1.0	7.0	4,4,1,4,2,3	0,5,15,2,5,10	0.0	21.542552947998047	0.3778450733433696
8878.0	35498.0	221.0	4.0	4.0	4,4,4	0,4,12	1.0	21.542552947998047	0.3393006036276187
8975.0	35499.0	185.0	1.0	5.0	1,4,2,2	0,3,10,20	0.0	21.542552947998047	0.4046229238576729
8982.0	35500.0	185.0	2.0	6.0	1,4,1,3,2	0,3,10,6,14	1.0	21.542552947998047	0.4046229238576729
8897.0	35501.0	185.0	1.0	14.0	1,1,4,1,1,4,1,1,1,2,1,3,3	0,3,2,5,3,2,6,2,3,1,4,6,14	0.0	21.542552947998047	0.4046229238576729
8881.0	35502.0	185.0	1.0	13.0	4,2,1,1,1,4,1,2,2,3,3,3	0,4,5,2,3,2,5,2,4,5,6,14	0.0	21.542552947998047	0.4046229238576729
8880.0	35503.0	185.0	2.0	11.0	4,4,1,2,1,1,4,2,3,2	0,3,8,3,4,2,2,5,11,14	1.0	21.542552947998047	0.4046229238576729
8898.0	35504.0	185.0	1.0	12.0	4,1,4,2,1,3,1,2,2,3,3	0,3,2,6,8,2,5,1,4,6,14	0.0	21.542552947998047	0.4046229238576729
8981.0	35505.0	185.0	2.0	8.0	1,1,1,3,1,3,3	0,4,2,2,5,6,14	1.0	21.542552947998047	0.4046229238576729
8886.0	35506.0	185.0	2.0	11.0	4,1,1,1,4,1,4,1,3,3	0,6,2,3,3,8,2,8,6,14	1.0	21.542552947998047	0.4046229238576729
8896.0	35507.0	210.0	1.0	6.0	4,1,4,4,3	0,3,2,5,16	0.0	21.542552947998047	0.35805455095994404
8985.0	35508.0	185.0	3.0	6.0	1,2,1,3,3	0,5,8,6,14	1.0	21.542552947998047	0.4046229238576729
8899.0	35509.0	185.0	3.0	5.0	4,4,2,2	0,5,16,30	1.0	21.542552947998047	0.4046229238576729
8876.0	35510.0	185.0	1.0	5.0	1,4,2,2	0,6,21,25	0.0	21.542552947998047	0.4046229238576729
8873.0	35511.0	205.0	3.0	5.0	4,4,2,4	0,4,14,14	1.0	21.542552947998047	0.36691836978540227
8875.0	35512.0	185.0	2.0	8.0	4,4,1,4,2,2,3	0,4,15,2,6,11,14	1.0	21.542552947998047	0.4046229238576729
8882.0	35513.0	185.0	1.0	5.0	4,4,4,2	0,3,8,41	0.0	21.542552947998047	0.4046229238576729
8900.0	35514.0	205.0	1.0	5.0	1,4,2,4	0,3,11,17	0.0	21.542552947998047	0.36691836978540227
8907.0	35515.0	185.0	1.0	9.0	4,4,1,4,1,1,4,3	0,4,12,2,6,1,4,20	0.0	21.542552947998047	0.4046229238576729
8977.0	35516.0	185.0	1.0	6.0	1,2,2,3,3	0,3,5,5,20	0.0	21.542552947998047	0.4046229238576729
8877.0	35517.0	185.0	3.0	5.0	4,4,4,2	0,3,8,41	1.0	21.542552947998047	0.4046229238576729
8883.0	35518.0	185.0	1.0	10.0	4,2,1,4,1,4,2,4,3	0,4,5,2,7,2,5,7,20	0.0	21.542552947998047	0.4046229238576729
8888.0	35519.0	185.0	2.0	5.0	4,4,4,2	0,3,11,38	1.0	21.542552947998047	0.4046229238576729
8902.0	35520.0	185.0	3.0	6.0	4,4,2,2,3	0,3,11,17,20	1.0	21.54254913330078	0.40462285902918654
8874.0	35521.0	185.0	2.0	6.0	4,4,1,4,3	0,6,21,5,20	1.0	21.54254913330078	0.40462285902918654
8884.0	35522.0	185.0	3.0	5.0	4,4,2,3	0,6,21,25	1.0	21.542552947998047	0.4046229238576729
8894.0	35523.0	185.0	1.0	5.0	4,4,2,3	0,5,17,29	0.0	21.542552947998047	0.4046229238576729
9011.0	35552.0	205.0	3.0	4.0	4,2,4	0,5,7	1.0	21.542552947998047	0.36691836978540227
9029.0	35553.0	185.0	1.0	4.0	4,3,1	0,5,27	0.0	21.542552947998047	0.4046229238576729
9015.0	35554.0	205.0	1.0	4.0	1,2,4	0,4,8	0.0	21.542552947998047	0.36691836978540227
9017.0	35555.0	185.0	1.0	6.0	1,1,2,1,2	0,4,3,5,20	0.0	21.542552947998047	0.4046229238576729
8991.0	35556.0	205.0	1.0	5.0	1,1,4,4	0,3,2,8	0.0	21.542552947998047	0.36691836978540227
9008.0	35557.0	185.0	2.0	7.0	1,1,1,2,3,2	0,5,3,1,4,20	1.0	21.542552947998047	0.4046229238576729
8989.0	35558.0	185.0	1.0	6.0	1,1,3,2,2	0,4,2,7,20	0.0	21.542552947998047	0.4046229238576729
9025.0	35559.0	185.0	1.0	5.0	4,2,3,2	0,5,7,20	0.0	21.542552947998047	0.4046229238576729
9021.0	35560.0	185.0	3.0	4.0	4,4,2	0,4,28	1.0	21.542552947998047	0.4046229238576729
9007.0	35561.0	185.0	1.0	6.0	1,1,4,1,3	0,5,1,7,20	0.0	21.542552947998047	0.4046229238576729
8994.0	35562.0	185.0	1.0	4.0	1,4,2	0,5,28	0.0	21.542552947998047	0.4046229238576729
8997.0	35563.0	185.0	1.0	5.0	1,2,1,3	0,5,8,20	0.0	21.542552947998047	0.4046229238576729
9010.0	35564.0	185.0	1.0	7.0	1,2,1,2,3,3	0,3,4,1,4,20	0.0	21.542552947998047	0.4046229238576729
9005.0	35565.0	185.0	1.0	8.0	1,1,1,2,2,3,3	0,3,1,2,3,4,20	0.0	21.542552947998047	0.4046229238576729
9004.0	35566.0	185.0	2.0	5.0	1,2,2,3	0,5,8,20	1.0	21.542552947998047	0.4046229238576729
9016.0	35567.0	185.0	1.0	7.0	1,2,1,2,3,3	0,3,4,1,4,20	0.0	21.542552947998047	0.4046229238576729
8999.0	35568.0	185.0	1.0	6.0	1,1,4,2,3	0,4,2,7,20	0.0	21.542552947998047	0.4046229238576729
9006.0	35569.0	185.0	4.0	5.0	1,2,2,3	0,4,5,24	1.0	21.542552947998047	0.4046229238576729
8992.0	35570.0	185.0	1.0	5.0	1,2,2,3	0,4,5,24	0.0	21.542552947998047	0.4046229238576729
9022.0	35571.0	185.0	2.0	6.0	4,2,2,2,3	0,3,4,5,20	1.0	21.542552947998047	0.4046229238576729
9000.0	35572.0	185.0	1.0	5.0	1,2,2,3	0,4,5,24	0.0	21.542552947998047	0.4046229238576729
9027.0	35573.0	185.0	1.0	7.0	4,2,1,2,4,3	0,3,4,1,4,20	0.0	21.542552947998047	0.4046229238576729
8995.0	35574.0	185.0	1.0	5.0	1,2,2,3	0,4,5,24	0.0	21.542552947998047	0.4046229238576729
9002.0	35575.0	185.0	3.0	5.0	1,2,2,3	0,4,5,24	1.0	21.542552947998047	0.4046229238576729
9013.0	35576.0	185.0	1.0	6.0	1,2,2,4,3	0,3,4,5,20	0.0	21.542552947998047	0.4046229238576729
8990.0	35577.0	185.0	2.0	5.0	1,2,2,3	0,4,5,24	1.0	21.542552947998047	0.4046229238576729
9014.0	35578.0	185.0	2.0	6.0	4,1,3,4,3	0,5,2,5,20	1.0	21.542552947998047	0.4046229238576729
9024.0	35579.0	185.0	1.0	6.0	4,2,2,4,3	0,3,4,5,20	0.0	21.542552947998047	0.4046229238576729
8993.0	35580.0	185.0	1.0	6.0	1,1,3,4,3	0,5,3,5,20	0.0	21.542552947998047	0.4046229238576729
9009.0	35581.0	185.0	3.0	6.0	4,2,2,4,3	0,3,4,5,20	1.0	21.542552947998047	0.4046229238576729
9001.0	35582.0	185.0	1.0	6.0	1,2,2,4,3	0,3,5,5,20	0.0	21.542552947998047	0.4046229238576729
8996.0	35583.0	185.0	1.0	6.0	1,1,4,3,3	0,4,2,7,20	0.0	21.542552947998047	0.4046229238576729
9026.0	35584.0	185.0	1.0	5.0	4,2,3,3	0,4,8,20	0.0	21.542552947998047	0.4046229238576729
9028.0	35585.0	185.0	1.0	6.0	4,2,2,4,3	0,3,4,5,20	0.0	21.542552947998047	0.4046229238576729
8988.0	35586.0	185.0	2.0	6.0	1,2,2,4,3	0,3,5,5,20	1.0	21.542552947998047	0.4046229238576729
8998.0	35587.0	185.0	1.0	6.0	1,1,4,3,3	0,3,2,8,20	0.0	21.542552947998047	0.4046229238576729
9018.0	35588.0	185.0	3.0	4.0	4,4,3	0,5,27	1.0	21.542552947998047	0.4046229238576729
9023.0	35589.0	185.0	1.0	4.0	4,4,3	0,4,28	0.0	21.542552947998047	0.4046229238576729
9012.0	35590.0	185.0	1.0	4.0	4,4,3	0,5,27	0.0	21.542552947998047	0.4046229238576729
8677.0	35632.0	205.0	1.0	14.0	4,1,1,4,1,1,4,4,4,1,4,4,1	0,3,3,2,6,3,2,5,26,74,2,5,18	0.0	21.542552947998047	0.36691836978540227
8814.0	35633.0	205.0	1.0	16.0	1,1,4,1,1,4,4,1,1,4,4,1,2,4,1	0,3,3,27,2,2,5,40,18,2,5,12,2,3,8	0.0	21.542552947998047	0.36691836978540227
8514.0	35634.0	228.0	1.0	9.0	1,1,4,4,4,1,4,4	0,3,2,6,21,91,2,6	0.0	21.542552947998047	0.3278810160366522
8504.0	35635.0	226.0	1.0	11.0	1,1,4,4,1,4,4,1,4,4	0,3,2,6,17,1,18,76,2,8	0.0	21.542552947998047	0.3311039601080185
8963.0	35636.0	217.0	1.0	3.0	4,4	0,5	0.0	21.542552947998047	0.34600377573786767
8598.0	35637.0	228.0	1.0	8.0	1,4,4,1,4,4,4	0,5,16,80,18,2,7	0.0	21.542552947998047	0.3278810160366522
8738.0	35638.0	214.0	1.0	11.0	4,4,2,1,1,4,1,1,4,2	0,6,36,49,18,2,6,3,3,9	0.0	21.542552947998047	0.35111791775464424
8837.0	35639.0	228.0	3.0	9.0	4,4,1,4,4,1,4,4	0,4,27,2,7,58,2,7	1.0	21.542552947998047	0.3278810160366522
8688.0	35640.0	228.0	1.0	10.0	4,4,4,1,4,4,1,4,4	0,3,11,35,2,7,56,2,7	0.0	21.542552947998047	0.3278810160366522
8857.0	35641.0	226.0	1.0	8.0	1,1,4,4,1,4,4	0,4,4,11,48,2,8	0.0	21.542552947998047	0.3311039601080185
8328.0	35642.0	228.0	1.0	11.0	4,4,1,4,4,1,4,1,4,4	0,5,16,2,6,28,9,66,2,7	0.0	21.542552947998047	0.3278810160366522
8417.0	35643.0	228.0	4.0	7.0	1,4,4,1,4,4	0,5,18,103,2,7	1.0	21.54254913330078	0.32788095129335987
8906.0	35644.0	205.0	1.0	5.0	4,4,1,3	0,6,21,4	0.0	21.542552947998047	0.36691836978540227
8846.0	35645.0	222.0	1.0	14.0	1,1,1,1,1,1,1,4,4,1,3,4,4	0,4,1,18,9,2,2,4,11,48,2,4,8	0.0	21.542552947998047	0.3376452005516249
8839.0	35646.0	228.0	2.0	9.0	4,4,1,4,4,1,4,4	0,5,26,2,7,58,2,7	1.0	21.54254913330078	0.32788095129335987
8500.0	35647.0	228.0	1.0	7.0	1,4,4,1,4,4	0,5,17,100,2,7	0.0	21.54254913330078	0.32788095129335987
8563.0	35648.0	216.0	1.0	12.0	1,1,1,4,4,2,2,1,4,4,2	0,5,3,2,6,28,20,55,2,5,14	0.0	21.542552947998047	0.34770015914188523
8299.0	35649.0	216.0	1.0	12.0	4,4,1,4,4,1,4,1,1,4,2	0,5,18,2,6,28,9,66,2,5,14	0.0	21.542552947998047	0.34770015914188523
8410.0	35650.0	216.0	1.0	9.0	4,2,4,4,1,4,4,2	0,5,6,19,97,2,5,14	0.0	21.542552947998047	0.34770015914188523
8962.0	35651.0	214.0	2.0	4.0	4,4,2	0,4,12	1.0	21.542552947998047	0.35111791775464424
8562.0	35652.0	221.0	1.0	12.0	1,1,4,2,1,4,4,4,1,4,4	0,4,2,6,7,2,8,24,73,2,7	0.0	21.54254913330078	0.33930053868638
8519.0	35653.0	304.0	1.0	8.0	1,1,4,1,4,4,4	0,3,2,7,2,7,33	0.0	21.542552947998047	0.22609364890341746
8670.0	35654.0	210.0	1.0	15.0	4,4,1,1,1,4,4,1,1,1,4,1,4,3	0,6,36,9,2,2,5,39,18,2,5,12,2,6	0.0	21.542552947998047	0.35805455095994404
8332.0	35655.0	213.0	1.0	11.0	4,4,1,1,4,4,4,1,4,4	0,4,15,2,2,6,28,94,1,4	0.0	21.542552947998047	0.35283937471638394
8862.0	35656.0	226.0	1.0	7.0	1,4,4,1,4,4	0,4,11,52,2,8	0.0	21.54254913330078	0.33110389530183054
8458.0	35657.0	304.0	2.0	6.0	4,2,2,4,4	0,5,6,10,36	1.0	21.54254913330078	0.22609358937756907
8807.0	35658.0	216.0	1.0	13.0	4,1,4,1,1,4,4,1,1,3,4,2	0,6,1,18,9,2,6,40,18,2,5,14	0.0	21.542552947998047	0.34770015914188523
8474.0	35659.0	212.0	1.0	10.0	4,4,4,2,1,4,1,4,2	0,4,13,44,64,2,8,3,11	0.0	21.542552947998047	0.35456927161787405
8692.0	35660.0	215.0	1.0	11.0	4,1,4,4,1,4,1,4,4,2	0,3,2,6,28,9,66,2,5,15	0.0	21.542552947998047	0.34940485955529754
8420.0	35661.0	205.0	1.0	15.0	4,1,4,1,4,4,1,4,4,1,4,4,1,3	0,5,2,6,2,8,36,2,7,58,2,6,20,4	0.0	21.542552947998047	0.36691836978540227
8607.0	35662.0	312.0	1.0	6.0	1,1,4,4,4	0,3,2,5,33	0.0	21.542552947998047	0.21741822780114534
8552.0	35663.0	212.0	1.0	12.0	1,1,1,4,1,4,4,4,1,4,4	0,4,2,3,9,2,6,27,85,2,5	0.0	21.54254913330078	0.35456920651792917
8495.0	35664.0	205.0	4.0	14.0	1,1,2,1,4,4,4,1,4,1,1,4,2	0,5,2,4,2,6,28,83,3,8,2,2,9	1.0	21.542552947998047	0.36691836978540227
8543.0	35665.0	312.0	1.0	6.0	1,1,4,4,4	0,5,2,5,33	0.0	21.542552947998047	0.21741822780114534
8754.0	35666.0	304.0	1.0	4.0	1,4,4	0,5,31	0.0	21.542552947998047	0.22609364890341746
8668.0	35667.0	215.0	3.0	13.0	1,1,4,4,1,1,4,4,1,4,4,2	0,3,3,8,36,2,2,6,57,2,5,15	1.0	21.542552947998047	0.34940485955529754
8451.0	35668.0	205.0	2.0	9.0	4,4,2,2,4,1,4,2	0,4,18,36,22,67,2,8	1.0	21.542552947998047	0.36691836978540227
8845.0	35669.0	214.0	2.0	12.0	1,1,1,3,1,4,4,1,4,4,2	0,5,18,9,8,2,5,51,2,6,15	1.0	21.542552947998047	0.35111791775464424
8529.0	35670.0	214.0	1.0	11.0	1,1,4,4,2,3,1,4,4,2	0,3,2,5,13,31,68,2,5,15	0.0	21.54254913330078	0.35111785268020573
8360.0	35671.0	226.0	1.0	10.0	4,4,4,1,4,4,1,4,4	0,5,15,51,2,9,48,2,8	0.0	21.542552947998047	0.3311039601080185
8861.0	35672.0	219.0	1.0	7.0	4,4,4,1,4,4	0,5,16,54,2,7	0.0	21.542552947998047	0.3426357978456042
8468.0	35673.0	226.0	1.0	10.0	1,4,4,1,4,4,1,4,4	0,3,10,44,2,7,58,2,9	0.0	21.542552947998047	0.3311039601080185
8558.0	35674.0	312.0	2.0	6.0	1,1,4,4,4	0,3,2,6,33	1.0	21.542552947998047	0.21741822780114534
8381.0	35675.0	226.0	3.0	10.0	4,4,4,1,4,4,1,4,4	0,3,10,48,2,7,58,2,9	1.0	21.542552947998047	0.3311039601080185
8765.0	35676.0	304.0	1.0	4.0	4,4,4	0,5,31	0.0	21.542552947998047	0.22609364890341746
8395.0	35677.0	214.0	3.0	9.0	4,4,4,2,1,4,4,2	0,3,9,40,75,2,5,16	1.0	21.542552947998047	0.35111791775464424
8905.0	35678.0	209.0	1.0	7.0	4,1,1,4,4,2	0,6,2,2,5,12	0.0	21.542552947998047	0.35981001676862234
8470.0	35679.0	215.0	1.0	14.0	1,1,1,4,4,4,1,1,1,1,4,4,2	0,3,2,2,6,15,49,2,27,18,2,5,15	0.0	21.542552947998047	0.34940485955529754
8459.0	35680.0	226.0	1.0	10.0	4,4,4,1,4,4,1,4,4	0,3,10,44,2,7,58,2,9	0.0	21.542552947998047	0.3311039601080185
8693.0	35681.0	210.0	3.0	12.0	4,4,1,4,1,4,1,4,1,4,3	0,5,16,18,76,2,5,3,8,2,6	1.0	21.542552947998047	0.35805455095994404
8512.0	35682.0	226.0	1.0	10.0	1,4,4,1,4,4,1,4,4	0,4,11,41,2,6,58,2,9	0.0	21.54254913330078	0.33110389530183054
8689.0	35683.0	205.0	1.0	13.0	4,4,1,4,4,1,1,1,4,4,1,4	0,5,15,1,18,76,2,4,2,5,14,4	0.0	21.542552947998047	0.36691836978540227
8759.0	35684.0	212.0	1.0	8.0	4,4,3,1,4,4,2	0,5,31,68,2,5,17	0.0	21.54254913330078	0.35456920651792917
8630.0	35685.0	304.0	1.0	7.0	1,1,1,4,4,4	0,4,3,2,7,35	0.0	21.54254913330078	0.22609358937756907
8339.0	35687.0	312.0	2.0	7.0	4,4,1,4,4,4	0,3,11,2,6,34	1.0	21.542552947998047	0.21741822780114534
8836.0	35728.0	205.0	1.0	18.0	1,1,1,1,1,1,4,4,1,1,1,4,4,1,4,3,3	0,4,1,18,8,2,2,5,13,27,18,2,5,13,1,4,7	0.0	21.542552947998047	0.36691836978540227
8601.0	35729.0	255.0	1.0	13.0	1,1,4,4,1,1,4,1,1,4,1,4	0,3,2,5,33,9,2,6,2,3,8,27	0.0	21.542552947998047	0.2873206785346096
8597.0	35730.0	214.0	1.0	12.0	1,1,4,1,4,1,4,1,4,4,2	0,3,2,6,5,28,9,66,2,5,16	0.0	21.54254913330078	0.35111785268020573
8439.0	35731.0	215.0	2.0	16.0	1,1,1,4,1,4,1,4,4,1,4,1,1,4,4	0,4,2,2,6,2,6,3,25,76,2,5,3,3,8	1.0	21.542552947998047	0.34940485955529754
8518.0	35732.0	205.0	1.0	14.0	4,4,4,1,1,1,4,1,4,4,1,3,3	0,4,15,49,2,4,2,45,2,6,15,2,7	0.0	21.542552947998047	0.36691836978540227
8764.0	35733.0	210.0	1.0	11.0	1,1,1,4,1,4,4,1,4,4	0,3,2,2,21,8,22,63,2,7	0.0	21.542552947998047	0.35805455095994404
8599.0	35734.0	312.0	1.0	5.0	1,4,4,4	0,3,7,34	0.0	21.542552947998047	0.21741822780114534
8593.0	35735.0	205.0	3.0	11.0	4,1,4,4,2,4,1,4,2,3	0,3,2,6,33,23,70,2,5,7	1.0	21.542552947998047	0.36691836978540227
8320.0	35736.0	205.0	1.0	14.0	4,4,4,1,4,4,1,4,1,4,1,3,3	0,4,14,51,2,8,54,2,8,3,9,2,7	0.0	21.542552947998047	0.36691836978540227
8891.0	35737.0	221.0	1.0	5.0	4,1,4,4	0,3,4,9	0.0	21.542552947998047	0.3393006036276187
8813.0	35738.0	209.0	2.0	16.0	1,1,1,1,1,1,4,4,1,1,4,1,4,4,2	0,6,1,18,9,2,2,5,39,18,2,5,2,5,14	1.0	21.542552947998047	0.35981001676862234
8515.0	35739.0	210.0	4.0	11.0	1,4,1,1,4,4,1,4,4,2	0,4,14,3,2,23,76,2,5,19	1.0	21.54254913330078	0.35805448584027905
8843.0	35740.0	212.0	1.0	12.0	1,4,1,1,4,4,1,4,4,4,2	0,5,26,2,2,5,40,18,2,6,17	0.0	21.542552947998047	0.35456927161787405
8681.0	35741.0	312.0	1.0	4.0	4,4,4	0,5,34	0.0	21.542552947998047	0.21741822780114534
8516.0	35742.0	304.0	1.0	7.0	1,1,1,4,4,4	0,5,2,3,8,36	0.0	21.54254913330078	0.22609358937756907
8760.0	35743.0	304.0	2.0	4.0	4,4,4	0,4,32	1.0	21.542552947998047	0.22609364890341746
8482.0	35744.0	255.0	2.0	5.0	4,4,4,2	0,4,16,85	1.0	21.542552947998047	0.2873206785346096
8840.0	35745.0	205.0	2.0	7.0	4,4,4,1,4,3	0,5,26,90,2,7	1.0	21.542552947998047	0.36691836978540227
8438.0	35746.0	210.0	1.0	10.0	1,1,4,4,3,1,4,4,2	0,5,2,7,36,76,2,6,18	0.0	21.54254913330078	0.35805448584027905
8551.0	35747.0	210.0	2.0	10.0	1,1,4,4,4,1,4,4,2	0,5,2,5,15,93,2,6,19	1.0	21.54254913330078	0.35805448584027905
8660.0	35748.0	255.0	1.0	14.0	1,1,1,4,1,4,4,1,1,4,4,1,4	0,3,2,2,8,3,7,27,2,2,5,12,27	0.0	21.542552947998047	0.2873206785346096
8596.0	35749.0	216.0	1.0	18.0	1,1,1,1,1,4,1,4,1,4,2,4,4,1,4,4,4	0,4,2,2,2,2,5,2,6,1,18,9,14,53,2,5,13	0.0	21.542552947998047	0.34770015914188523
8550.0	35750.0	210.0	1.0	9.0	4,4,4,1,1,4,4,2	0,4,16,82,18,2,6,19	0.0	21.54254913330078	0.35805448584027905
8538.0	35751.0	205.0	1.0	9.0	1,4,1,4,4,1,4,3	0,3,9,5,28,97,2,8	0.0	21.542552947998047	0.36691836978540227
8487.0	35752.0	312.0	2.0	6.0	4,1,4,4,4	0,3,2,7,36	1.0	21.542552947998047	0.21741822780114534
8367.0	35753.0	312.0	2.0	7.0	4,4,1,4,4,4	0,3,8,2,7,34	1.0	21.542552947998047	0.21741822780114534
8608.0	35754.0	209.0	1.0	11.0	1,4,1,4,1,4,1,4,4,2	0,5,17,2,19,9,66,2,7,19	0.0	21.54254913330078	0.3598099516413033
8679.0	35755.0	217.0	1.0	16.0	1,1,4,1,4,1,1,1,4,2,4,1,4,4,4	0,6,2,6,3,7,18,9,2,6,7,51,2,5,13	0.0	21.542552947998047	0.34600377573786767
8318.0	35756.0	205.0	2.0	11.0	4,4,4,1,3,4,1,4,4,2	0,4,11,50,2,7,59,2,6,23	1.0	21.542552947998047	0.36691836978540227
8379.0	35757.0	205.0	1.0	9.0	4,2,4,4,1,4,4,2	0,5,7,19,97,2,7,23	0.0	21.542552947998047	0.36691836978540227
8735.0	35758.0	304.0	1.0	4.0	4,4,4	0,6,36	0.0	21.542552947998047	0.22609364890341746
8756.0	35759.0	209.0	1.0	9.0	4,4,4,1,4,1,4,4	0,3,25,83,3,8,2,7	0.0	21.54254913330078	0.3598099516413033
8505.0	35761.0	255.0	1.0	9.0	4,1,1,4,4,3,1,4	0,4,2,2,6,18,45,27	0.0	21.54254913330078	0.28732061508181994
8676.0	35762.0	304.0	1.0	6.0	4,1,4,4,4	0,4,2,8,36	0.0	21.54254913330078	0.22609358937756907
8678.0	35763.0	312.0	1.0	4.0	4,4,4	0,6,36	0.0	21.542552947998047	0.21741822780114534
8375.0	35764.0	205.0	1.0	12.0	1,4,4,1,1,4,4,1,4,4,2	0,3,10,48,2,2,6,57,2,7,23	0.0	21.54254913330078	0.3669183046425181
8485.0	35765.0	217.0	1.0	14.0	4,1,4,1,4,1,4,1,4,1,4,4,4	0,5,2,7,2,7,2,5,18,76,2,5,12	0.0	21.542552947998047	0.34600377573786767
8430.0	35766.0	205.0	2.0	8.0	4,4,4,1,4,4,2	0,5,18,103,2,6,24	1.0	21.54254913330078	0.3669183046425181
8496.0	35767.0	295.0	2.0	7.0	1,4,1,4,4,4	0,4,15,3,10,32	1.0	21.54254913330078	0.23626789658148323
8961.0	35768.0	215.0	2.0	4.0	4,4,4	0,4,11	1.0	21.542552947998047	0.34940485955529754
8592.0	35769.0	205.0	1.0	11.0	1,1,4,4,1,4,1,4,4,2	0,4,2,5,33,8,67,2,7,23	0.0	21.54254913330078	0.3669183046425181
8307.0	35770.0	304.0	2.0	7.0	1,4,1,4,4,4	0,5,16,2,8,36	1.0	21.54254913330078	0.22609358937756907
8445.0	35771.0	295.0	1.0	7.0	4,4,1,4,4,4	0,5,17,3,10,32	0.0	21.542552947998047	0.23626795694443803
8683.0	35773.0	303.0	1.0	5.0	4,4,4,4	0,3,11,34	0.0	21.542552947998047	0.22720213829182254
8733.0	35774.0	205.0	2.0	7.0	4,4,4,1,4,4	0,6,28,97,2,8	1.0	21.542552947998047	0.36691836978540227
9007.0	35824.0	1.0	2.0	7.0	1,1,4,1,3,1	0,5,1,7,20,185	1.0	21.54254913330078	0.995121130493983
9010.0	35825.0	1.0	1.0	8.0	1,2,1,2,3,3,1	0,3,4,1,4,20,185	0.0	21.542552947998047	0.995121131355809
8979.0	35827.0	1.0	2.0	6.0	1,2,2,3,1	0,4,5,10,199	1.0	21.54254913330078	0.995121130493983
8885.0	35828.0	1.0	1.0	8.0	1,1,4,4,1,1,1	0,4,2,6,26,14,185	0.0	21.542552947998047	0.995121131355809
8892.0	35829.0	1.0	1.0	7.0	4,4,2,1,2,1	0,5,15,17,14,185	0.0	21.542552947998047	0.995121131355809
8976.0	35830.0	1.0	2.0	6.0	1,2,2,3,1	0,4,5,10,199	1.0	21.54254913330078	0.995121130493983
8879.0	35831.0	1.0	2.0	6.0	4,4,4,1,1	0,3,9,40,185	1.0	21.54254913330078	0.995121130493983
8915.0	35834.0	1.0	3.0	8.0	4,4,1,4,2,2,1	0,4,13,2,9,80,125	1.0	21.54254913330078	0.995121130493983
8970.0	35835.0	1.0	3.0	7.0	1,2,2,3,2,1	0,5,8,20,60,125	1.0	21.542552947998047	0.995121131355809
8923.0	35836.0	1.0	3.0	6.0	4,4,4,2,1	0,4,11,93,125	1.0	21.54254913330078	0.995121130493983
8958.0	35837.0	1.0	1.0	9.0	4,3,1,2,4,2,1,1	0,4,5,2,3,11,80,125	0.0	21.542552947998047	0.995121131355809
8278.0	35840.0	285.0	2.0	5.0	1,4,4,4	0,5,16,52	1.0	21.542552947998047	0.24811061215609945
7937.0	35841.0	206.0	1.0	8.0	4,4,1,4,4,4,2	0,5,20,3,7,27,98	0.0	21.54254913330078	0.3651281581147983
7860.0	35842.0	294.0	3.0	5.0	4,4,4,4	0,5,16,57	1.0	21.542552947998047	0.23742632881540088
7850.0	35843.0	296.0	2.0	5.0	4,4,4,4	0,5,15,56	1.0	21.542552947998047	0.2351152366176748
8276.0	35844.0	285.0	3.0	5.0	4,4,4,4	0,5,15,53	1.0	21.542552947998047	0.24811061215609945
8265.0	35845.0	285.0	1.0	5.0	4,4,4,4	0,5,15,53	0.0	21.542552947998047	0.24811061215609945
8242.0	35846.0	285.0	1.0	5.0	4,4,4,4	0,4,15,55	0.0	21.542552947998047	0.24811061215609945
8263.0	35847.0	285.0	1.0	5.0	4,4,4,4	0,4,16,53	0.0	21.542552947998047	0.24811061215609945
8198.0	35848.0	285.0	3.0	5.0	4,4,4,4	0,5,17,55	1.0	21.542552947998047	0.24811061215609945
8818.0	35849.0	206.0	1.0	5.0	1,4,4,2	0,4,29,99	0.0	21.542552947998047	0.3651282232560786
8248.0	35850.0	285.0	1.0	5.0	4,4,4,4	0,4,15,55	0.0	21.542552947998047	0.24811061215609945
8190.0	35851.0	285.0	3.0	5.0	4,4,4,4	0,5,16,56	1.0	21.542552947998047	0.24811061215609945
7890.0	35852.0	291.0	3.0	5.0	4,4,4,4	0,5,17,56	1.0	21.542552947998047	0.2409356314566638
7996.0	35853.0	206.0	3.0	8.0	1,4,1,4,4,4,2	0,5,18,2,7,27,98	1.0	21.542552947998047	0.3651282232560786
7907.0	35854.0	291.0	3.0	5.0	4,4,4,4	0,5,16,55	1.0	21.542552947998047	0.2409356314566638
8789.0	35855.0	206.0	3.0	5.0	4,4,4,2	0,5,30,99	1.0	21.542552947998047	0.3651282232560786
8778.0	35856.0	238.0	2.0	8.0	1,1,1,1,1,4,4	0,4,2,4,18,9,66	1.0	21.54254913330078	0.31223074716139587
7897.0	35857.0	291.0	3.0	5.0	4,4,4,4	0,5,17,56	1.0	21.542552947998047	0.2409356314566638
8648.0	35858.0	237.0	1.0	11.0	1,1,1,1,1,1,1,4,4,4	0,5,2,2,4,3,2,2,21,76	0.0	21.542552947998047	0.31376161321494744
8260.0	35859.0	238.0	3.0	12.0	1,1,4,1,4,1,1,1,4,4,4	0,5,2,6,5,28,9,2,2,5,57	1.0	21.54254913330078	0.31223074716139587
8213.0	35860.0	285.0	3.0	5.0	4,4,4,4	0,5,15,56	1.0	21.542552947998047	0.24811061215609945
8195.0	35861.0	285.0	3.0	5.0	4,4,4,4	0,5,16,56	1.0	21.542552947998047	0.24811061215609945
7953.0	35862.0	237.0	3.0	12.0	4,4,1,4,1,1,4,1,4,4,4	0,5,19,3,25,9,2,6,2,6,51	1.0	21.542552947998047	0.31376161321494744
7993.0	35863.0	200.0	3.0	8.0	4,4,1,4,4,4,2	0,5,18,2,7,27,104	1.0	21.54254913330078	0.37600155173532746
8712.0	35864.0	238.0	1.0	6.0	4,4,4,1,4	0,4,13,49,47	0.0	21.54254913330078	0.31223074716139587
8194.0	35865.0	285.0	3.0	5.0	4,4,4,4	0,4,17,56	1.0	21.542552947998047	0.24811061215609945
7986.0	35866.0	285.0	3.0	5.0	4,4,4,4	0,5,17,56	1.0	21.542552947998047	0.24811061215609945
8203.0	35867.0	285.0	1.0	5.0	4,4,4,4	0,5,16,55	0.0	21.542552947998047	0.24811061215609945
8801.0	35868.0	200.0	2.0	5.0	4,4,4,2	0,4,29,105	1.0	21.542552947998047	0.3760016168626726
8237.0	35869.0	238.0	2.0	6.0	4,4,4,1,4	0,4,15,56,47	1.0	21.54254913330078	0.31223074716139587
8798.0	35870.0	200.0	2.0	5.0	4,4,4,2	0,5,30,105	1.0	21.542552947998047	0.3760016168626726
8850.0	35871.0	238.0	1.0	6.0	4,4,1,4,4	0,3,11,2,50	0.0	21.54254913330078	0.31223074716139587
8570.0	35872.0	237.0	1.0	7.0	4,4,4,1,4,4	0,5,15,49,3,48	0.0	21.542552947998047	0.31376161321494744
7853.0	35873.0	291.0	1.0	5.0	4,4,4,4	0,5,16,60	0.0	21.542552947998047	0.2409356314566638
8582.0	35874.0	237.0	2.0	8.0	1,4,4,1,4,4,4	0,4,12,44,2,9,48	1.0	21.542552947998047	0.31376161321494744
8012.0	35875.0	237.0	2.0	7.0	2,4,4,1,4,4	0,5,16,53,3,48	1.0	21.542552947998047	0.31376161321494744
7848.0	35876.0	288.0	2.0	5.0	4,4,4,4	0,5,18,61	1.0	21.542552947998047	0.2444968036824392
8227.0	35877.0	238.0	2.0	11.0	4,1,1,1,4,4,1,4,4,4	0,5,2,2,2,8,36,2,7,58	1.0	21.542552947998047	0.3122308115184823
7900.0	35878.0	285.0	3.0	5.0	4,4,4,4	0,5,17,62	1.0	21.542552947998047	0.24811061215609945
8270.0	35879.0	237.0	3.0	8.0	4,4,4,1,4,4,4	0,4,13,41,4,11,48	1.0	21.54254913330078	0.3137615488140655
8855.0	35880.0	237.0	1.0	5.0	4,4,4,4	0,4,15,48	0.0	21.542552947998047	0.31376161321494744
8236.0	35881.0	238.0	1.0	11.0	1,1,1,1,4,4,1,4,4,4	0,5,2,2,2,8,36,2,7,58	0.0	21.54254913330078	0.31223074716139587
8744.0	35882.0	238.0	3.0	8.0	4,4,1,1,4,4,4	0,6,36,2,2,6,57	1.0	21.54254913330078	0.31223074716139587
7931.0	35883.0	285.0	1.0	5.0	4,4,4,4	0,5,16,60	0.0	21.542552947998047	0.24811061215609945
7847.0	35884.0	285.0	1.0	5.0	4,4,4,4	0,5,18,64	0.0	21.542552947998047	0.24811061215609945
7895.0	35885.0	285.0	3.0	5.0	4,4,4,4	0,5,18,61	1.0	21.542552947998047	0.24811061215609945
8223.0	35886.0	238.0	1.0	7.0	1,4,4,1,4,4	0,4,15,50,3,50	0.0	21.54254913330078	0.31223074716139587
7885.0	35887.0	285.0	1.0	5.0	4,4,4,4	0,5,18,62	0.0	21.542552947998047	0.24811061215609945
8591.0	35888.0	237.0	3.0	9.0	1,4,1,4,1,3,4,4	0,3,12,3,25,9,14,53	1.0	21.542552947998047	0.31376161321494744
8767.0	35889.0	238.0	2.0	8.0	1,4,1,1,4,4,4	0,3,25,9,2,6,58	1.0	21.54254913330078	0.31223074716139587
7983.0	35890.0	238.0	1.0	12.0	4,1,4,4,1,4,1,1,4,4,4	0,5,2,6,17,3,26,2,2,5,58	0.0	21.542552947998047	0.3122308115184823
8640.0	35891.0	238.0	1.0	7.0	4,4,4,1,4,4	0,4,13,44,3,53	0.0	21.542552947998047	0.3122308115184823
7849.0	35892.0	285.0	2.0	5.0	4,4,4,4	0,5,18,64	1.0	21.542552947998047	0.24811061215609945
8710.0	35893.0	238.0	1.0	8.0	4,4,2,1,4,4,4	0,5,15,27,2,6,58	0.0	21.54254913330078	0.31223074716139587
7981.0	35894.0	238.0	1.0	12.0	1,1,1,4,1,1,4,4,1,4,4	0,5,2,2,6,2,2,5,27,9,66	0.0	21.542552947998047	0.3122308115184823
8635.0	35895.0	237.0	1.0	10.0	1,1,1,4,4,1,4,4,4	0,4,2,2,6,36,2,7,59	0.0	21.54254913330078	0.3137615488140655
8281.0	35896.0	238.0	3.0	9.0	4,1,4,4,1,4,4,4	0,5,3,9,36,2,6,58	1.0	21.54254913330078	0.31223074716139587
8827.0	35897.0	238.0	1.0	6.0	1,1,1,4,4	0,5,18,9,66	0.0	21.54254913330078	0.31223074716139587
7974.0	35898.0	237.0	2.0	6.0	4,4,4,2,4	0,5,14,49,59	1.0	21.54254913330078	0.3137615488140655
8713.0	35899.0	237.0	2.0	9.0	1,1,4,4,1,4,4,4	0,4,2,5,35,2,7,59	1.0	21.54254913330078	0.3137615488140655
8791.0	35900.0	238.0	1.0	7.0	4,1,4,1,4,4	0,4,2,21,9,66	0.0	21.542552947998047	0.3122308115184823
8795.0	35901.0	237.0	1.0	7.0	4,4,1,4,4,4	0,5,30,2,7,59	0.0	21.542552947998047	0.31376161321494744
7948.0	35902.0	238.0	2.0	9.0	4,4,4,1,1,4,4,4	0,3,11,47,2,2,5,57	1.0	21.542552947998047	0.3122308115184823
8230.0	35903.0	238.0	1.0	7.0	4,4,2,1,4,4	0,4,15,28,9,66	0.0	21.542552947998047	0.3122308115184823
8820.0	35904.0	237.0	1.0	7.0	1,4,1,4,4,4	0,4,29,2,7,59	0.0	21.54254913330078	0.3137615488140655
8785.0	35905.0	237.0	2.0	7.0	4,4,1,4,4,4	0,4,32,2,7,59	1.0	21.542552947998047	0.31376161321494744
8696.0	35906.0	238.0	1.0	7.0	4,4,1,1,4,4	0,5,16,18,9,66	0.0	21.542552947998047	0.3122308115184823
8796.0	35908.0	237.0	1.0	7.0	4,4,1,4,4,4	0,4,31,2,7,59	0.0	21.542552947998047	0.31376161321494744
8618.0	35909.0	237.0	1.0	9.0	1,1,4,4,1,4,4,4	0,3,3,8,36,2,7,59	0.0	21.54254913330078	0.3137615488140655
8695.0	35911.0	237.0	1.0	8.0	4,4,4,1,4,4,4	0,3,9,37,2,7,57	0.0	21.54254913330078	0.3137615488140655
7877.0	35912.0	237.0	2.0	8.0	1,4,4,1,4,4,4	0,4,14,48,2,7,58	1.0	21.542552947998047	0.31376161321494744
8569.0	35913.0	237.0	1.0	10.0	1,4,1,4,4,1,4,4,4	0,5,14,2,5,26,2,7,59	0.0	21.54254913330078	0.3137615488140655
8804.0	35915.0	237.0	1.0	7.0	4,4,1,4,4,4	0,7,27,2,6,59	0.0	21.542552947998047	0.31376161321494744
8007.0	35917.0	238.0	1.0	8.0	4,4,1,4,1,4,4	0,5,19,2,23,9,66	0.0	21.54254913330078	0.31223074716139587
8577.0	35918.0	238.0	1.0	9.0	1,1,4,4,1,4,4,4	0,5,2,8,36,2,7,58	0.0	21.54254913330078	0.31223074716139587
8634.0	35920.0	238.0	1.0	6.0	4,4,1,4,4	0,6,36,9,66	0.0	21.54254913330078	0.31223074716139587
8701.0	35921.0	237.0	1.0	8.0	4,4,4,1,4,4,4	0,3,8,36,2,7,59	0.0	21.54254913330078	0.3137615488140655
8653.0	35922.0	237.0	1.0	9.0	1,4,1,4,1,4,4,4	0,5,14,4,26,2,7,59	0.0	21.54254913330078	0.3137615488140655
8825.0	35924.0	24.0	3.0	8.0	1,4,4,1,3,4,1	0,5,27,94,4,6,176	1.0	21.54254913330078	0.889247712065989
7841.0	35927.0	24.0	1.0	12.0	3,3,4,4,4,1,4,4,1,3,1	0,18,2,6,18,108,2,6,24,6,176	0.0	21.542552947998047	0.8892477305492121
8787.0	35928.0	24.0	1.0	14.0	1,4,1,1,4,1,4,4,1,4,4,2,1	0,3,24,9,2,6,2,6,51,2,6,18,187	0.0	21.542552947998047	0.8892477305492121
9003.0	35931.0	24.0	1.0	5.0	1,4,1,2	0,3,16,176	0.0	21.542552947998047	0.8892477305492121
8941.0	35932.0	24.0	2.0	5.0	4,4,2,1	0,5,18,187	1.0	21.542552947998047	0.8892477305492121
8576.0	35934.0	24.0	1.0	7.0	1,1,4,4,4,1	0,5,2,8,36,281	0.0	21.54254913330078	0.889247712065989
8805.0	35935.0	24.0	1.0	15.0	1,1,4,1,1,4,4,1,4,4,1,4,3,1	0,3,4,26,2,2,6,57,2,5,15,2,8,182	0.0	21.542552947998047	0.8892477305492121
8638.0	35936.0	24.0	1.0	14.0	1,4,1,4,4,1,4,1,3,3,1,3,1	0,3,11,3,25,84,2,7,1,3,10,6,176	0.0	21.542552947998047	0.8892477305492121
8815.0	35937.0	24.0	1.0	13.0	1,4,1,4,1,1,4,1,4,4,2,1	0,3,22,9,66,2,2,5,2,7,20,176	0.0	21.542552947998047	0.8892477305492121
9019.0	35938.0	24.0	1.0	7.0	1,1,4,1,3,1	0,3,2,8,6,176	0.0	21.54254913330078	0.889247712065989
8978.0	35939.0	24.0	2.0	6.0	1,4,1,4,1	0,3,10,6,176	1.0	21.542552947998047	0.8892477305492121
9020.0	35946.0	24.0	4.0	5.0	1,2,4,1	0,4,5,186	1.0	21.542552947998047	0.8892477305492121
8697.0	35947.0	24.0	2.0	8.0	4,4,4,1,4,4,1	0,5,16,94,2,8,203	1.0	21.54254913330078	0.889247712065989
7838.0	35948.0	24.0	1.0	9.0	3,3,4,2,1,4,2,1	0,18,19,65,75,2,11,176	0.0	21.54254913330078	0.889247712065989
8580.0	35954.0	24.0	2.0	7.0	1,1,4,4,4,1	0,4,3,8,36,281	1.0	21.54254913330078	0.889247712065989
7910.0	35955.0	24.0	3.0	10.0	4,1,4,1,4,1,4,4,1	0,5,2,6,2,6,5,36,281	1.0	21.542552947998047	0.8892477305492121
8868.0	35956.0	24.0	3.0	15.0	1,1,1,1,4,1,1,4,4,1,4,2,3,1	0,5,3,2,3,53,2,2,5,12,2,5,10,176	1.0	21.542552947998047	0.8892477305492121
8826.0	35959.0	24.0	2.0	12.0	1,1,1,4,1,4,4,1,4,2,1	0,5,18,9,66,2,6,15,2,7,182	1.0	21.542552947998047	0.8892477305492121
8264.0	35960.0	24.0	1.0	12.0	1,1,4,4,1,4,1,4,4,2,1	0,5,2,5,15,18,76,2,6,23,182	0.0	21.542552947998047	0.8892477305492121
8854.0	35962.0	24.0	2.0	12.0	1,1,1,1,1,4,1,4,4,4,1	0,4,4,2,3,3,50,2,5,11,196	1.0	21.542552947998047	0.8892477305492121
8773.0	35963.0	24.0	1.0	13.0	1,1,4,1,4,1,4,4,1,3,3,1	0,3,2,23,9,66,2,6,19,5,6,176	0.0	21.542552947998047	0.8892477305492121
8966.0	35965.0	24.0	1.0	5.0	4,2,2,1	0,5,8,182	0.0	21.542552947998047	0.8892477305492121
8483.0	36010.0	313.0	2.0	5.0	4,4,4,4	0,3,7,38	1.0	21.542552947998047	0.21635747282685075
8736.0	36011.0	305.0	3.0	4.0	4,4,4	0,6,36	1.0	21.542552947998047	0.22499056768913187
8605.0	36012.0	206.0	1.0	12.0	1,1,4,4,1,4,4,1,4,4,2	0,4,3,8,36,2,7,58,2,7,23	0.0	21.542552947998047	0.3651282232560786
8737.0	36013.0	305.0	1.0	4.0	4,4,4	0,6,36	0.0	21.542552947998047	0.22499056768913187
8832.0	36014.0	206.0	3.0	7.0	4,4,4,1,4,4	0,5,26,89,2,8	1.0	21.542552947998047	0.3651282232560786
8690.0	36015.0	305.0	3.0	5.0	4,4,4,4	0,3,9,35	1.0	21.542552947998047	0.22499056768913187
8548.0	36016.0	215.0	1.0	14.0	1,1,4,1,4,1,1,4,4,1,4,4,4	0,5,2,5,5,28,9,2,6,58,2,6,15	0.0	21.542552947998047	0.34940485955529754
8682.0	36017.0	304.0	3.0	5.0	4,4,4,4	0,3,9,36	1.0	21.542552947998047	0.22609364890341746
8600.0	36018.0	211.0	1.0	15.0	4,1,1,4,1,4,4,1,4,4,1,4,4,3	0,5,3,2,6,3,6,27,2,7,58,2,6,19	0.0	21.542552947998047	0.3563076498383557
8409.0	36019.0	313.0	3.0	5.0	4,4,4,4	0,3,9,40	1.0	21.542552947998047	0.21635747282685075
8664.0	36020.0	304.0	3.0	5.0	1,4,4,4	0,3,11,37	1.0	21.542552947998047	0.22609364890341746
8537.0	36021.0	215.0	1.0	12.0	1,4,1,1,4,1,4,1,4,4,4	0,5,15,2,2,21,9,66,2,6,15	0.0	21.542552947998047	0.34940485955529754
8400.0	36022.0	217.0	1.0	11.0	4,4,1,4,1,4,1,4,4,4	0,5,19,3,25,9,66,2,5,14	0.0	21.542552947998047	0.34600377573786767
8859.0	36023.0	217.0	1.0	9.0	4,4,1,4,1,4,4,4	0,5,14,2,45,2,5,14	0.0	21.542552947998047	0.34600377573786767
8491.0	36024.0	296.0	1.0	8.0	4,1,1,4,4,4,4	0,3,2,2,5,12,41	0.0	21.54254913330078	0.23511517634560103
8442.0	36025.0	313.0	1.0	5.0	4,4,4,4	0,3,7,40	0.0	21.542552947998047	0.21635747282685075
8397.0	36026.0	313.0	1.0	5.0	4,4,4,4	0,3,8,41	0.0	21.542552947998047	0.21635747282685075
8388.0	36027.0	305.0	1.0	7.0	4,4,1,4,4,4	0,3,8,2,7,41	0.0	21.542552947998047	0.22499056768913187
8903.0	36028.0	211.0	1.0	4.0	4,4,3	0,6,20	0.0	21.542552947998047	0.3563076498383557
8446.0	36029.0	211.0	1.0	12.0	4,4,4,1,1,4,4,1,4,4,3	0,3,11,44,2,2,7,56,2,6,19	0.0	21.542552947998047	0.3563076498383557
8416.0	36030.0	313.0	3.0	5.0	4,4,4,4	0,3,8,40	1.0	21.542552947998047	0.21635747282685075
8527.0	36031.0	215.0	1.0	11.0	4,1,4,4,1,4,1,4,4,4	0,5,2,6,33,9,66,2,5,16	0.0	21.542552947998047	0.34940485955529754
8665.0	36032.0	214.0	1.0	10.0	4,1,4,4,2,1,4,4,4	0,6,2,6,36,67,2,5,17	0.0	21.542552947998047	0.35111791775464424
8708.0	36033.0	296.0	3.0	5.0	4,4,4,4	0,4,12,39	1.0	21.542552947998047	0.2351152366176748
8530.0	36034.0	216.0	3.0	10.0	1,4,4,1,4,1,4,4,4	0,4,15,52,3,47,2,5,15	1.0	21.54254913330078	0.3477000940986246
8414.0	36035.0	313.0	3.0	5.0	4,4,4,4	0,3,8,41	1.0	21.542552947998047	0.21635747282685075
8453.0	36036.0	304.0	3.0	5.0	4,4,4,4	0,4,13,42	1.0	21.542552947998047	0.22609364890341746
8526.0	36037.0	305.0	1.0	5.0	1,4,4,4	0,3,9,42	0.0	21.542552947998047	0.22499056768913187
8532.0	36038.0	304.0	3.0	5.0	4,4,4,4	0,3,11,41	1.0	21.542552947998047	0.22609364890341746
8340.0	36039.0	313.0	1.0	5.0	2,4,4,4	0,3,9,44	0.0	21.542552947998047	0.21635747282685075
8294.0	36040.0	313.0	1.0	5.0	3,4,4,4	0,3,10,46	0.0	21.542552947998047	0.21635747282685075
8486.0	36041.0	305.0	1.0	5.0	4,4,4,4	0,3,9,44	0.0	21.542552947998047	0.22499056768913187
8904.0	36042.0	214.0	1.0	4.0	4,4,4	0,6,17	0.0	21.542552947998047	0.35111791775464424
8314.0	36043.0	313.0	1.0	5.0	4,4,4,4	0,3,10,46	0.0	21.542552947998047	0.21635747282685075
8524.0	36044.0	304.0	2.0	5.0	1,4,4,4	0,3,11,41	1.0	21.542552947998047	0.22609364890341746
8469.0	36045.0	211.0	2.0	8.0	4,4,4,1,4,4,3	0,5,17,102,2,6,19	1.0	21.54254913330078	0.3563075847278203
8494.0	36046.0	304.0	2.0	5.0	4,4,4,4	0,3,11,43	1.0	21.542552947998047	0.22609364890341746
8434.0	36047.0	210.0	3.0	8.0	4,4,4,1,4,4,3	0,5,18,103,2,6,20	1.0	21.54254913330078	0.35805448584027905
8513.0	36048.0	213.0	1.0	14.0	1,1,4,1,4,4,1,4,4,1,4,4,4	0,4,2,7,2,7,33,2,7,58,2,6,17	0.0	21.542552947998047	0.35283937471638394
8666.0	36049.0	256.0	1.0	12.0	1,1,1,4,1,4,1,1,4,4,4	0,3,3,2,6,3,25,9,2,6,40	0.0	21.54254913330078	0.2859188152944472
8436.0	36050.0	304.0	1.0	5.0	4,4,4,4	0,4,12,43	0.0	21.542552947998047	0.22609364890341746
8392.0	36051.0	303.0	3.0	5.0	4,4,4,4	0,5,14,44	1.0	21.542552947998047	0.22720213829182254
8507.0	36052.0	304.0	1.0	5.0	1,4,4,4	0,3,10,43	0.0	21.542552947998047	0.22609364890341746
8555.0	36053.0	300.0	1.0	5.0	4,4,4,4	0,4,13,40	0.0	21.542552947998047	0.23056032130373277
8463.0	36054.0	305.0	3.0	5.0	4,4,4,4	0,3,10,44	1.0	21.542552947998047	0.22499056768913187
8669.0	36055.0	296.0	3.0	5.0	4,4,4,4	0,4,13,42	1.0	21.542552947998047	0.2351152366176748
8522.0	36056.0	305.0	3.0	5.0	1,4,4,4	0,3,10,41	1.0	21.542552947998047	0.22499056768913187
8704.0	36057.0	295.0	1.0	5.0	4,4,4,4	0,4,12,40	0.0	21.542552947998047	0.23626795694443803
8471.0	36058.0	304.0	1.0	5.0	4,4,4,4	0,4,12,42	0.0	21.542552947998047	0.22609364890341746
8394.0	36059.0	303.0	1.0	5.0	4,4,4,4	0,5,14,44	0.0	21.542552947998047	0.22720213829182254
8327.0	36060.0	313.0	3.0	5.0	4,4,4,4	0,3,9,45	1.0	21.542552947998047	0.21635747282685075
8406.0	36061.0	304.0	2.0	5.0	4,4,4,4	0,4,12,45	1.0	21.542552947998047	0.22609364890341746
8455.0	36062.0	305.0	2.0	5.0	1,4,4,4	0,3,10,44	1.0	21.542552947998047	0.22499056768913187
8452.0	36063.0	304.0	1.0	5.0	4,4,4,4	0,4,12,43	0.0	21.542552947998047	0.22609364890341746
8295.0	36064.0	302.0	2.0	7.0	4,1,4,4,4,4	0,5,2,5,14,44	1.0	21.542552947998047	0.22831606236948215
8460.0	36065.0	304.0	2.0	5.0	4,4,4,4	0,3,12,43	1.0	21.542552947998047	0.22609364890341746
8511.0	36066.0	304.0	1.0	5.0	4,4,4,4	0,3,10,43	0.0	21.542552947998047	0.22609364890341746
8457.0	36067.0	302.0	4.0	5.0	4,4,4,4	0,4,13,43	1.0	21.542552947998047	0.22831606236948215
8303.0	36068.0	211.0	3.0	13.0	1,4,1,4,1,4,1,4,1,4,4,4	0,5,14,2,6,4,28,8,67,2,6,19	1.0	21.542552947998047	0.3563076498383557
8306.0	36069.0	256.0	3.0	8.0	4,4,4,1,1,4,4	0,5,15,56,2,3,35	1.0	21.54254913330078	0.2859188152944472
8844.0	36070.0	206.0	1.0	10.0	4,4,1,4,4,1,4,4,3	0,5,26,2,7,58,2,6,24	0.0	21.542552947998047	0.3651282232560786
8541.0	36071.0	211.0	1.0	8.0	1,4,4,1,4,4,4	0,5,18,97,2,6,19	0.0	21.542552947998047	0.3563076498383557
8565.0	36072.0	299.0	1.0	5.0	1,4,4,4	0,4,13,41	0.0	21.542552947998047	0.23169070984313675
8415.0	36073.0	304.0	3.0	5.0	4,4,4,4	0,4,13,43	1.0	21.542552947998047	0.22609364890341746
8450.0	36074.0	305.0	3.0	5.0	4,4,4,4	0,3,11,44	1.0	21.542552947998047	0.22499056768913187
8721.0	36075.0	291.0	1.0	5.0	4,4,4,4	0,4,13,41	0.0	21.542552947998047	0.2409356314566638
8391.0	36076.0	305.0	1.0	5.0	4,4,4,4	0,3,11,47	0.0	21.542552947998047	0.22499056768913187
8479.0	36077.0	305.0	1.0	5.0	4,4,4,4	0,3,9,44	0.0	21.542552947998047	0.22499056768913187
8300.0	36078.0	256.0	4.0	7.0	1,4,4,1,4,4	0,5,18,58,2,33	1.0	21.54254913330078	0.2859188152944472
8423.0	36079.0	305.0	3.0	5.0	4,4,4,4	0,3,12,44	1.0	21.542552947998047	0.22499056768913187
8348.0	36080.0	304.0	3.0	5.0	4,4,4,4	0,4,14,47	1.0	21.542552947998047	0.22609364890341746
8435.0	36081.0	206.0	1.0	9.0	4,4,4,1,4,4,4,3	0,5,17,85,18,2,6,24	0.0	21.542552947998047	0.3651282232560786
8428.0	36082.0	305.0	1.0	5.0	4,4,4,4	0,3,10,46	0.0	21.542552947998047	0.22499056768913187
8419.0	36083.0	206.0	2.0	8.0	4,4,4,1,4,4,3	0,5,18,103,2,6,24	1.0	21.54254913330078	0.3651281581147983
8467.0	36084.0	305.0	3.0	5.0	4,4,4,4	0,3,10,44	1.0	21.542552947998047	0.22499056768913187
8454.0	36085.0	304.0	4.0	5.0	4,4,4,4	0,3,11,45	1.0	21.542552947998047	0.22609364890341746
8662.0	36086.0	296.0	1.0	5.0	4,4,4,4	0,3,12,45	0.0	21.542552947998047	0.2351152366176748
8372.0	36087.0	304.0	3.0	5.0	4,4,4,4	0,4,12,47	1.0	21.542552947998047	0.22609364890341746
8465.0	36088.0	305.0	1.0	5.0	4,4,4,4	0,3,10,44	0.0	21.542552947998047	0.22499056768913187
8396.0	36090.0	304.0	2.0	5.0	4,4,4,4	0,4,12,45	1.0	21.542552947998047	0.22609364890341746
8606.0	36091.0	206.0	4.0	8.0	4,4,4,1,4,4,3	0,5,16,97,2,6,24	1.0	21.54254913330078	0.3651281581147983
8535.0	36118.0	296.0	1.0	5.0	1,4,4,4	0,4,13,45	0.0	21.542552947998047	0.2351152366176748
8352.0	36119.0	304.0	1.0	5.0	4,4,4,4	0,4,13,48	0.0	21.542552947998047	0.22609364890341746
8399.0	36131.0	302.0	1.0	5.0	4,4,4,4	0,4,14,45	0.0	21.542552947998047	0.22831606236948215
8378.0	36132.0	305.0	1.0	5.0	4,4,4,4	0,3,10,48	0.0	21.542552947998047	0.22499056768913187
8383.0	36133.0	304.0	2.0	5.0	4,4,4,4	0,4,13,45	1.0	21.542552947998047	0.22609364890341746
8510.0	36134.0	296.0	1.0	5.0	4,4,4,4	0,5,14,45	0.0	21.542552947998047	0.2351152366176748
8393.0	36135.0	304.0	1.0	5.0	4,4,4,4	0,4,13,45	0.0	21.542552947998047	0.22609364890341746
8401.0	36137.0	305.0	1.0	5.0	4,4,4,4	0,3,10,47	0.0	21.542552947998047	0.22499056768913187
8561.0	36138.0	295.0	3.0	5.0	4,4,4,4	0,3,13,46	1.0	21.542552947998047	0.23626795694443803
8687.0	36139.0	256.0	2.0	9.0	4,4,1,1,1,4,4,4	0,5,16,18,9,2,6,40	1.0	21.54254913330078	0.2859188152944472
8361.0	36140.0	302.0	3.0	5.0	4,4,4,4	0,4,14,47	1.0	21.542552947998047	0.22831606236948215
8564.0	36141.0	295.0	1.0	5.0	4,4,4,4	0,3,13,46	0.0	21.542552947998047	0.23626795694443803
8330.0	36142.0	304.0	1.0	5.0	4,4,4,4	0,4,14,48	0.0	21.542552947998047	0.22609364890341746
8613.0	36143.0	296.0	1.0	5.0	4,4,4,4	0,3,12,45	0.0	21.542552947998047	0.2351152366176748
8353.0	36146.0	304.0	3.0	5.0	4,4,4,4	0,4,12,49	1.0	21.542552947998047	0.22609364890341746
8387.0	36147.0	303.0	3.0	5.0	4,4,4,4	0,4,13,46	1.0	21.542552947998047	0.22720213829182254
8345.0	36148.0	304.0	1.0	5.0	1,4,4,4	0,4,13,48	0.0	21.542552947998047	0.22609364890341746
8497.0	36149.0	238.0	1.0	16.0	1,1,4,1,4,4,1,1,4,1,4,1,1,4,4	0,5,2,6,2,5,27,9,2,6,2,5,4,2,45	0.0	21.542552947998047	0.3122308115184823
8326.0	36150.0	304.0	3.0	5.0	4,4,4,4	0,4,14,48	1.0	21.542552947998047	0.22609364890341746
9012.0	36172.0	2.0	3.0	5.0	4,4,3,1	0,5,27,185	1.0	21.542552947998047	0.9902660660708654
9015.0	36173.0	2.0	4.0	5.0	1,2,4,1	0,4,8,205	1.0	21.542552947998047	0.9902660660708654
8997.0	36174.0	2.0	3.0	6.0	1,2,1,3,1	0,5,8,20,185	1.0	21.54254913330078	0.9902660643556226
9005.0	36175.0	2.0	3.0	9.0	1,1,1,2,2,3,3,1	0,3,1,2,3,4,20,185	1.0	21.54254913330078	0.9902660643556226
8994.0	36176.0	2.0	3.0	5.0	1,4,2,1	0,5,28,185	1.0	21.542552947998047	0.9902660660708654
9017.0	36177.0	2.0	3.0	7.0	1,1,2,1,2,1	0,4,3,5,20,185	1.0	21.542552947998047	0.9902660660708654
8993.0	36178.0	2.0	3.0	7.0	1,1,3,4,3,1	0,5,3,5,20,185	1.0	21.542552947998047	0.9902660660708654
9028.0	36179.0	2.0	3.0	7.0	4,2,2,4,3,1	0,3,4,5,20,185	1.0	21.542552947998047	0.9902660660708654
8999.0	36180.0	2.0	1.0	7.0	1,1,4,2,3,1	0,4,2,7,20,185	0.0	21.54254913330078	0.9902660643556226
8998.0	36181.0	2.0	3.0	7.0	1,1,4,3,3,1	0,3,2,8,20,185	1.0	21.54254913330078	0.9902660643556226
9010.0	36182.0	1.0	1.0	9.0	1,2,1,2,3,3,1,1	0,3,4,1,4,20,185,1	0.0	21.54254913330078	0.995121130493983
8996.0	36183.0	2.0	3.0	7.0	1,1,4,3,3,1	0,4,2,7,20,185	1.0	21.54254913330078	0.9902660643556226
8992.0	36184.0	2.0	3.0	6.0	1,2,2,3,1	0,4,5,24,185	1.0	21.54254913330078	0.9902660643556226
9025.0	36185.0	2.0	3.0	6.0	4,2,3,2,1	0,5,7,20,185	1.0	21.54254913330078	0.9902660643556226
9027.0	36186.0	2.0	3.0	8.0	4,2,1,2,4,3,1	0,3,4,1,4,20,185	1.0	21.54254913330078	0.9902660643556226
9029.0	36187.0	2.0	3.0	5.0	4,3,1,1	0,5,27,185	1.0	21.542552947998047	0.9902660660708654
9016.0	36188.0	2.0	3.0	8.0	1,2,1,2,3,3,1	0,3,4,1,4,20,185	1.0	21.542552947998047	0.9902660660708654
9001.0	36189.0	2.0	3.0	7.0	1,2,2,4,3,1	0,3,5,5,20,185	1.0	21.542552947998047	0.9902660660708654
8991.0	36190.0	2.0	3.0	6.0	1,1,4,4,1	0,3,2,8,205	1.0	21.542552947998047	0.9902660660708654
9023.0	36191.0	2.0	3.0	5.0	4,4,3,1	0,4,28,185	1.0	21.542552947998047	0.9902660660708654
9024.0	36192.0	2.0	3.0	7.0	4,2,2,4,3,1	0,3,4,5,20,185	1.0	21.542552947998047	0.9902660660708654
8995.0	36193.0	2.0	3.0	6.0	1,2,2,3,1	0,4,5,24,185	1.0	21.54254913330078	0.9902660643556226
8989.0	36194.0	2.0	1.0	7.0	1,1,3,2,2,1	0,4,2,7,20,185	0.0	21.54254913330078	0.9902660643556226
9013.0	36195.0	2.0	1.0	7.0	1,2,2,4,3,1	0,3,4,5,20,185	0.0	21.542552947998047	0.9902660660708654
9026.0	36196.0	2.0	3.0	6.0	4,2,3,3,1	0,4,8,20,185	1.0	21.54254913330078	0.9902660643556226
9000.0	36197.0	2.0	3.0	6.0	1,2,2,3,1	0,4,5,24,185	1.0	21.54254913330078	0.9902660643556226
8895.0	36205.0	2.0	3.0	6.0	1,4,2,1,2	0,5,15,31,185	1.0	21.54254913330078	0.9902660643556226
8883.0	36206.0	2.0	3.0	11.0	4,2,1,4,1,4,2,4,3,1	0,4,5,2,7,2,5,7,20,185	1.0	21.542552947998047	0.9902660660708654
8960.0	36207.0	2.0	1.0	8.0	4,1,1,4,2,4,1	0,5,2,2,6,10,205	0.0	21.54254913330078	0.9902660643556226
8901.0	36208.0	2.0	3.0	8.0	4,4,1,4,2,3,1	0,5,15,2,5,10,199	1.0	21.54254913330078	0.9902660643556226
8892.0	36209.0	1.0	3.0	8.0	4,4,2,1,2,1,1	0,5,15,17,14,185,1	1.0	21.54254913330078	0.995121130493983
8900.0	36210.0	2.0	3.0	6.0	1,4,2,4,1	0,3,11,17,205	1.0	21.542552947998047	0.9902660660708654
8983.0	36211.0	2.0	3.0	5.0	1,4,1,1	0,5,28,185	1.0	21.542552947998047	0.9902660660708654
8907.0	36212.0	2.0	3.0	10.0	4,4,1,4,1,1,4,3,1	0,4,12,2,6,1,4,20,185	1.0	21.542552947998047	0.9902660660708654
8881.0	36213.0	2.0	1.0	14.0	4,2,1,1,1,4,1,2,2,3,3,3,1	0,4,5,2,3,2,5,2,4,5,6,14,185	0.0	21.542552947998047	0.9902660660708654
8887.0	36214.0	2.0	3.0	6.0	4,4,4,1,2	0,3,11,38,185	1.0	21.54254913330078	0.9902660643556226
8980.0	36215.0	2.0	1.0	6.0	1,4,1,1,1	0,3,16,14,185	0.0	21.542552947998047	0.9902660660708654
8894.0	36216.0	2.0	3.0	6.0	4,4,2,3,1	0,5,17,29,185	1.0	21.54254913330078	0.9902660643556226
8898.0	36217.0	2.0	1.0	13.0	4,1,4,2,1,3,1,2,2,3,3,1	0,3,2,6,8,2,5,1,4,6,14,185	0.0	21.542552947998047	0.9902660660708654
8882.0	36218.0	2.0	3.0	6.0	4,4,4,2,1	0,3,8,41,185	1.0	21.54254913330078	0.9902660643556226
8965.0	36219.0	2.0	3.0	6.0	4,2,2,1,2	0,5,8,20,185	1.0	21.54254913330078	0.9902660643556226
8889.0	36220.0	2.0	3.0	8.0	4,4,1,4,4,2,1	0,3,11,2,5,17,199	1.0	21.54254913330078	0.9902660643556226
8975.0	36221.0	2.0	3.0	6.0	1,4,2,2,1	0,3,10,20,185	1.0	21.542552947998047	0.9902660660708654
8896.0	36222.0	2.0	3.0	7.0	4,1,4,4,3,1	0,3,2,5,16,210	1.0	21.542552947998047	0.9902660660708654
8977.0	36223.0	2.0	3.0	7.0	1,2,2,3,3,1	0,3,5,5,20,185	1.0	21.542552947998047	0.9902660660708654
8876.0	36224.0	2.0	1.0	6.0	1,4,2,2,1	0,6,21,25,185	0.0	21.54254913330078	0.9902660643556226
8885.0	36225.0	1.0	3.0	9.0	1,1,4,4,1,1,1,1	0,4,2,6,26,14,185,1	1.0	21.54254913330078	0.995121130493983
8890.0	36226.0	2.0	1.0	6.0	4,3,4,1,2	0,4,11,37,185	0.0	21.54254913330078	0.9902660643556226
8942.0	36233.0	2.0	1.0	6.0	4,4,4,1,1	0,3,11,94,125	0.0	21.54254913330078	0.9902660643556226
8910.0	36234.0	2.0	3.0	6.0	4,4,2,1,1	0,5,18,85,125	1.0	21.54254913330078	0.9902660643556226
8933.0	36235.0	2.0	3.0	6.0	4,4,2,1,1	0,5,16,85,125	1.0	21.54254913330078	0.9902660643556226
8947.0	36236.0	2.0	3.0	9.0	4,4,1,2,2,2,1,1	0,4,14,2,5,6,74,125	1.0	21.54254913330078	0.9902660643556226
8957.0	36237.0	2.0	3.0	11.0	4,1,4,1,4,2,2,1,1,1	0,5,2,6,2,6,10,74,119,6	1.0	21.542552947998047	0.9902660660708654
8914.0	36238.0	2.0	3.0	8.0	4,4,4,2,1,1,4	0,3,8,23,74,119,6	1.0	21.54254913330078	0.9902660643556226
8948.0	36239.0	2.0	3.0	8.0	4,1,4,4,2,2,1	0,5,2,6,18,74,125	1.0	21.54254913330078	0.9902660643556226
8943.0	36240.0	2.0	3.0	6.0	4,4,4,2,1	0,4,14,87,125	1.0	21.54254913330078	0.9902660643556226
8958.0	36241.0	1.0	3.0	10.0	4,3,1,2,4,2,1,1,1	0,4,5,2,3,11,80,125,1	1.0	21.542552947998047	0.995121131355809
8928.0	36242.0	2.0	3.0	6.0	4,4,2,2,1	0,5,16,85,125	1.0	21.54254913330078	0.9902660643556226
8972.0	36243.0	2.0	3.0	6.0	1,2,3,2,1	0,5,8,80,125	1.0	21.54254913330078	0.9902660643556226
8931.0	36244.0	2.0	1.0	6.0	4,4,4,1,1	0,3,10,93,125	0.0	21.54254913330078	0.9902660643556226
8954.0	36245.0	2.0	3.0	8.0	4,1,4,4,1,1,1	0,5,2,6,92,119,6	1.0	21.54254913330078	0.9902660643556226
8953.0	36246.0	2.0	3.0	9.0	4,4,1,2,1,2,1,1	0,4,13,3,5,6,74,125	1.0	21.54254913330078	0.9902660643556226
8913.0	36247.0	2.0	3.0	6.0	4,4,4,2,1	0,4,15,89,125	1.0	21.54254913330078	0.9902660643556226
8949.0	36248.0	2.0	1.0	7.0	4,1,4,3,1,1	0,4,3,8,90,125	0.0	21.542552947998047	0.9902660660708654
8936.0	36249.0	2.0	3.0	10.0	4,4,1,1,1,1,1,1,4	0,5,17,4,6,14,60,119,6	1.0	21.542552947998047	0.9902660660708654
8986.0	36250.0	2.0	3.0	7.0	1,2,3,2,2,1	0,4,5,10,74,125	1.0	21.542552947998047	0.9902660660708654
8908.0	36251.0	2.0	3.0	6.0	4,4,4,1,1	0,4,15,89,125	1.0	21.54254913330078	0.9902660643556226
8946.0	36252.0	2.0	3.0	10.0	4,1,4,1,3,3,1,1,4	0,4,3,9,2,7,80,119,6	1.0	21.542552947998047	0.9902660660708654
8971.0	36253.0	2.0	3.0	8.0	1,2,2,1,1,4,1	0,4,5,10,14,60,125	1.0	21.54254913330078	0.9902660643556226
8964.0	36254.0	2.0	3.0	7.0	4,2,2,3,2,1	0,5,8,20,60,125	1.0	21.542552947998047	0.9902660660708654
8920.0	36255.0	2.0	1.0	6.0	4,4,2,2,1	0,4,15,89,125	0.0	21.54254913330078	0.9902660643556226
8003.0	36260.0	25.0	3.0	18.0	4,1,4,4,1,1,4,2,2,2,1,2,1,4,3,3,1	0,5,2,7,36,9,2,6,8,50,12,2,4,2,5,7,182	1.0	21.542552947998047	0.8849092076797176
8940.0	36261.0	25.0	1.0	5.0	4,4,4,1	0,3,11,196	0.0	21.542552947998047	0.8849092076797176
8771.0	36262.0	25.0	3.0	13.0	1,1,1,4,4,1,4,1,1,3,2,1	0,5,2,3,26,78,3,10,3,5,6,176	1.0	21.542552947998047	0.8849092076797176
7846.0	36263.0	25.0	1.0	10.0	4,4,4,4,1,4,2,2,1	0,3,9,29,111,2,7,11,176	0.0	21.542552947998047	0.8849092076797176
7873.0	36264.0	25.0	3.0	13.0	4,1,1,1,1,4,2,4,4,1,4,1	0,3,7,2,2,2,5,8,36,99,6,176	1.0	21.542552947998047	0.8849092076797176
7862.0	36265.0	25.0	1.0	14.0	1,4,4,1,4,1,4,4,1,2,4,4,1	0,3,11,53,2,7,2,9,48,2,3,9,199	0.0	21.542552947998047	0.8849092076797176
8987.0	36266.0	25.0	1.0	5.0	1,3,2,1	0,4,15,176	0.0	21.542552947998047	0.8849092076797176
8770.0	36267.0	25.0	3.0	5.0	4,4,4,1	0,4,32,281	1.0	21.542552947998047	0.8849092076797176
8800.0	36268.0	25.0	3.0	13.0	1,1,1,1,1,4,4,1,4,4,4,1	0,3,4,18,9,2,6,58,2,5,11,196	1.0	21.542552947998047	0.8849092076797176
8848.0	36269.0	25.0	3.0	12.0	4,4,1,1,4,1,4,4,1,3,1	0,5,61,2,2,5,2,5,16,6,176	1.0	21.542552947998047	0.8849092076797176
7840.0	36270.0	25.0	3.0	13.0	3,3,4,4,2,1,4,4,1,4,4,1	0,18,2,6,23,36,2,7,59,2,8,203	1.0	21.542552947998047	0.8849092076797176
8622.0	36271.0	25.0	3.0	8.0	1,1,3,4,4,4,1	0,3,3,4,9,32,280	1.0	21.54254913330078	0.8849091885202948
7883.0	36272.0	25.0	1.0	6.0	4,4,4,3,1	0,4,11,50,281	0.0	21.54254913330078	0.8849091885202948
8232.0	36273.0	25.0	3.0	6.0	4,4,4,3,1	0,3,8,44,281	1.0	21.54254913330078	0.8849091885202948
8727.0	36274.0	25.0	1.0	11.0	4,2,1,4,4,1,4,4,1,1	0,8,6,4,26,78,3,6,18,176	0.0	21.542552947998047	0.8849092076797176
7999.0	36275.0	25.0	3.0	6.0	4,4,4,4,1	0,3,8,39,289	1.0	21.54254913330078	0.8849091885202948
8566.0	36276.0	25.0	3.0	10.0	4,4,1,4,4,4,1,3,1	0,4,13,2,7,27,98,6,176	1.0	21.542552947998047	0.8849092076797176
8852.0	36277.0	25.0	3.0	8.0	1,4,4,1,4,4,1	0,4,15,48,2,8,203	1.0	21.54254913330078	0.8849091885202948
8856.0	36278.0	25.0	3.0	9.0	4,4,4,1,4,4,2,1	0,4,15,51,2,6,20,182	1.0	21.54254913330078	0.8849091885202948
8627.0	36279.0	25.0	3.0	7.0	4,1,4,4,4,1	0,6,2,6,36,281	1.0	21.542552947998047	0.8849092076797176
9030.0	36280.0	25.0	1.0	7.0	4,2,1,3,1,1	0,3,4,5,6,176	0.0	21.542552947998047	0.8849092076797176
7868.0	36281.0	25.0	1.0	14.0	4,4,1,4,4,1,4,4,1,4,4,1,1	0,5,18,2,7,34,2,6,59,2,8,27,176	0.0	21.542552947998047	0.8849092076797176
8644.0	36282.0	239.0	1.0	8.0	4,4,4,1,4,4,4	0,3,11,37,2,5,58	0.0	21.54254913330078	0.3107074140902293
8641.0	36283.0	25.0	3.0	14.0	1,4,1,2,1,1,4,4,1,4,4,2,1	0,5,18,18,9,2,2,5,57,2,5,15,192	1.0	21.542552947998047	0.8849092076797176
8725.0	36284.0	25.0	1.0	5.0	4,4,4,1	0,8,36,281	0.0	21.542552947998047	0.8849092076797176
8229.0	36285.0	25.0	1.0	10.0	4,4,1,4,4,1,4,4,1	0,5,17,2,23,78,3,12,196	0.0	21.542552947998047	0.8849092076797176
8938.0	36286.0	25.0	1.0	6.0	4,1,4,4,1	0,4,3,7,196	0.0	21.54254913330078	0.8849091885202948
8568.0	36287.0	25.0	1.0	11.0	4,4,4,1,4,4,1,4,4,1	0,4,12,38,2,7,57,2,8,203	0.0	21.542552947998047	0.8849092076797176
8231.0	36288.0	25.0	3.0	6.0	4,4,2,4,1	0,5,17,33,281	1.0	21.54254913330078	0.8849091885202948
8831.0	36289.0	25.0	1.0	9.0	1,1,4,1,4,4,2,1	0,5,18,76,2,5,15,191	0.0	21.54254913330078	0.8849091885202948
8654.0	36290.0	25.0	1.0	7.0	4,1,4,4,4,1	0,5,2,6,36,281	0.0	21.542552947998047	0.8849092076797176
8637.0	36291.0	25.0	3.0	5.0	4,4,4,1	0,6,36,289	1.0	21.542552947998047	0.8849092076797176
8803.0	36292.0	25.0	1.0	14.0	1,4,1,1,4,1,4,4,1,4,4,2,1	0,4,29,2,2,5,2,6,51,2,5,17,189	0.0	21.542552947998047	0.8849092076797176
8783.0	36293.0	25.0	3.0	10.0	4,4,1,1,4,4,2,2,1	0,3,25,9,2,6,58,22,192	1.0	21.542552947998047	0.8849092076797176
8939.0	36294.0	25.0	3.0	6.0	4,1,4,4,1	0,4,3,7,196	1.0	21.54254913330078	0.8849091885202948
8658.0	36295.0	25.0	3.0	11.0	1,4,1,4,4,1,4,2,3,1	0,5,14,4,26,90,1,4,10,176	1.0	21.54254913330078	0.8849091885202948
8636.0	36296.0	25.0	3.0	7.0	1,1,4,4,4,1	0,3,3,11,35,279	1.0	21.54254913330078	0.8849091885202948
8794.0	36297.0	25.0	3.0	12.0	1,1,4,1,4,1,4,1,4,4,1	0,4,2,21,9,66,2,6,3,10,193	1.0	21.542552947998047	0.8849092076797176
7938.0	36298.0	25.0	3.0	11.0	4,4,4,1,4,4,1,4,4,1	0,3,11,47,2,7,59,2,8,203	1.0	21.542552947998047	0.8849092076797176
8741.0	36299.0	25.0	3.0	5.0	4,4,4,1	0,6,36,281	1.0	21.542552947998047	0.8849092076797176
8777.0	36300.0	25.0	3.0	5.0	4,4,4,1	0,4,32,281	1.0	21.542552947998047	0.8849092076797176
7927.0	36301.0	25.0	1.0	8.0	4,3,1,4,4,4,1	0,5,14,2,7,34,280	0.0	21.54254913330078	0.8849091885202948
8659.0	36302.0	25.0	3.0	9.0	1,4,1,4,1,4,4,1	0,5,18,18,76,2,8,203	1.0	21.54254913330078	0.8849091885202948
8747.0	36303.0	238.0	3.0	7.0	4,4,1,4,4,4	0,6,36,2,7,59	1.0	21.542552947998047	0.3122308115184823
8614.0	36305.0	238.0	1.0	8.0	1,1,4,4,1,4,4	0,3,2,5,33,9,67	0.0	21.54254913330078	0.31223074716139587
8228.0	36306.0	239.0	3.0	8.0	1,1,4,4,1,4,4	0,5,2,6,34,9,66	1.0	21.54254913330078	0.3107074140902293
8819.0	36307.0	238.0	3.0	7.0	4,4,1,4,4,4	0,7,27,2,6,59	1.0	21.542552947998047	0.3122308115184823
7926.0	36308.0	238.0	1.0	8.0	4,4,4,1,4,4,4	0,3,10,48,2,7,59	0.0	21.54254913330078	0.31223074716139587
8967.0	36309.0	25.0	1.0	5.0	4,2,2,2	0,5,8,182	0.0	21.542552947998047	0.8849092076797176
7919.0	36310.0	25.0	3.0	11.0	4,4,4,4,1,4,4,1,3,2	0,3,8,25,94,2,6,19,4,182	1.0	21.542552947998047	0.8849092076797176
8775.0	36311.0	239.0	3.0	6.0	4,4,1,4,4	0,3,25,9,66	1.0	21.54254913330078	0.3107074140902293
8005.0	36312.0	239.0	1.0	7.0	4,4,4,1,4,4	0,3,8,39,9,66	0.0	21.542552947998047	0.3107074784024145
7963.0	36313.0	25.0	3.0	13.0	1,1,4,4,4,1,4,4,1,4,2,2	0,5,2,6,21,94,2,5,17,2,11,176	1.0	21.542552947998047	0.8849092076797176
8247.0	36314.0	25.0	3.0	18.0	4,1,4,1,4,1,4,1,4,1,4,2,1,1,4,3,2	0,5,2,6,5,28,9,66,2,5,2,5,6,2,2,8,182	1.0	21.542552947998047	0.8849092076797176
7859.0	36315.0	238.0	3.0	8.0	4,4,4,1,4,4,4	0,3,10,54,2,7,59	1.0	21.54254913330078	0.31223074716139587
8784.0	36316.0	25.0	3.0	14.0	1,1,1,4,1,4,4,1,1,4,4,2,2	0,4,2,4,26,2,7,59,2,3,5,14,189	1.0	21.542552947998047	0.8849092076797176
8208.0	36317.0	238.0	3.0	6.0	4,4,4,2,4	0,4,12,44,64	1.0	21.54254913330078	0.31223074716139587
8793.0	36318.0	25.0	3.0	9.0	4,1,4,4,1,4,3,2	0,5,4,26,85,2,7,187	1.0	21.542552947998047	0.8849092076797176
8584.0	36319.0	238.0	3.0	8.0	1,4,4,1,4,4,4	0,3,8,40,2,7,59	1.0	21.54254913330078	0.31223074716139587
8729.0	36320.0	239.0	1.0	6.0	1,4,1,4,4	0,4,32,9,66	0.0	21.54254913330078	0.3107074140902293
8780.0	36321.0	238.0	3.0	5.0	4,4,3,4	0,5,31,68	1.0	21.542552947998047	0.3122308115184823
8652.0	36322.0	25.0	1.0	17.0	1,1,1,1,4,1,4,1,4,1,4,4,1,4,4,2	0,3,2,2,2,5,2,7,18,76,2,5,11,2,6,187	0.0	21.542552947998047	0.8849092076797176
8238.0	36323.0	8.0	3.0	6.0	4,4,4,4,1	0,3,10,43,297	1.0	21.54254913330078	0.961629074276469
8633.0	36324.0	8.0	3.0	10.0	4,4,1,4,1,4,4,4,1	0,6,36,9,66,1,5,18,207	1.0	21.542552947998047	0.9616290809390312
8621.0	36325.0	8.0	3.0	13.0	1,1,4,4,1,4,4,1,4,4,4,1	0,6,2,6,36,2,7,58,2,6,19,204	1.0	21.542552947998047	0.9616290809390312
8620.0	36326.0	8.0	1.0	6.0	1,4,4,4,1	0,3,11,38,296	0.0	21.542552947998047	0.9616290809390312
7887.0	36327.0	8.0	3.0	6.0	4,4,4,4,1	0,3,9,44,306	1.0	21.54254913330078	0.961629074276469
8583.0	36328.0	8.0	3.0	12.0	1,4,1,1,4,4,1,4,4,2,1	0,3,12,3,2,23,76,2,8,27,193	1.0	21.54254913330078	0.961629074276469
8647.0	36330.0	8.0	3.0	6.0	4,4,4,4,1	0,3,11,41,292	1.0	21.54254913330078	0.961629074276469
7961.0	36331.0	8.0	1.0	14.0	2,4,1,4,1,1,4,4,1,4,4,4,1	0,5,19,3,25,9,2,6,58,2,5,17,207	0.0	21.542552947998047	0.9616290809390312
7997.0	36332.0	8.0	3.0	6.0	4,4,4,4,1	0,3,11,45,297	1.0	21.54254913330078	0.961629074276469
8207.0	36333.0	8.0	3.0	6.0	1,4,4,4,1	0,3,9,44,298	1.0	21.542552947998047	0.9616290809390312
8816.0	36334.0	8.0	3.0	14.0	4,4,1,1,4,4,1,4,1,4,4,3,1	0,7,27,2,2,6,56,2,6,3,7,20,193	1.0	21.542552947998047	0.9616290809390312
8574.0	36335.0	8.0	3.0	9.0	1,4,4,1,4,4,2,1	0,5,17,97,2,7,29,193	1.0	21.54254913330078	0.961629074276469
8657.0	36336.0	8.0	3.0	10.0	4,4,1,4,1,4,4,4,1	0,5,18,18,76,2,6,18,204	1.0	21.542552947998047	0.9616290809390312
8619.0	36337.0	8.0	3.0	8.0	4,4,1,4,4,2,1	0,3,11,3,25,82,224	1.0	21.54254913330078	0.961629074276469
8731.0	36338.0	8.0	3.0	5.0	4,4,4,1	0,8,37,297	1.0	21.542552947998047	0.9616290809390312
7842.0	36344.0	8.0	3.0	6.0	3,4,4,4,1	0,5,12,50,298	1.0	21.54254913330078	0.961629074276469
8290.0	36345.0	8.0	3.0	6.0	4,4,4,4,1	0,3,8,41,298	1.0	21.54254913330078	0.961629074276469
8830.0	36346.0	8.0	1.0	10.0	4,1,1,4,1,4,4,4,1	0,5,18,9,66,2,5,16,208	0.0	21.542552947998047	0.9616290809390312
8279.0	36347.0	8.0	3.0	6.0	4,4,4,4,1	0,4,13,40,294	1.0	21.54254913330078	0.961629074276469
8204.0	36348.0	8.0	3.0	6.0	1,4,4,4,1	0,4,12,41,297	1.0	21.54254913330078	0.961629074276469
7978.0	36351.0	8.0	3.0	6.0	4,4,4,4,1	0,4,13,43,297	1.0	21.54254913330078	0.961629074276469
8746.0	36360.0	8.0	3.0	13.0	1,4,1,4,1,4,1,4,2,4,2,1	0,6,36,2,7,2,6,3,47,9,29,193	1.0	21.542552947998047	0.9616290809390312
7945.0	36361.0	8.0	3.0	6.0	4,4,4,4,1	0,4,13,46,296	1.0	21.54254913330078	0.961629074276469
8010.0	36362.0	8.0	3.0	6.0	4,4,4,4,1	0,4,13,42,296	1.0	21.54254913330078	0.961629074276469
8258.0	36363.0	8.0	3.0	6.0	4,4,4,4,1	0,3,9,42,298	1.0	21.54254913330078	0.961629074276469
8788.0	36364.0	8.0	3.0	11.0	4,4,1,4,1,4,2,4,2,1	0,3,24,9,66,2,6,7,23,193	1.0	21.542552947998047	0.9616290809390312
7930.0	36365.0	8.0	3.0	8.0	4,4,1,4,4,4,1	0,4,13,2,7,35,298	1.0	21.54254913330078	0.961629074276469
7861.0	36366.0	8.0	1.0	13.0	4,4,4,2,1,4,4,1,4,4,2,1	0,3,7,24,33,2,7,59,2,8,27,193	0.0	21.542552947998047	0.9616290809390312
8745.0	36367.0	8.0	1.0	5.0	4,4,4,1	0,6,36,298	0.0	21.542552947998047	0.9616290809390312
8283.0	36368.0	8.0	1.0	7.0	1,1,4,4,4,1	0,3,2,6,41,298	0.0	21.54254913330078	0.961629074276469
7971.0	36369.0	8.0	3.0	6.0	4,4,4,4,1	0,4,13,44,296	1.0	21.54254913330078	0.961629074276469
7903.0	36370.0	8.0	3.0	6.0	4,4,4,4,1	0,3,8,45,306	1.0	21.54254913330078	0.961629074276469
7995.0	36371.0	8.0	3.0	6.0	4,4,4,4,1	0,4,12,45,295	1.0	21.54254913330078	0.961629074276469
7980.0	36373.0	8.0	3.0	6.0	4,4,4,4,1	0,3,10,47,297	1.0	21.54254913330078	0.961629074276469
8871.0	36374.0	8.0	3.0	9.0	4,4,4,1,4,4,2,1	0,4,12,51,2,8,27,193	1.0	21.542552947998047	0.9616290809390312
7952.0	36375.0	8.0	1.0	8.0	4,4,1,4,4,4,1	0,3,8,2,7,40,298	0.0	21.54254913330078	0.961629074276469
7942.0	36376.0	8.0	3.0	6.0	4,4,4,4,1	0,4,13,46,296	1.0	21.54254913330078	0.961629074276469
8316.0	36397.0	307.0	3.0	5.0	4,4,4,4	0,4,13,48	1.0	21.542552947998047	0.22280052436856737
8418.0	36398.0	258.0	4.0	13.0	1,1,1,4,1,4,1,4,1,1,4,4	0,5,2,1,4,3,8,3,10,15,9,48	1.0	21.542552947998047	0.28313576321106465
8324.0	36399.0	306.0	3.0	5.0	4,4,4,4	0,4,12,50	1.0	21.542552947998047	0.22389286826319463
8408.0	36400.0	301.0	3.0	5.0	4,4,4,4	0,4,15,47	1.0	21.542552947998047	0.22943544778152938
8425.0	36401.0	298.0	1.0	5.0	4,4,4,4	0,4,15,49	0.0	21.542552947998047	0.2328266404387055
8329.0	36402.0	304.0	3.0	5.0	4,4,4,4	0,5,14,49	1.0	21.542552947998047	0.22609364890341746
8385.0	36403.0	307.0	3.0	5.0	4,4,4,4	0,3,9,49	1.0	21.542552947998047	0.22280052436856737
8346.0	36404.0	307.0	3.0	5.0	4,4,4,4	0,3,10,51	1.0	21.542552947998047	0.22280052436856737
8376.0	36405.0	302.0	3.0	5.0	4,4,4,4	0,5,14,47	1.0	21.542552947998047	0.22831606236948215
8315.0	36406.0	306.0	2.0	5.0	1,4,4,4	0,4,12,50	1.0	21.542552947998047	0.22389286826319463
8313.0	36407.0	304.0	3.0	5.0	4,4,4,4	0,5,15,50	1.0	21.542552947998047	0.22609364890341746
8501.0	36408.0	240.0	1.0	14.0	1,1,1,1,1,1,1,1,4,4,2,4,4	0,4,2,2,3,2,2,4,3,6,27,10,57	0.0	21.542552947998047	0.3091915774285213
8661.0	36409.0	291.0	3.0	5.0	4,4,4,4	0,5,14,48	1.0	21.542552947998047	0.2409356314566638
8362.0	36410.0	208.0	1.0	8.0	1,4,4,1,4,4,4	0,5,21,103,2,6,24	0.0	21.542552947998047	0.36157408925524165
8493.0	36411.0	213.0	1.0	8.0	4,1,4,4,2,4,2	0,5,2,7,34,25,77	0.0	21.54254913330078	0.35283930962847615
8422.0	36412.0	298.0	3.0	5.0	4,4,4,4	0,4,15,49	1.0	21.542552947998047	0.2328266404387055
8490.0	36413.0	296.0	1.0	5.0	4,4,4,4	0,5,15,47	0.0	21.542552947998047	0.2351152366176748
8333.0	36414.0	303.0	2.0	5.0	4,4,4,4	0,4,15,50	1.0	21.542552947998047	0.22720213829182254
8806.0	36415.0	258.0	3.0	6.0	4,2,1,4,4	0,6,19,9,48	1.0	21.54254913330078	0.2831356999468544
8354.0	36416.0	307.0	3.0	5.0	4,4,4,4	0,3,10,51	1.0	21.542552947998047	0.22280052436856737
8841.0	36417.0	219.0	3.0	5.0	4,4,4,2	0,5,26,88	1.0	21.542552947998047	0.3426357978456042
8325.0	36418.0	307.0	3.0	5.0	4,4,4,4	0,3,10,52	1.0	21.542552947998047	0.22280052436856737
8629.0	36419.0	291.0	3.0	5.0	1,4,4,4	0,4,14,49	1.0	21.542552947998047	0.2409356314566638
8382.0	36420.0	296.0	1.0	5.0	4,4,4,4	0,5,15,52	0.0	21.542552947998047	0.2351152366176748
8386.0	36421.0	298.0	2.0	5.0	4,4,4,4	0,5,14,51	1.0	21.542552947998047	0.2328266404387055
8534.0	36422.0	208.0	3.0	9.0	4,4,4,1,4,4,4,4	0,5,16,82,18,2,6,24	1.0	21.542552947998047	0.36157408925524165
8533.0	36423.0	293.0	1.0	5.0	4,4,4,4	0,4,15,49	0.0	21.542552947998047	0.23859037993889035
8427.0	36424.0	295.0	3.0	5.0	4,4,4,4	0,4,15,52	1.0	21.542552947998047	0.23626795694443803
8838.0	36425.0	218.0	3.0	5.0	4,4,4,2	0,4,27,89	1.0	21.542552947998047	0.3443156687656485
8370.0	36426.0	298.0	3.0	5.0	4,4,4,4	0,5,15,51	1.0	21.542552947998047	0.2328266404387055
8604.0	36427.0	258.0	3.0	9.0	1,1,1,4,4,1,4,4	0,4,3,2,6,28,9,48	1.0	21.54254913330078	0.2831356999468544
8499.0	36428.0	293.0	3.0	5.0	4,4,4,4	0,5,14,50	1.0	21.542552947998047	0.23859037993889035
8321.0	36429.0	298.0	3.0	7.0	1,1,4,4,4,4	0,3,2,5,14,50	1.0	21.54254913330078	0.23282658035003653
8380.0	36430.0	298.0	1.0	5.0	4,4,4,4	0,5,15,50	0.0	21.542552947998047	0.2328266404387055
8509.0	36431.0	287.0	3.0	7.0	1,1,4,4,4,4	0,4,2,5,15,49	1.0	21.54254913330078	0.24569545878097696
8405.0	36432.0	296.0	3.0	5.0	4,4,4,4	0,5,15,51	1.0	21.542552947998047	0.2351152366176748
8322.0	36433.0	307.0	1.0	5.0	1,4,4,4	0,3,10,52	0.0	21.542552947998047	0.22280052436856737
8334.0	36434.0	307.0	3.0	5.0	4,4,4,4	0,3,10,52	1.0	21.542552947998047	0.22280052436856737
8292.0	36435.0	307.0	1.0	5.0	3,4,4,4	0,3,11,53	0.0	21.542552947998047	0.22280052436856737
8311.0	36436.0	301.0	3.0	5.0	4,4,4,4	0,5,15,53	1.0	21.542552947998047	0.22943544778152938
8559.0	36437.0	290.0	3.0	5.0	4,4,4,4	0,4,15,50	1.0	21.542552947998047	0.24211688794950978
8632.0	36438.0	287.0	1.0	5.0	4,4,4,4	0,5,15,51	0.0	21.542552947998047	0.2456955198502548
8411.0	36439.0	298.0	1.0	5.0	4,4,4,4	0,4,14,51	0.0	21.542552947998047	0.2328266404387055
8413.0	36440.0	297.0	3.0	5.0	4,4,4,4	0,4,15,51	1.0	21.542552947998047	0.23396814026196927
8342.0	36441.0	298.0	3.0	5.0	4,4,4,4	0,4,16,53	1.0	21.542552947998047	0.2328266404387055
8858.0	36442.0	258.0	2.0	4.0	4,4,4	0,5,43	1.0	21.542552947998047	0.28313576321106465
8368.0	36443.0	297.0	3.0	5.0	4,4,4,4	0,5,15,52	1.0	21.542552947998047	0.23396814026196927
8517.0	36444.0	240.0	1.0	9.0	1,1,4,4,2,1,4,4	0,3,2,7,34,28,2,45	0.0	21.542552947998047	0.3091915774285213
8475.0	36445.0	291.0	1.0	5.0	4,4,4,4	0,4,16,52	0.0	21.542552947998047	0.2409356314566638
8719.0	36446.0	258.0	1.0	7.0	1,1,4,1,4,4	0,3,5,28,9,48	0.0	21.542552947998047	0.28313576321106465
8503.0	36447.0	239.0	1.0	13.0	4,1,4,1,4,4,1,1,4,4,2,4	0,3,2,6,2,7,35,2,2,5,13,46	0.0	21.542552947998047	0.3107074784024145
8337.0	36448.0	297.0	3.0	5.0	4,4,4,4	0,5,15,54	1.0	21.542552947998047	0.23396814026196927
8308.0	36449.0	302.0	3.0	5.0	1,4,4,4	0,5,15,52	1.0	21.542552947998047	0.22831606236948215
8631.0	36450.0	287.0	3.0	5.0	1,4,4,4	0,4,14,53	1.0	21.542552947998047	0.2456955198502548
8847.0	36451.0	216.0	3.0	5.0	4,4,4,2	0,5,26,91	1.0	21.542552947998047	0.34770015914188523
8466.0	36452.0	290.0	3.0	5.0	4,4,4,4	0,5,16,53	1.0	21.542552947998047	0.24211688794950978
8319.0	36453.0	297.0	3.0	5.0	4,4,4,4	0,5,16,54	1.0	21.542552947998047	0.23396814026196927
8302.0	36454.0	298.0	1.0	5.0	4,4,4,4	0,5,15,56	0.0	21.542552947998047	0.2328266404387055
8546.0	36455.0	290.0	1.0	5.0	4,4,4,4	0,4,14,52	0.0	21.542552947998047	0.24211688794950978
8366.0	36456.0	297.0	3.0	5.0	4,4,4,4	0,4,16,52	1.0	21.542552947998047	0.23396814026196927
8506.0	36457.0	290.0	3.0	5.0	1,4,4,4	0,5,15,52	1.0	21.542552947998047	0.24211688794950978
8834.0	36458.0	212.0	1.0	5.0	4,4,4,2	0,4,27,95	0.0	21.542552947998047	0.35456927161787405
8304.0	36459.0	298.0	1.0	5.0	4,4,4,4	0,5,15,56	0.0	21.542552947998047	0.2328266404387055
8432.0	36460.0	212.0	3.0	8.0	4,4,1,4,4,4,2	0,5,18,3,7,27,94	1.0	21.54254913330078	0.35456920651792917
8751.0	36461.0	240.0	3.0	12.0	4,1,1,4,2,1,4,1,4,4,4	0,4,2,3,19,9,2,6,2,5,51	1.0	21.542552947998047	0.3091915774285213
8293.0	36462.0	298.0	3.0	5.0	3,4,4,4	0,5,16,55	1.0	21.542552947998047	0.2328266404387055
8355.0	36463.0	293.0	3.0	5.0	4,4,4,4	0,5,15,56	1.0	21.542552947998047	0.23859037993889035
8305.0	36464.0	298.0	1.0	5.0	4,4,4,4	0,5,15,56	0.0	21.542552947998047	0.2328266404387055
8473.0	36465.0	291.0	2.0	5.0	4,4,4,4	0,5,16,52	1.0	21.542552947998047	0.2409356314566638
8402.0	36466.0	293.0	2.0	5.0	4,4,4,4	0,5,15,54	1.0	21.542552947998047	0.23859037993889035
8338.0	36467.0	295.0	1.0	5.0	4,4,4,4	0,5,17,54	0.0	21.542552947998047	0.23626795694443803
8341.0	36468.0	292.0	2.0	5.0	4,4,4,4	0,5,17,57	1.0	21.542552947998047	0.23976013815908154
8809.0	36469.0	208.0	1.0	5.0	4,4,4,2	0,4,29,99	0.0	21.542552947998047	0.36157408925524165
8528.0	36470.0	285.0	3.0	5.0	1,4,4,4	0,5,16,55	1.0	21.542552947998047	0.24811061215609945
8335.0	36471.0	292.0	3.0	5.0	4,4,4,4	0,5,17,57	1.0	21.542552947998047	0.23976013815908154
8478.0	36472.0	287.0	3.0	5.0	4,4,4,4	0,4,16,56	1.0	21.542552947998047	0.2456955198502548
8444.0	36473.0	287.0	3.0	5.0	4,4,4,4	0,5,17,56	1.0	21.542552947998047	0.2456955198502548
8554.0	36474.0	285.0	1.0	5.0	1,4,4,4	0,5,15,55	0.0	21.542552947998047	0.24811061215609945
8716.0	36475.0	239.0	1.0	10.0	4,1,4,1,3,1,4,4,4	0,4,4,10,18,20,2,6,48	0.0	21.542552947998047	0.3107074784024145
8540.0	36476.0	239.0	1.0	13.0	1,1,4,2,1,1,1,3,4,3,4,4	0,4,2,6,9,2,3,1,3,16,16,59	0.0	21.542552947998047	0.3107074784024145
8539.0	36477.0	239.0	3.0	12.0	1,1,1,4,4,1,4,1,4,4,4	0,4,2,3,9,35,2,7,2,6,51	1.0	21.54254913330078	0.3107074140902293
8349.0	36478.0	291.0	3.0	5.0	4,4,4,4	0,5,17,58	1.0	21.542552947998047	0.2409356314566638
8309.0	36479.0	291.0	1.0	5.0	4,4,4,4	0,5,18,60	0.0	21.542552947998047	0.2409356314566638
8602.0	36480.0	208.0	3.0	7.0	1,1,4,4,4,2	0,3,2,6,32,107	1.0	21.54254913330078	0.3615740241217588
8547.0	36481.0	285.0	3.0	5.0	4,4,4,4	0,5,16,54	1.0	21.542552947998047	0.24811061215609945
8476.0	36482.0	240.0	3.0	7.0	4,4,4,1,4,4	0,4,16,56,2,45	1.0	21.542552947998047	0.3091915774285213
8492.0	36483.0	287.0	2.0	5.0	4,4,4,4	0,4,16,56	1.0	21.542552947998047	0.2456955198502548
8440.0	36484.0	240.0	1.0	7.0	1,4,4,1,4,4	0,5,17,56,2,45	0.0	21.54254913330078	0.309191513162331
8864.0	36485.0	239.0	1.0	6.0	4,1,4,4,4	0,5,3,11,48	0.0	21.54254913330078	0.3107074140902293
8441.0	36486.0	287.0	3.0	5.0	4,4,4,4	0,5,17,56	1.0	21.542552947998047	0.2456955198502548
8331.0	36487.0	290.0	1.0	5.0	4,4,4,4	0,5,18,59	0.0	21.542552947998047	0.24211688794950978
8312.0	36488.0	291.0	3.0	5.0	4,4,4,4	0,5,18,60	1.0	21.542552947998047	0.2409356314566638
8298.0	36489.0	292.0	3.0	5.0	4,4,4,4	0,5,18,59	1.0	21.542552947998047	0.23976013815908154
8356.0	36490.0	240.0	1.0	14.0	1,1,1,1,4,4,1,4,4,1,4,4,4	0,5,2,2,2,5,13,2,5,26,2,7,58	0.0	21.542552947998047	0.3091915774285213
8860.0	36491.0	239.0	1.0	6.0	1,1,4,4,4	0,5,3,8,51	0.0	21.542552947998047	0.3107074784024145
8594.0	36492.0	239.0	1.0	7.0	1,4,4,1,4,4	0,4,15,49,4,48	0.0	21.542552947998047	0.3107074784024145
8369.0	36493.0	239.0	3.0	8.0	4,4,4,1,4,4,4	0,5,15,51,2,9,48	1.0	21.54254913330078	0.3107074140902293
8323.0	36494.0	287.0	3.0	5.0	4,4,4,4	0,5,18,62	1.0	21.542552947998047	0.2456955198502548
8549.0	36495.0	239.0	1.0	8.0	4,4,4,1,4,4,4	0,4,13,46,2,8,48	0.0	21.54254913330078	0.3107074140902293
8521.0	36496.0	240.0	3.0	10.0	1,4,1,4,1,1,4,4,4	0,5,16,2,23,9,2,6,58	1.0	21.54254913330078	0.309191513162331
8288.0	36538.0	9.0	3.0	7.0	4,1,4,4,4,1	0,5,3,8,37,297	1.0	21.542552947998047	0.9569374189686957
8768.0	36539.0	26.0	1.0	11.0	4,1,4,4,1,4,1,4,4,2	0,4,2,22,76,2,8,3,7,193	0.0	21.542552947998047	0.8805918518934133
8828.0	36540.0	26.0	1.0	12.0	1,1,1,1,4,4,1,4,4,2,2	0,5,18,9,2,6,58,2,6,17,189	0.0	21.542552947998047	0.8805918518934133
8254.0	36541.0	26.0	3.0	10.0	4,4,4,1,1,4,4,2,2	0,5,16,53,47,2,5,16,191	1.0	21.542552947998047	0.8805918518934133
8569.0	36542.0	2.0	1.0	11.0	1,4,1,4,4,1,4,4,4,1	0,5,14,2,5,26,2,7,59,237	0.0	21.54254913330078	0.9902660643556226
8823.0	36543.0	3.0	3.0	6.0	4,4,4,2,1	0,5,27,94,209	1.0	21.54254913330078	0.9854346854513945
7965.0	36544.0	3.0	1.0	6.0	4,4,4,4,1	0,4,15,52,293	0.0	21.54254913330078	0.9854346854513945
7922.0	36545.0	3.0	3.0	6.0	4,4,4,4,1	0,4,14,53,295	1.0	21.54254913330078	0.9854346854513945
7943.0	36546.0	3.0	1.0	6.0	4,4,4,4,1	0,4,15,51,295	0.0	21.54254913330078	0.9854346854513945
7987.0	36547.0	3.0	3.0	6.0	4,4,4,4,1	0,4,14,49,295	1.0	21.54254913330078	0.9854346854513945
7933.0	36548.0	3.0	3.0	6.0	4,4,4,4,1	0,5,14,47,299	1.0	21.54254913330078	0.9854346854513945
8193.0	36549.0	26.0	3.0	13.0	4,4,1,4,1,4,4,1,4,4,2,2	0,4,12,5,36,2,7,59,2,5,17,189	1.0	21.542552947998047	0.8805918518934133
8211.0	36550.0	3.0	4.0	10.0	1,4,1,1,4,4,4,2,1	0,4,12,4,3,7,27,89,214	1.0	21.542552947998047	0.985434688011706
8802.0	36551.0	3.0	4.0	6.0	4,4,4,2,1	0,4,29,99,205	1.0	21.54254913330078	0.9854346854513945
8818.0	36552.0	2.0	4.0	6.0	1,4,4,2,1	0,4,29,99,206	1.0	21.54254913330078	0.9902660643556226
8695.0	36553.0	2.0	4.0	9.0	4,4,4,1,4,4,4,1	0,3,9,37,2,7,57,237	1.0	21.54254913330078	0.9902660643556226
7973.0	36554.0	3.0	2.0	6.0	1,4,4,4,1	0,4,15,49,295	1.0	21.54254913330078	0.9854346854513945
8748.0	36555.0	3.0	4.0	11.0	4,4,1,4,4,1,4,4,4,1	0,6,36,2,7,59,2,8,27,199	1.0	21.542552947998047	0.985434688011706
7881.0	36556.0	3.0	1.0	6.0	4,4,4,4,1	0,4,14,49,302	0.0	21.54254913330078	0.9854346854513945
7898.0	36557.0	3.0	4.0	6.0	4,4,4,4,1	0,3,11,50,304	1.0	21.54254913330078	0.9854346854513945
7975.0	36558.0	3.0	4.0	6.0	4,4,4,4,1	0,4,15,49,295	1.0	21.54254913330078	0.9854346854513945
8262.0	36559.0	3.0	4.0	6.0	4,4,4,4,1	0,4,14,50,289	1.0	21.54254913330078	0.9854346854513945
7998.0	36560.0	3.0	4.0	6.0	4,4,4,4,1	0,3,9,46,304	1.0	21.54254913330078	0.9854346854513945
7841.0	36561.0	2.0	1.0	13.0	3,3,4,4,4,1,4,4,1,3,1,1	0,18,2,6,18,108,2,6,24,6,176,24	0.0	21.542552947998047	0.9902660660708654
7916.0	36562.0	3.0	4.0	6.0	4,4,4,4,1	0,3,10,49,304	1.0	21.54254913330078	0.9854346854513945
8787.0	36563.0	2.0	2.0	15.0	1,4,1,1,4,1,4,4,1,4,4,2,1,1	0,3,24,9,2,6,2,6,51,2,6,18,187,24	1.0	21.542552947998047	0.9902660660708654
7894.0	36564.0	3.0	4.0	6.0	4,4,4,4,1	0,5,15,53,295	1.0	21.54254913330078	0.9854346854513945
7939.0	36565.0	3.0	4.0	6.0	4,4,4,4,1	0,3,10,48,304	1.0	21.54254913330078	0.9854346854513945
7983.0	36566.0	2.0	4.0	13.0	4,1,4,4,1,4,1,1,4,4,4,1	0,5,2,6,17,3,26,2,2,5,58,238	1.0	21.542552947998047	0.9902660660708654
8774.0	36567.0	3.0	4.0	12.0	1,1,1,1,1,1,2,4,4,4,1	0,5,2,3,18,9,2,3,6,55,237	1.0	21.542552947998047	0.985434688011706
8938.0	36568.0	1.0	4.0	7.0	4,1,4,4,1,1	0,4,3,7,196,25	1.0	21.542552947998047	0.995121131355809
8005.0	36569.0	1.0	4.0	8.0	4,4,4,1,4,4,1	0,3,8,39,9,66,239	1.0	21.54254913330078	0.995121130493983
8264.0	36570.0	2.0	1.0	13.0	1,1,4,4,1,4,1,4,4,2,1,1	0,5,2,5,15,18,76,2,6,23,182,24	0.0	21.542552947998047	0.9902660660708654
8568.0	36571.0	1.0	4.0	12.0	4,4,4,1,4,4,1,4,4,1,1	0,4,12,38,2,7,57,2,8,203,25	1.0	21.542552947998047	0.995121131355809
7931.0	36572.0	2.0	4.0	6.0	4,4,4,4,1	0,5,16,60,285	1.0	21.54254913330078	0.9902660643556226
8827.0	36573.0	2.0	4.0	7.0	1,1,1,4,4,1	0,5,18,9,66,238	1.0	21.542552947998047	0.9902660660708654
8620.0	36574.0	1.0	4.0	7.0	1,4,4,4,1,1	0,3,11,38,296,8	1.0	21.54254913330078	0.995121130493983
8242.0	36575.0	2.0	4.0	6.0	4,4,4,4,1	0,4,15,55,285	1.0	21.54254913330078	0.9902660643556226
8644.0	36576.0	1.0	4.0	9.0	4,4,4,1,4,4,4,1	0,3,11,37,2,5,58,239	1.0	21.54254913330078	0.995121130493983
7847.0	36577.0	2.0	1.0	6.0	4,4,4,4,1	0,5,18,64,285	0.0	21.54254913330078	0.9902660643556226
8638.0	36578.0	2.0	4.0	15.0	1,4,1,4,4,1,4,1,3,3,1,3,1,1	0,3,11,3,25,84,2,7,1,3,10,6,176,24	1.0	21.542552947998047	0.9902660660708654
9036.0	36579.0	3.0	4.0	2.0	4	0	1.0	21.542552947998047	0.985434688011706
7846.0	36580.0	1.0	4.0	11.0	4,4,4,4,1,4,2,2,1,1	0,3,9,29,111,2,7,11,176,25	1.0	21.542552947998047	0.995121131355809
8791.0	36581.0	2.0	4.0	8.0	4,1,4,1,4,4,1	0,4,2,21,9,66,238	1.0	21.54254913330078	0.9902660643556226
8230.0	36582.0	2.0	4.0	8.0	4,4,2,1,4,4,1	0,4,15,28,9,66,238	1.0	21.54254913330078	0.9902660643556226
7926.0	36583.0	1.0	4.0	9.0	4,4,4,1,4,4,4,1	0,3,10,48,2,7,59,238	1.0	21.54254913330078	0.995121130493983
7853.0	36584.0	2.0	4.0	6.0	4,4,4,4,1	0,5,16,60,291	1.0	21.54254913330078	0.9902660643556226
8966.0	36585.0	2.0	1.0	6.0	4,2,2,1,1	0,5,8,182,24	0.0	21.54254913330078	0.9902660643556226
8727.0	36586.0	1.0	4.0	12.0	4,2,1,4,4,1,4,4,1,1,1	0,8,6,4,26,78,3,6,18,176,25	1.0	21.542552947998047	0.995121131355809
8940.0	36587.0	1.0	4.0	6.0	4,4,4,1,1	0,3,11,196,25	1.0	21.54254913330078	0.995121130493983
8265.0	36588.0	2.0	2.0	6.0	4,4,4,4,1	0,5,15,53,285	1.0	21.54254913330078	0.9902660643556226
7862.0	36589.0	1.0	4.0	15.0	1,4,4,1,4,1,4,4,1,2,4,4,1,1	0,3,11,53,2,7,2,9,48,2,3,9,199,25	1.0	21.542552947998047	0.995121131355809
8236.0	36590.0	2.0	1.0	12.0	1,1,1,1,4,4,1,4,4,4,1	0,5,2,2,2,8,36,2,7,58,238	0.0	21.542552947998047	0.9902660660708654
8712.0	36591.0	2.0	1.0	7.0	4,4,4,1,4,1	0,4,13,49,47,238	0.0	21.542552947998047	0.9902660660708654
8614.0	36592.0	1.0	4.0	9.0	1,1,4,4,1,4,4,1	0,3,2,5,33,9,67,238	1.0	21.54254913330078	0.995121130493983
8283.0	36593.0	1.0	4.0	8.0	1,1,4,4,4,1,1	0,3,2,6,41,298,8	1.0	21.54254913330078	0.995121130493983
7961.0	36594.0	1.0	4.0	15.0	2,4,1,4,1,1,4,4,1,4,4,4,1,1	0,5,19,3,25,9,2,6,58,2,5,17,207,8	1.0	21.542552947998047	0.995121131355809
8805.0	36595.0	2.0	1.0	16.0	1,1,4,1,1,4,4,1,4,4,1,4,3,1,1	0,3,4,26,2,2,6,57,2,5,15,2,8,182,24	0.0	21.542552947998047	0.9902660660708654
9019.0	36596.0	2.0	4.0	8.0	1,1,4,1,3,1,1	0,3,2,8,6,176,24	1.0	21.54254913330078	0.9902660643556226
8815.0	36597.0	2.0	4.0	14.0	1,4,1,4,1,1,4,1,4,4,2,1,1	0,3,22,9,66,2,2,5,2,7,20,176,24	1.0	21.542552947998047	0.9902660660708654
9030.0	36598.0	1.0	1.0	8.0	4,2,1,3,1,1,1	0,3,4,5,6,176,25	0.0	21.54254913330078	0.995121130493983
8745.0	36599.0	1.0	1.0	6.0	4,4,4,1,1	0,6,36,298,8	0.0	21.54254913330078	0.995121130493983
8803.0	36600.0	1.0	4.0	15.0	1,4,1,1,4,1,4,4,1,4,4,2,1,1	0,4,29,2,2,5,2,6,51,2,5,17,189,25	1.0	21.542552947998047	0.995121131355809
7883.0	36601.0	1.0	1.0	7.0	4,4,4,3,1,1	0,4,11,50,281,25	0.0	21.542552947998047	0.995121131355809
8229.0	36602.0	1.0	4.0	11.0	4,4,1,4,4,1,4,4,1,1	0,5,17,2,23,78,3,12,196,25	1.0	21.542552947998047	0.995121131355809
8635.0	36603.0	2.0	4.0	11.0	1,1,1,4,4,1,4,4,4,1	0,4,2,2,6,36,2,7,59,237	1.0	21.54254913330078	0.9902660643556226
8773.0	36604.0	2.0	4.0	14.0	1,1,4,1,4,1,4,4,1,3,3,1,1	0,3,2,23,9,66,2,6,19,5,6,176,24	1.0	21.542552947998047	0.9902660660708654
8987.0	36605.0	1.0	4.0	6.0	1,3,2,1,1	0,4,15,176,25	1.0	21.54254913330078	0.995121130493983
8248.0	36606.0	2.0	4.0	6.0	4,4,4,4,1	0,4,15,55,285	1.0	21.54254913330078	0.9902660643556226
9003.0	36607.0	2.0	4.0	6.0	1,4,1,2,1	0,3,16,176,24	1.0	21.542552947998047	0.9902660660708654
8850.0	36608.0	2.0	4.0	7.0	4,4,1,4,4,1	0,3,11,2,50,238	1.0	21.542552947998047	0.9902660660708654
8696.0	36609.0	2.0	1.0	8.0	4,4,1,1,4,4,1	0,5,16,18,9,66,238	0.0	21.54254913330078	0.9902660643556226
7838.0	36610.0	2.0	1.0	10.0	3,3,4,2,1,4,2,1,1	0,18,19,65,75,2,11,176,24	0.0	21.542552947998047	0.9902660660708654
8634.0	36611.0	2.0	4.0	7.0	4,4,1,4,4,1	0,6,36,9,66,238	1.0	21.542552947998047	0.9902660660708654
8653.0	36612.0	2.0	4.0	10.0	1,4,1,4,1,4,4,4,1	0,5,14,4,26,2,7,59,237	1.0	21.54254913330078	0.9902660643556226
8203.0	36613.0	2.0	4.0	6.0	4,4,4,4,1	0,5,16,55,285	1.0	21.54254913330078	0.9902660643556226
7885.0	36614.0	2.0	4.0	6.0	4,4,4,4,1	0,5,18,62,285	1.0	21.54254913330078	0.9902660643556226
7927.0	36615.0	1.0	4.0	9.0	4,3,1,4,4,4,1,1	0,5,14,2,7,34,280,25	1.0	21.542552947998047	0.995121131355809
8804.0	36616.0	2.0	4.0	8.0	4,4,1,4,4,4,1	0,7,27,2,6,59,237	1.0	21.54254913330078	0.9902660643556226
8570.0	36617.0	2.0	4.0	8.0	4,4,4,1,4,4,1	0,5,15,49,3,48,237	1.0	21.54254913330078	0.9902660643556226
8263.0	36618.0	2.0	4.0	6.0	4,4,4,4,1	0,4,16,53,285	1.0	21.54254913330078	0.9902660643556226
7861.0	36619.0	1.0	4.0	14.0	4,4,4,2,1,4,4,1,4,4,2,1,1	0,3,7,24,33,2,7,59,2,8,27,193,8	1.0	21.542552947998047	0.995121131355809
8831.0	36620.0	1.0	4.0	10.0	1,1,4,1,4,4,2,1,1	0,5,18,76,2,5,15,191,25	1.0	21.54254913330078	0.995121130493983
8640.0	36621.0	2.0	4.0	8.0	4,4,4,1,4,4,1	0,4,13,44,3,53,238	1.0	21.54254913330078	0.9902660643556226
7868.0	36622.0	1.0	1.0	15.0	4,4,1,4,4,1,4,4,1,4,4,1,1,1	0,5,18,2,7,34,2,6,59,2,8,27,176,25	0.0	21.542552947998047	0.995121131355809
8796.0	36623.0	2.0	4.0	8.0	4,4,1,4,4,4,1	0,4,31,2,7,59,237	1.0	21.54254913330078	0.9902660643556226
8577.0	36624.0	2.0	4.0	10.0	1,1,4,4,1,4,4,4,1	0,5,2,8,36,2,7,58,238	1.0	21.54254913330078	0.9902660643556226
8795.0	36626.0	2.0	4.0	8.0	4,4,1,4,4,4,1	0,5,30,2,7,59,237	1.0	21.54254913330078	0.9902660643556226
8648.0	36627.0	2.0	4.0	12.0	1,1,1,1,1,1,1,4,4,4,1	0,5,2,2,4,3,2,2,21,76,237	1.0	21.542552947998047	0.9902660660708654
8007.0	36628.0	2.0	4.0	9.0	4,4,1,4,1,4,4,1	0,5,19,2,23,9,66,238	1.0	21.542552947998047	0.9902660660708654
8701.0	36629.0	2.0	4.0	9.0	4,4,4,1,4,4,4,1	0,3,8,36,2,7,59,237	1.0	21.54254913330078	0.9902660643556226
8654.0	36630.0	1.0	4.0	8.0	4,1,4,4,4,1,1	0,5,2,6,36,281,25	1.0	21.54254913330078	0.995121130493983
8820.0	36631.0	2.0	4.0	8.0	1,4,1,4,4,4,1	0,4,29,2,7,59,237	1.0	21.542552947998047	0.9902660660708654
8967.0	36632.0	1.0	4.0	6.0	4,2,2,2,1	0,5,8,182,25	1.0	21.54254913330078	0.995121130493983
8830.0	36633.0	1.0	4.0	11.0	4,1,1,4,1,4,4,4,1,1	0,5,18,9,66,2,5,16,208,8	1.0	21.542552947998047	0.995121131355809
8576.0	36634.0	2.0	4.0	8.0	1,1,4,4,4,1,1	0,5,2,8,36,281,24	1.0	21.54254913330078	0.9902660643556226
8618.0	36635.0	2.0	4.0	10.0	1,1,4,4,1,4,4,4,1	0,3,3,8,36,2,7,59,237	1.0	21.54254913330078	0.9902660643556226
7937.0	36636.0	2.0	3.0	9.0	4,4,1,4,4,4,2,1	0,5,20,3,7,27,98,206	1.0	21.542552947998047	0.9902660660708654
8725.0	36637.0	1.0	4.0	6.0	4,4,4,1,1	0,8,36,281,25	1.0	21.54254913330078	0.995121130493983
8942.0	36662.0	1.0	3.0	7.0	4,4,4,1,1,1	0,3,11,94,125,2	1.0	21.542552947998047	0.995121131355809
8949.0	36663.0	1.0	3.0	8.0	4,1,4,3,1,1,1	0,4,3,8,90,125,2	1.0	21.54254913330078	0.995121130493983
8920.0	36664.0	1.0	1.0	7.0	4,4,2,2,1,1	0,4,15,89,125,2	0.0	21.542552947998047	0.995121131355809
8931.0	36665.0	1.0	3.0	7.0	4,4,4,1,1,1	0,3,10,93,125,2	1.0	21.542552947998047	0.995121131355809
8979.0	36667.0	2.0	3.0	7.0	1,2,2,3,1,2	0,4,5,10,199,1	1.0	21.54254913330078	0.9902660643556226
8980.0	36668.0	1.0	3.0	7.0	1,4,1,1,1,1	0,3,16,14,185,2	1.0	21.54254913330078	0.995121130493983
8881.0	36669.0	1.0	3.0	15.0	4,2,1,1,1,4,1,2,2,3,3,3,1,1	0,4,5,2,3,2,5,2,4,5,6,14,185,2	1.0	21.542552947998047	0.995121131355809
8960.0	36670.0	1.0	3.0	9.0	4,1,1,4,2,4,1,1	0,5,2,2,6,10,205,2	1.0	21.54254913330078	0.995121130493983
8876.0	36671.0	1.0	2.0	7.0	1,4,2,2,1,1	0,6,21,25,185,2	1.0	21.542552947998047	0.995121131355809
8879.0	36672.0	2.0	3.0	7.0	4,4,4,1,1,2	0,3,9,40,185,1	1.0	21.542552947998047	0.9902660660708654
8890.0	36673.0	1.0	2.0	7.0	4,3,4,1,2,1	0,4,11,37,185,2	1.0	21.542552947998047	0.995121131355809
8976.0	36674.0	2.0	3.0	7.0	1,2,2,3,1,2	0,4,5,10,199,1	1.0	21.54254913330078	0.9902660643556226
8898.0	36675.0	1.0	3.0	14.0	4,1,4,2,1,3,1,2,2,3,3,1,1	0,3,2,6,8,2,5,1,4,6,14,185,2	1.0	21.542552947998047	0.995121131355809
8989.0	36676.0	1.0	1.0	8.0	1,1,3,2,2,1,1	0,4,2,7,20,185,2	0.0	21.54254913330078	0.995121130493983
9013.0	36677.0	1.0	3.0	8.0	1,2,2,4,3,1,1	0,3,4,5,20,185,2	1.0	21.54254913330078	0.995121130493983
8999.0	36678.0	1.0	3.0	8.0	1,1,4,2,3,1,1	0,4,2,7,20,185,2	1.0	21.54254913330078	0.995121130493983
9007.0	36679.0	2.0	3.0	8.0	1,1,4,1,3,1,2	0,5,1,7,20,185,1	1.0	21.54254913330078	0.9902660643556226
9010.0	36680.0	1.0	3.0	10.0	1,2,1,2,3,3,1,1,1	0,3,4,1,4,20,185,1,1	1.0	21.54254913330078	0.995121130493983
8989.0	36682.0	4.0	4.0	9.0	1,1,3,2,2,1,1,1	0,4,2,7,20,185,2,1	1.0	21.54254913330078	0.9806268782143741
9026.0	36683.0	5.0	4.0	7.0	4,2,3,3,1,3	0,4,8,20,185,2	1.0	21.542552947998047	0.9758425318671227
9010.0	36684.0	4.0	4.0	11.0	1,2,1,2,3,3,1,1,1,3	0,3,4,1,4,20,185,1,1,1	1.0	21.542552947998047	0.9806268816114676
9024.0	36685.0	5.0	4.0	8.0	4,2,2,4,3,1,3	0,3,4,5,20,185,2	1.0	21.54254913330078	0.9758425276414734
9000.0	36686.0	5.0	4.0	7.0	1,2,2,3,1,3	0,4,5,24,185,2	1.0	21.54254913330078	0.9758425276414734
9017.0	36687.0	5.0	4.0	8.0	1,1,2,1,2,1,3	0,4,3,5,20,185,2	1.0	21.542552947998047	0.9758425318671227
9008.0	36688.0	7.0	4.0	8.0	1,1,1,2,3,2,2	0,5,3,1,4,20,185	1.0	21.542552947998047	0.9663437451366886
8999.0	36689.0	4.0	4.0	9.0	1,1,4,2,3,1,1,3	0,4,2,7,20,185,2,1	1.0	21.542552947998047	0.9806268816114676
8994.0	36690.0	5.0	4.0	6.0	1,4,2,1,3	0,5,28,185,2	1.0	21.542552947998047	0.9758425318671227
8997.0	36691.0	5.0	1.0	7.0	1,2,1,3,1,3	0,5,8,20,185,2	0.0	21.54254913330078	0.9758425276414734
9012.0	36692.0	5.0	4.0	6.0	4,4,3,1,3	0,5,27,185,2	1.0	21.54254913330078	0.9758425276414734
9023.0	36693.0	5.0	4.0	6.0	4,4,3,1,3	0,4,28,185,2	1.0	21.54254913330078	0.9758425276414734
9016.0	36694.0	5.0	1.0	9.0	1,2,1,2,3,3,1,3	0,3,4,1,4,20,185,2	0.0	21.542552947998047	0.9758425318671227
9025.0	36695.0	5.0	4.0	7.0	4,2,3,2,1,3	0,5,7,20,185,2	1.0	21.542552947998047	0.9758425318671227
8993.0	36696.0	5.0	4.0	8.0	1,1,3,4,3,1,3	0,5,3,5,20,185,2	1.0	21.542552947998047	0.9758425318671227
9027.0	36697.0	5.0	4.0	9.0	4,2,1,2,4,3,1,3	0,3,4,1,4,20,185,2	1.0	21.54254913330078	0.9758425276414734
9005.0	36698.0	5.0	4.0	10.0	1,1,1,2,2,3,3,1,3	0,3,1,2,3,4,20,185,2	1.0	21.542552947998047	0.9758425318671227
8998.0	36699.0	5.0	3.0	8.0	1,1,4,3,3,1,3	0,3,2,8,20,185,2	1.0	21.54254913330078	0.9758425276414734
9013.0	36700.0	4.0	1.0	9.0	1,2,2,4,3,1,1,3	0,3,4,5,20,185,2,1	0.0	21.54254913330078	0.9806268782143741
9029.0	36701.0	5.0	4.0	6.0	4,3,1,1,3	0,5,27,185,2	1.0	21.54254913330078	0.9758425276414734
9028.0	36702.0	5.0	4.0	8.0	4,2,2,4,3,1,3	0,3,4,5,20,185,2	1.0	21.54254913330078	0.9758425276414734
8991.0	36703.0	5.0	4.0	7.0	1,1,4,4,1,3	0,3,2,8,205,2	1.0	21.542552947998047	0.9758425318671227
9007.0	36704.0	4.0	4.0	9.0	1,1,4,1,3,1,2,3	0,5,1,7,20,185,1,2	1.0	21.54254913330078	0.9806268782143741
8995.0	36705.0	5.0	4.0	7.0	1,2,2,3,1,3	0,4,5,24,185,2	1.0	21.54254913330078	0.9758425276414734
9016.0	36706.0	1.0	4.0	10.0	1,2,1,2,3,3,1,3,1	0,3,4,1,4,20,185,2,5	1.0	21.54254913330078	0.995121130493983
8997.0	36707.0	1.0	3.0	8.0	1,2,1,3,1,3,1	0,5,8,20,185,2,5	1.0	21.542552947998047	0.995121131355809
9013.0	36708.0	1.0	4.0	10.0	1,2,2,4,3,1,1,3,1	0,3,4,5,20,185,2,1,4	1.0	21.54254913330078	0.995121130493983
9015.0	36709.0	6.0	4.0	6.0	1,2,4,1,4	0,4,8,205,2	1.0	21.542552947998047	0.9710815243367282
9001.0	36710.0	6.0	1.0	8.0	1,2,2,4,3,1,3	0,3,5,5,20,185,2	0.0	21.542552947998047	0.9710815243367282
8996.0	36711.0	6.0	4.0	8.0	1,1,4,3,3,1,3	0,4,2,7,20,185,2	1.0	21.54254913330078	0.9710815192906888
8992.0	36712.0	6.0	4.0	7.0	1,2,2,3,1,3	0,4,5,24,185,2	1.0	21.54254913330078	0.9710815192906888
8885.0	36714.0	6.0	4.0	10.0	1,1,4,4,1,1,1,1,3	0,4,2,6,26,14,185,1,1	1.0	21.54254913330078	0.9710815192906888
8876.0	36715.0	5.0	4.0	8.0	1,4,2,2,1,1,2	0,6,21,25,185,2,1	1.0	21.542552947998047	0.9758425318671227
8890.0	36716.0	5.0	4.0	8.0	4,3,4,1,2,1,2	0,4,11,37,185,2,1	1.0	21.54254913330078	0.9758425276414734
8892.0	36717.0	6.0	2.0	9.0	4,4,2,1,2,1,1,3	0,5,15,17,14,185,1,1	1.0	21.54254913330078	0.9710815192906888
8960.0	36718.0	5.0	4.0	10.0	4,1,1,4,2,4,1,1,3	0,5,2,2,6,10,205,2,1	1.0	21.542552947998047	0.9758425318671227
8882.0	36719.0	6.0	4.0	7.0	4,4,4,2,1,3	0,3,8,41,185,2	1.0	21.542552947998047	0.9710815243367282
8980.0	36720.0	5.0	2.0	8.0	1,4,1,1,1,1,3	0,3,16,14,185,2,1	1.0	21.54254913330078	0.9758425276414734
8898.0	36721.0	5.0	3.0	15.0	4,1,4,2,1,3,1,2,2,3,3,1,1,3	0,3,2,6,8,2,5,1,4,6,14,185,2,1	1.0	21.542552947998047	0.9758425318671227
8881.0	36722.0	5.0	1.0	16.0	4,2,1,1,1,4,1,2,2,3,3,3,1,1,3	0,4,5,2,3,2,5,2,4,5,6,14,185,2,1	0.0	21.542552947998047	0.9758425318671227
8896.0	36723.0	6.0	4.0	8.0	4,1,4,4,3,1,3	0,3,2,5,16,210,2	1.0	21.54254913330078	0.9710815192906888
8965.0	36724.0	6.0	3.0	7.0	4,2,2,1,2,3	0,5,8,20,185,2	1.0	21.542552947998047	0.9710815243367282
8907.0	36725.0	6.0	1.0	11.0	4,4,1,4,1,1,4,3,1,3	0,4,12,2,6,1,4,20,185,2	0.0	21.542552947998047	0.9710815243367282
8901.0	36726.0	6.0	4.0	9.0	4,4,1,4,2,3,1,3	0,5,15,2,5,10,199,2	1.0	21.542552947998047	0.9710815243367282
8894.0	36727.0	6.0	3.0	7.0	4,4,2,3,1,3	0,5,17,29,185,2	1.0	21.542552947998047	0.9710815243367282
8889.0	36728.0	6.0	3.0	9.0	4,4,1,4,4,2,1,3	0,3,11,2,5,17,199,2	1.0	21.542552947998047	0.9710815243367282
8895.0	36729.0	6.0	2.0	7.0	1,4,2,1,2,3	0,5,15,31,185,2	1.0	21.54254913330078	0.9710815192906888
8977.0	36730.0	6.0	3.0	8.0	1,2,2,3,3,1,3	0,3,5,5,20,185,2	1.0	21.542552947998047	0.9710815243367282
8983.0	36731.0	6.0	3.0	6.0	1,4,1,1,3	0,5,28,185,2	1.0	21.542552947998047	0.9710815243367282
8879.0	36732.0	5.0	4.0	8.0	4,4,4,1,1,2,3	0,3,9,40,185,1,2	1.0	21.54254913330078	0.9758425276414734
8900.0	36733.0	6.0	4.0	7.0	1,4,2,4,1,3	0,3,11,17,205,2	1.0	21.542552947998047	0.9710815243367282
8976.0	36734.0	5.0	4.0	8.0	1,2,2,3,1,2,3	0,4,5,10,199,1,2	1.0	21.54254913330078	0.9758425276414734
8979.0	36735.0	5.0	4.0	8.0	1,2,2,3,1,2,3	0,4,5,10,199,1,2	1.0	21.54254913330078	0.9758425276414734
8887.0	36736.0	6.0	2.0	7.0	4,4,4,1,2,3	0,3,11,38,185,2	1.0	21.542552947998047	0.9710815243367282
8975.0	36737.0	6.0	4.0	7.0	1,4,2,2,1,3	0,3,10,20,185,2	1.0	21.542552947998047	0.9710815243367282
8883.0	36738.0	6.0	1.0	12.0	4,2,1,4,1,4,2,4,3,1,3	0,4,5,2,7,2,5,7,20,185,2	0.0	21.542552947998047	0.9710815243367282
8915.0	36743.0	7.0	4.0	9.0	4,4,1,4,2,2,1,3	0,4,13,2,9,80,125,1	1.0	21.542552947998047	0.9663437451366886
8920.0	36744.0	5.0	4.0	8.0	4,4,2,2,1,1,1	0,4,15,89,125,2,1	1.0	21.54254913330078	0.9758425276414734
8923.0	36745.0	7.0	4.0	7.0	4,4,4,2,1,3	0,4,11,93,125,1	1.0	21.542552947998047	0.9663437451366886
8970.0	36746.0	7.0	4.0	8.0	1,2,2,3,2,1,3	0,5,8,20,60,125,1	1.0	21.542552947998047	0.9663437451366886
8958.0	36747.0	6.0	1.0	11.0	4,3,1,2,4,2,1,1,1,3	0,4,5,2,3,11,80,125,1,1	0.0	21.542552947998047	0.9710815243367282
8936.0	36748.0	6.0	4.0	11.0	4,4,1,1,1,1,1,1,4,3	0,5,17,4,6,14,60,119,6,2	1.0	21.542552947998047	0.9710815243367282
8947.0	36749.0	6.0	3.0	10.0	4,4,1,2,2,2,1,1,3	0,4,14,2,5,6,74,125,2	1.0	21.542552947998047	0.9710815243367282
8908.0	36750.0	6.0	4.0	7.0	4,4,4,1,1,3	0,4,15,89,125,2	1.0	21.542552947998047	0.9710815243367282
8972.0	36751.0	6.0	1.0	7.0	1,2,3,2,1,3	0,5,8,80,125,2	0.0	21.54254913330078	0.9710815192906888
8946.0	36752.0	6.0	1.0	11.0	4,1,4,1,3,3,1,1,4,3	0,4,3,9,2,7,80,119,6,2	0.0	21.542552947998047	0.9710815243367282
8957.0	36753.0	6.0	4.0	12.0	4,1,4,1,4,2,2,1,1,1,3	0,5,2,6,2,6,10,74,119,6,2	1.0	21.542552947998047	0.9710815243367282
8928.0	36754.0	6.0	4.0	7.0	4,4,2,2,1,3	0,5,16,85,125,2	1.0	21.542552947998047	0.9710815243367282
8953.0	36755.0	6.0	4.0	10.0	4,4,1,2,1,2,1,1,3	0,4,13,3,5,6,74,125,2	1.0	21.542552947998047	0.9710815243367282
8942.0	36756.0	5.0	4.0	8.0	4,4,4,1,1,1,3	0,3,11,94,125,2,1	1.0	21.54254913330078	0.9758425276414734
8986.0	36757.0	6.0	4.0	8.0	1,2,3,2,2,1,3	0,4,5,10,74,125,2	1.0	21.542552947998047	0.9710815243367282
8931.0	36758.0	5.0	4.0	8.0	4,4,4,1,1,1,3	0,3,10,93,125,2,1	1.0	21.54254913330078	0.9758425276414734
8964.0	36759.0	6.0	4.0	8.0	4,2,2,3,2,1,3	0,5,8,20,60,125,2	1.0	21.54254913330078	0.9710815192906888
8954.0	36760.0	6.0	4.0	9.0	4,1,4,4,1,1,1,3	0,5,2,6,92,119,6,2	1.0	21.542552947998047	0.9710815243367282
8933.0	36761.0	6.0	1.0	7.0	4,4,2,1,1,3	0,5,16,85,125,2	0.0	21.542552947998047	0.9710815243367282
8910.0	36762.0	6.0	4.0	7.0	4,4,2,1,1,3	0,5,18,85,125,2	1.0	21.542552947998047	0.9710815243367282
8949.0	36763.0	5.0	4.0	9.0	4,1,4,3,1,1,1,3	0,4,3,8,90,125,2,1	1.0	21.542552947998047	0.9758425318671227
8943.0	36764.0	6.0	4.0	7.0	4,4,4,2,1,3	0,4,14,87,125,2	1.0	21.542552947998047	0.9710815243367282
8971.0	36765.0	6.0	1.0	9.0	1,2,2,1,1,4,1,3	0,4,5,10,14,60,125,2	0.0	21.54254913330078	0.9710815192906888
8948.0	36766.0	6.0	4.0	9.0	4,1,4,4,2,2,1,3	0,5,2,6,18,74,125,2	1.0	21.542552947998047	0.9710815243367282
8913.0	36767.0	6.0	4.0	7.0	4,4,4,2,1,3	0,4,15,89,125,2	1.0	21.542552947998047	0.9710815243367282
8914.0	36768.0	6.0	4.0	9.0	4,4,4,2,1,1,4,3	0,3,8,23,74,119,6,2	1.0	21.54254913330078	0.9710815192906888
8223.0	36775.0	7.0	4.0	8.0	1,4,4,1,4,4,1	0,4,15,50,3,50,238	1.0	21.542552947998047	0.9663437451366886
7952.0	36776.0	6.0	4.0	9.0	4,4,1,4,4,4,1,1	0,3,8,2,7,40,298,8	1.0	21.54254913330078	0.9710815192906888
8710.0	36777.0	7.0	4.0	9.0	4,4,2,1,4,4,4,1	0,5,15,27,2,6,58,238	1.0	21.542552947998047	0.9663437451366886
8729.0	36778.0	6.0	4.0	7.0	1,4,1,4,4,1	0,4,32,9,66,239	1.0	21.542552947998047	0.9710815243367282
7981.0	36779.0	7.0	1.0	13.0	1,1,1,4,1,1,4,4,1,4,4,1	0,5,2,2,6,2,2,5,27,9,66,238	0.0	21.542552947998047	0.9663437451366886
8855.0	36780.0	7.0	4.0	6.0	4,4,4,4,1	0,4,15,48,237	1.0	21.54254913330078	0.9663437392783647
7838.0	36781.0	5.0	4.0	11.0	3,3,4,2,1,4,2,1,1,1	0,18,19,65,75,2,11,176,24,2	1.0	21.542552947998047	0.9758425318671227
9032.0	36782.0	8.0	1.0	2.0	4	0	0.0	21.542552947998047	0.9616290809390312
8656.0	36783.0	31.0	1.0	11.0	4,4,4,1,4,1,1,4,4,2	0,5,18,94,2,8,3,2,6,192	0.0	21.542552947998047	0.8593189822932266
9030.0	36784.0	5.0	4.0	9.0	4,2,1,3,1,1,1,1	0,3,4,5,6,176,25,1	1.0	21.542552947998047	0.9758425318671227
8941.0	36785.0	7.0	4.0	6.0	4,4,2,1,2	0,5,18,187,24	1.0	21.54254913330078	0.9663437392783647
7841.0	36786.0	5.0	4.0	14.0	3,3,4,4,4,1,4,4,1,3,1,1,1	0,18,2,6,18,108,2,6,24,6,176,24,2	1.0	21.542552947998047	0.9758425318671227
7943.0	36787.0	5.0	4.0	7.0	4,4,4,4,1,1	0,4,15,51,295,3	1.0	21.542552947998047	0.9758425318671227
7965.0	36788.0	5.0	4.0	7.0	4,4,4,4,1,1	0,4,15,52,293,3	1.0	21.542552947998047	0.9758425318671227
8580.0	36789.0	7.0	4.0	8.0	1,1,4,4,4,1,2	0,4,3,8,36,281,24	1.0	21.542552947998047	0.9663437451366886
9037.0	36790.0	7.0	1.0	2.0	1	0	0.0	21.542552947998047	0.9663437451366886
8826.0	36791.0	7.0	4.0	13.0	1,1,1,4,1,4,4,1,4,2,1,2	0,5,18,9,66,2,6,15,2,7,182,24	1.0	21.542552947998047	0.9663437451366886
7847.0	36792.0	5.0	4.0	7.0	4,4,4,4,1,1	0,5,18,64,285,2	1.0	21.542552947998047	0.9758425318671227
8978.0	36793.0	7.0	4.0	7.0	1,4,1,4,1,2	0,3,10,6,176,24	1.0	21.54254913330078	0.9663437392783647
8768.0	36794.0	5.0	2.0	12.0	4,1,4,4,1,4,1,4,4,2,1	0,4,2,22,76,2,8,3,7,193,26	1.0	21.542552947998047	0.9758425318671227
8264.0	36795.0	5.0	2.0	14.0	1,1,4,4,1,4,1,4,4,2,1,1,1	0,5,2,5,15,18,76,2,6,23,182,24,2	1.0	21.542552947998047	0.9758425318671227
8590.0	36796.0	31.0	1.0	12.0	1,4,1,4,4,1,4,1,4,4,2	0,5,14,2,22,76,2,6,2,7,196	0.0	21.542552947998047	0.8593189822932266
8697.0	36797.0	7.0	4.0	9.0	4,4,4,1,4,4,1,2	0,5,16,94,2,8,203,24	1.0	21.542552947998047	0.9663437451366886
7881.0	36798.0	5.0	1.0	7.0	4,4,4,4,1,1	0,4,14,49,302,3	0.0	21.542552947998047	0.9758425318671227
8639.0	36800.0	31.0	4.0	11.0	1,4,1,4,4,1,4,4,2,2	0,4,13,2,23,81,2,6,18,182	1.0	21.54254913330078	0.8593189592225784
7883.0	36801.0	5.0	4.0	8.0	4,4,4,3,1,1,1	0,4,11,50,281,25,1	1.0	21.54254913330078	0.9758425276414734
8569.0	36802.0	5.0	4.0	12.0	1,4,1,4,4,1,4,4,4,1,1	0,5,14,2,5,26,2,7,59,237,2	1.0	21.542552947998047	0.9758425318671227
8236.0	36803.0	5.0	3.0	13.0	1,1,1,1,4,4,1,4,4,4,1,1	0,5,2,2,2,8,36,2,7,58,238,2	1.0	21.542552947998047	0.9758425318671227
7868.0	36804.0	5.0	4.0	16.0	4,4,1,4,4,1,4,4,1,4,4,1,1,1,1	0,5,18,2,7,34,2,6,59,2,8,27,176,25,1	1.0	21.542552947998047	0.9758425318671227
8854.0	36805.0	7.0	4.0	13.0	1,1,1,1,1,4,1,4,4,4,1,2	0,4,4,2,3,3,50,2,5,11,196,24	1.0	21.542552947998047	0.9663437451366886
8214.0	36806.0	31.0	4.0	14.0	4,4,1,4,1,3,1,4,1,4,4,2,2	0,4,16,3,25,9,13,3,50,2,6,16,190	1.0	21.542552947998047	0.8593189822932266
8966.0	36807.0	5.0	4.0	7.0	4,2,2,1,1,1	0,5,8,182,24,2	1.0	21.542552947998047	0.9758425318671227
8745.0	36808.0	5.0	1.0	7.0	4,4,4,1,1,1	0,6,36,298,8,1	0.0	21.542552947998047	0.9758425318671227
8696.0	36809.0	5.0	4.0	9.0	4,4,1,1,4,4,1,1	0,5,16,18,9,66,238,2	1.0	21.542552947998047	0.9758425318671227
8712.0	36810.0	5.0	4.0	8.0	4,4,4,1,4,1,1	0,4,13,49,47,238,2	1.0	21.54254913330078	0.9758425276414734
8787.0	36811.0	5.0	1.0	16.0	1,4,1,1,4,1,4,4,1,4,4,2,1,1,2	0,3,24,9,2,6,2,6,51,2,6,18,187,24,2	0.0	21.542552947998047	0.9758425318671227
9033.0	36812.0	8.0	4.0	2.0	1	0	1.0	21.542552947998047	0.9616290809390312
7918.0	36813.0	244.0	4.0	7.0	4,4,4,1,4,4	0,3,8,43,9,67	1.0	21.542552947998047	0.3032015723942615
9034.0	36814.0	8.0	1.0	2.0	1	0	0.0	21.542552947998047	0.9616290809390312
8828.0	36815.0	5.0	4.0	13.0	1,1,1,1,4,4,1,4,4,2,2,1	0,5,18,9,2,6,58,2,6,17,189,26	1.0	21.542552947998047	0.9758425318671227
8853.0	36816.0	31.0	4.0	9.0	4,4,4,1,4,4,2,2	0,3,10,54,2,6,23,182	1.0	21.54254913330078	0.8593189592225784
8698.0	36817.0	31.0	4.0	12.0	4,1,4,4,4,1,4,1,3,4,2	0,5,2,5,27,93,2,7,5,6,176	1.0	21.542552947998047	0.8593189822932266
9035.0	36818.0	8.0	1.0	2.0	4	0	0.0	21.542552947998047	0.9616290809390312
8209.0	36819.0	31.0	1.0	12.0	1,4,1,4,1,4,1,4,4,2,2	0,4,16,3,25,9,67,2,6,19,186	0.0	21.542552947998047	0.8593189822932266
8265.0	36820.0	5.0	4.0	7.0	4,4,4,4,1,2	0,5,15,53,285,2	1.0	21.542552947998047	0.9758425318671227
7869.0	36821.0	31.0	4.0	9.0	4,4,4,1,4,4,2,2	0,5,18,109,2,6,24,182	1.0	21.542552947998047	0.8593189822932266
7973.0	36822.0	5.0	4.0	7.0	1,4,4,4,1,2	0,4,15,49,295,3	1.0	21.542552947998047	0.9758425318671227
7861.0	36823.0	5.0	4.0	15.0	4,4,4,2,1,4,4,1,4,4,2,1,1,4	0,3,7,24,33,2,7,59,2,8,27,193,8,1	1.0	21.542552947998047	0.9758425318671227
8830.0	36824.0	5.0	4.0	12.0	4,1,1,4,1,4,4,4,1,1,4	0,5,18,9,66,2,5,16,208,8,1	1.0	21.542552947998047	0.9758425318671227
7862.0	36825.0	5.0	4.0	16.0	1,4,4,1,4,1,4,4,1,2,4,4,1,1,4	0,3,11,53,2,7,2,9,48,2,3,9,199,25,1	1.0	21.542552947998047	0.9758425318671227
8823.0	36826.0	5.0	4.0	7.0	4,4,4,2,1,3	0,5,27,94,209,3	1.0	21.542552947998047	0.9758425318671227
7961.0	36827.0	5.0	4.0	16.0	2,4,1,4,1,1,4,4,1,4,4,4,1,1,4	0,5,19,3,25,9,2,6,58,2,5,17,207,8,1	1.0	21.542552947998047	0.9758425318671227
7846.0	36828.0	5.0	4.0	12.0	4,4,4,4,1,4,2,2,1,1,4	0,3,9,29,111,2,7,11,176,25,1	1.0	21.542552947998047	0.9758425318671227
8283.0	36829.0	5.0	4.0	9.0	1,1,4,4,4,1,1,4	0,3,2,6,41,298,8,1	1.0	21.54254913330078	0.9758425276414734
7927.0	36830.0	5.0	4.0	10.0	4,3,1,4,4,4,1,1,4	0,5,14,2,7,34,280,25,1	1.0	21.542552947998047	0.9758425318671227
8831.0	36831.0	5.0	4.0	11.0	1,1,4,1,4,4,2,1,1,4	0,5,18,76,2,5,15,191,25,1	1.0	21.542552947998047	0.9758425318671227
8620.0	36832.0	5.0	4.0	8.0	1,4,4,4,1,1,4	0,3,11,38,296,8,1	1.0	21.542552947998047	0.9758425318671227
8568.0	36833.0	5.0	3.0	13.0	4,4,4,1,4,4,1,4,4,1,1,4	0,4,12,38,2,7,57,2,8,203,25,1	1.0	21.542552947998047	0.9758425318671227
7987.0	36834.0	5.0	4.0	7.0	4,4,4,4,1,3	0,4,14,49,295,3	1.0	21.54254913330078	0.9758425276414734
8644.0	36835.0	5.0	4.0	10.0	4,4,4,1,4,4,4,1,4	0,3,11,37,2,5,58,239,1	1.0	21.542552947998047	0.9758425318671227
8938.0	36836.0	5.0	4.0	8.0	4,1,4,4,1,1,4	0,4,3,7,196,25,1	1.0	21.54254913330078	0.9758425276414734
8654.0	36837.0	5.0	4.0	9.0	4,1,4,4,4,1,1,4	0,5,2,6,36,281,25,1	1.0	21.542552947998047	0.9758425318671227
8725.0	36838.0	5.0	4.0	7.0	4,4,4,1,1,4	0,8,36,281,25,1	1.0	21.542552947998047	0.9758425318671227
8614.0	36839.0	5.0	4.0	10.0	1,1,4,4,1,4,4,1,4	0,3,2,5,33,9,67,238,1	1.0	21.54254913330078	0.9758425276414734
8987.0	36840.0	5.0	4.0	7.0	1,3,2,1,1,4	0,4,15,176,25,1	1.0	21.54254913330078	0.9758425276414734
7926.0	36841.0	5.0	4.0	10.0	4,4,4,1,4,4,4,1,4	0,3,10,48,2,7,59,238,1	1.0	21.542552947998047	0.9758425318671227
8005.0	36842.0	5.0	4.0	9.0	4,4,4,1,4,4,1,4	0,3,8,39,9,66,239,1	1.0	21.542552947998047	0.9758425318671227
8803.0	36843.0	5.0	4.0	16.0	1,4,1,1,4,1,4,4,1,4,4,2,1,1,4	0,4,29,2,2,5,2,6,51,2,5,17,189,25,1	1.0	21.542552947998047	0.9758425318671227
8727.0	36844.0	5.0	4.0	13.0	4,2,1,4,4,1,4,4,1,1,1,4	0,8,6,4,26,78,3,6,18,176,25,1	1.0	21.542552947998047	0.9758425318671227
8940.0	36845.0	5.0	4.0	7.0	4,4,4,1,1,4	0,3,11,196,25,1	1.0	21.542552947998047	0.9758425318671227
8769.0	36846.0	31.0	4.0	8.0	4,4,4,1,4,4,2	0,3,25,82,2,7,198	1.0	21.54254913330078	0.8593189592225784
8229.0	36847.0	5.0	4.0	12.0	4,4,1,4,4,1,4,4,1,1,4	0,5,17,2,23,78,3,12,196,25,1	1.0	21.542552947998047	0.9758425318671227
8967.0	36848.0	5.0	4.0	7.0	4,2,2,2,1,4	0,5,8,182,25,1	1.0	21.542552947998047	0.9758425318671227
8638.0	36849.0	5.0	1.0	16.0	1,4,1,4,4,1,4,1,3,3,1,3,1,1,4	0,3,11,3,25,84,2,7,1,3,10,6,176,24,2	0.0	21.542552947998047	0.9758425318671227
7922.0	36850.0	5.0	4.0	7.0	4,4,4,4,1,3	0,4,14,53,295,3	1.0	21.542552947998047	0.9758425318671227
8773.0	36851.0	5.0	4.0	15.0	1,1,4,1,4,1,4,4,1,3,3,1,1,4	0,3,2,23,9,66,2,6,19,5,6,176,24,2	1.0	21.542552947998047	0.9758425318671227
8635.0	36852.0	5.0	4.0	12.0	1,1,1,4,4,1,4,4,4,1,4	0,4,2,2,6,36,2,7,59,237,2	1.0	21.54254913330078	0.9758425276414734
8815.0	36853.0	5.0	4.0	15.0	1,4,1,4,1,1,4,1,4,4,2,1,1,4	0,3,22,9,66,2,2,5,2,7,20,176,24,2	1.0	21.542552947998047	0.9758425318671227
9019.0	36854.0	5.0	4.0	9.0	1,1,4,1,3,1,1,4	0,3,2,8,6,176,24,2	1.0	21.54254913330078	0.9758425276414734
8648.0	36855.0	5.0	4.0	13.0	1,1,1,1,1,1,1,4,4,4,1,4	0,5,2,2,4,3,2,2,21,76,237,2	1.0	21.542552947998047	0.9758425318671227
8699.0	36856.0	31.0	1.0	10.0	4,4,4,1,1,4,4,2,2	0,5,16,93,2,2,7,21,182	0.0	21.542552947998047	0.8593189822932266
8653.0	36857.0	5.0	4.0	11.0	1,4,1,4,1,4,4,4,1,4	0,5,14,4,26,2,7,59,237,2	1.0	21.54254913330078	0.9758425276414734
8230.0	36858.0	5.0	2.0	9.0	4,4,2,1,4,4,1,4	0,4,15,28,9,66,238,2	1.0	21.542552947998047	0.9758425318671227
8695.0	36859.0	5.0	4.0	10.0	4,4,4,1,4,4,4,1,4	0,3,9,37,2,7,57,237,2	1.0	21.542552947998047	0.9758425318671227
7937.0	36860.0	5.0	4.0	10.0	4,4,1,4,4,4,2,1,3	0,5,20,3,7,27,98,206,2	1.0	21.542552947998047	0.9758425318671227
8781.0	36861.0	244.0	1.0	6.0	4,1,4,4,4	0,5,2,21,76	0.0	21.54254913330078	0.3032015083227553
8242.0	36862.0	5.0	4.0	7.0	4,4,4,4,1,4	0,4,15,55,285,2	1.0	21.542552947998047	0.9758425318671227
8525.0	36879.0	244.0	2.0	8.0	4,4,4,1,4,4,4	0,4,14,45,2,9,48	1.0	21.54254913330078	0.3032015083227553
8866.0	36880.0	242.0	1.0	5.0	4,4,4,4	0,4,15,50	0.0	21.542552947998047	0.3061819270423872
8865.0	36881.0	244.0	2.0	5.0	4,4,4,4	0,4,11,52	1.0	21.542552947998047	0.3032015723942615
8489.0	36882.0	245.0	1.0	10.0	1,1,4,4,1,1,4,4,4	0,5,2,7,34,9,2,6,58	0.0	21.54254913330078	0.30172222772962093
8685.0	36883.0	244.0	1.0	9.0	4,1,4,4,1,3,4,4	0,3,2,6,28,9,11,56	0.0	21.542552947998047	0.3032015723942615
8389.0	36884.0	244.0	1.0	8.0	4,4,4,1,4,4,4	0,5,15,50,2,6,51	0.0	21.54254913330078	0.3032015083227553
8536.0	36885.0	245.0	1.0	10.0	1,1,1,4,4,1,4,4,4	0,4,2,3,9,35,2,7,58	0.0	21.54254913330078	0.30172222772962093
8296.0	36886.0	290.0	1.0	5.0	4,4,4,4	0,5,18,66	0.0	21.542552947998047	0.24211688794950978
8350.0	36887.0	244.0	1.0	8.0	4,4,4,1,4,4,4	0,4,16,53,2,6,51	0.0	21.54254913330078	0.3032015083227553
8363.0	36888.0	245.0	1.0	9.0	4,4,4,1,1,4,4,4	0,3,9,50,2,2,7,56	0.0	21.54254913330078	0.30172222772962093
8672.0	36889.0	245.0	1.0	10.0	1,1,1,4,4,1,4,4,4	0,3,3,2,6,36,2,7,58	0.0	21.54254913330078	0.30172222772962093
8810.0	36890.0	238.0	1.0	6.0	4,4,2,4,4	0,4,29,16,58	0.0	21.54254913330078	0.31223074716139587
8867.0	36891.0	244.0	1.0	5.0	4,4,4,4	0,3,10,54	0.0	21.542552947998047	0.3032015723942615
8502.0	36892.0	245.0	1.0	8.0	1,4,2,1,4,4,4	0,5,18,32,2,7,58	0.0	21.54254913330078	0.30172222772962093
8448.0	36893.0	245.0	1.0	8.0	4,4,4,1,4,4,4	0,3,11,45,2,7,57	0.0	21.54254913330078	0.30172222772962093
8412.0	36894.0	245.0	4.0	8.0	4,4,4,1,4,4,4	0,4,12,45,2,6,58	1.0	21.54254913330078	0.30172222772962093
8680.0	36895.0	244.0	1.0	8.0	4,4,4,1,4,4,4	0,3,11,38,2,7,57	0.0	21.54254913330078	0.3032015083227553
8612.0	36896.0	245.0	1.0	9.0	1,1,4,4,1,4,4,4	0,5,2,8,36,2,7,58	0.0	21.54254913330078	0.30172222772962093
8740.0	36897.0	245.0	1.0	7.0	4,1,4,2,4,4	0,6,3,25,10,65	0.0	21.542552947998047	0.3017222917498378
8560.0	36898.0	244.0	3.0	9.0	1,1,4,4,1,4,4,4	0,5,3,8,36,2,7,59	1.0	21.54254913330078	0.3032015083227553
8673.0	36899.0	245.0	1.0	9.0	1,1,4,1,4,1,4,4	0,6,2,6,3,25,9,66	0.0	21.542552947998047	0.3017222917498378
8842.0	36900.0	244.0	2.0	7.0	4,4,1,4,4,4	0,4,27,2,7,59	1.0	21.542552947998047	0.3032015723942615
8553.0	36901.0	245.0	2.0	8.0	1,4,1,4,1,4,4	0,3,14,3,25,9,66	1.0	21.54254913330078	0.30172222772962093
8762.0	36902.0	245.0	3.0	6.0	4,4,2,4,4	0,3,25,10,65	1.0	21.54254913330078	0.30172222772962093
8766.0	36903.0	245.0	1.0	6.0	4,4,1,4,4	0,3,25,9,66	0.0	21.54254913330078	0.30172222772962093
8811.0	36904.0	245.0	1.0	6.0	4,3,1,4,4	0,3,22,9,66	0.0	21.54254913330078	0.30172222772962093
8421.0	36905.0	244.0	2.0	8.0	4,4,4,1,4,4,4	0,4,13,43,2,7,58	1.0	21.54254913330078	0.3032015083227553
8718.0	36906.0	244.0	1.0	7.0	1,4,1,4,4,4	0,8,36,2,7,59	0.0	21.54254913330078	0.3032015083227553
8462.0	36907.0	245.0	1.0	8.0	4,4,4,1,4,4,4	0,3,10,44,2,7,58	0.0	21.54254913330078	0.30172222772962093
8407.0	36908.0	245.0	2.0	8.0	4,4,4,1,4,4,4	0,4,12,45,2,7,57	1.0	21.54254913330078	0.30172222772962093
8808.0	36909.0	244.0	1.0	7.0	4,4,1,4,4,4	0,4,29,2,7,59	0.0	21.542552947998047	0.3032015723942615
8752.0	36910.0	245.0	1.0	8.0	4,4,1,4,4,4,4	0,4,25,7,2,7,58	0.0	21.54254913330078	0.30172222772962093
8863.0	36911.0	231.0	1.0	5.0	4,4,4,4	0,5,16,59	0.0	21.542552947998047	0.32310532674303954
8520.0	36912.0	245.0	1.0	8.0	4,4,4,1,4,4,4	0,3,10,42,2,6,58	0.0	21.54254913330078	0.30172222772962093
8343.0	36913.0	245.0	2.0	8.0	4,4,4,1,4,4,4	0,3,10,51,2,7,58	1.0	21.54254913330078	0.30172222772962093
8359.0	36914.0	244.0	1.0	11.0	1,4,1,1,4,1,1,4,4,4	0,3,10,2,3,8,3,2,23,76	0.0	21.54254913330078	0.3032015083227553
8404.0	36915.0	244.0	2.0	6.0	4,4,4,2,4	0,5,14,44,65	1.0	21.54254913330078	0.3032015083227553
8595.0	36916.0	244.0	1.0	8.0	1,4,4,1,4,4,4	0,4,12,38,2,7,57	0.0	21.542552947998047	0.3032015723942615
8364.0	36917.0	244.0	4.0	6.0	4,4,4,2,4	0,3,9,50,68	1.0	21.54254913330078	0.3032015083227553
8611.0	36918.0	244.0	1.0	9.0	1,1,4,1,1,4,4,4	0,4,3,11,2,2,21,76	0.0	21.54254913330078	0.3032015083227553
8675.0	36919.0	245.0	1.0	6.0	4,4,1,4,4	0,6,36,9,66	0.0	21.54254913330078	0.30172222772962093
8301.0	36920.0	245.0	3.0	8.0	4,4,4,1,4,4,4	0,3,10,54,2,7,58	1.0	21.54254913330078	0.30172222772962093
8336.0	36921.0	244.0	4.0	6.0	4,4,4,2,4	0,3,11,50,68	1.0	21.54254913330078	0.3032015083227553
8739.0	36922.0	245.0	1.0	6.0	4,4,1,4,4	0,6,28,8,67	0.0	21.54254913330078	0.30172222772962093
8464.0	36923.0	244.0	1.0	6.0	1,4,4,2,4	0,3,10,44,68	0.0	21.542552947998047	0.3032015723942615
8734.0	36924.0	245.0	4.0	6.0	4,4,1,4,4	0,6,28,9,66	1.0	21.54254913330078	0.30172222772962093
8371.0	36925.0	244.0	1.0	6.0	4,4,4,2,4	0,3,9,50,68	0.0	21.54254913330078	0.3032015083227553
8523.0	36926.0	245.0	1.0	7.0	1,4,4,1,4,4	0,3,7,36,9,66	0.0	21.54254913330078	0.30172222772962093
8357.0	36927.0	244.0	2.0	6.0	4,4,4,2,4	0,3,9,50,68	1.0	21.54254913330078	0.3032015083227553
8317.0	36928.0	244.0	3.0	6.0	4,4,4,2,4	0,3,10,52,68	1.0	21.54254913330078	0.3032015083227553
8445.0	36929.0	8.0	3.0	8.0	4,4,1,4,4,4,1	0,5,17,3,10,32,295	1.0	21.54254913330078	0.961629074276469
8410.0	36930.0	8.0	4.0	10.0	4,2,4,4,1,4,4,2,1	0,5,6,19,97,2,5,14,216	1.0	21.542552947998047	0.9616290809390312
8630.0	36931.0	8.0	4.0	8.0	1,1,1,4,4,4,1	0,4,3,2,7,35,304	1.0	21.542552947998047	0.9616290809390312
8562.0	36932.0	8.0	4.0	13.0	1,1,4,2,1,4,4,4,1,4,4,1	0,4,2,6,7,2,8,24,73,2,7,221	1.0	21.542552947998047	0.9616290809390312
8601.0	36933.0	8.0	1.0	14.0	1,1,4,4,1,1,4,1,1,4,1,4,1	0,3,2,5,33,9,2,6,2,3,8,27,255	0.0	21.542552947998047	0.9616290809390312
8500.0	36934.0	8.0	1.0	8.0	1,4,4,1,4,4,1	0,5,17,100,2,7,228	0.0	21.542552947998047	0.9616290809390312
8468.0	36935.0	8.0	4.0	11.0	1,4,4,1,4,4,1,4,4,1	0,3,10,44,2,7,58,2,9,226	1.0	21.54254913330078	0.961629074276469
8735.0	36936.0	8.0	4.0	5.0	4,4,4,1	0,6,36,304	1.0	21.542552947998047	0.9616290809390312
8543.0	36937.0	8.0	4.0	7.0	1,1,4,4,4,1	0,5,2,5,33,312	1.0	21.54254913330078	0.961629074276469
8599.0	36938.0	8.0	1.0	6.0	1,4,4,4,1	0,3,7,34,312	0.0	21.542552947998047	0.9616290809390312
8679.0	36939.0	8.0	4.0	17.0	1,1,4,1,4,1,1,1,4,2,4,1,4,4,4,1	0,6,2,6,3,7,18,9,2,6,7,51,2,5,13,217	1.0	21.542552947998047	0.9616290809390312
8764.0	36940.0	8.0	4.0	12.0	1,1,1,4,1,4,4,1,4,4,1	0,3,2,2,21,8,22,63,2,7,210	1.0	21.542552947998047	0.9616290809390312
8438.0	36941.0	8.0	2.0	11.0	1,1,4,4,3,1,4,4,2,1	0,5,2,7,36,76,2,6,18,210	1.0	21.54254913330078	0.961629074276469
8485.0	36942.0	8.0	4.0	15.0	4,1,4,1,4,1,4,1,4,1,4,4,4,1	0,5,2,7,2,7,2,5,18,76,2,5,12,217	1.0	21.542552947998047	0.9616290809390312
8846.0	36943.0	8.0	1.0	15.0	1,1,1,1,1,1,1,4,4,1,3,4,4,1	0,4,1,18,9,2,2,4,11,48,2,4,8,222	0.0	21.542552947998047	0.9616290809390312
8550.0	36944.0	8.0	1.0	10.0	4,4,4,1,1,4,4,2,1	0,4,16,82,18,2,6,19,210	0.0	21.542552947998047	0.9616290809390312
8320.0	36945.0	8.0	2.0	15.0	4,4,4,1,4,4,1,4,1,4,1,3,3,1	0,4,14,51,2,8,54,2,8,3,9,2,7,205	1.0	21.542552947998047	0.9616290809390312
8963.0	36946.0	8.0	1.0	4.0	4,4,1	0,5,217	0.0	21.542552947998047	0.9616290809390312
8857.0	36947.0	8.0	3.0	9.0	1,1,4,4,1,4,4,1	0,4,4,11,48,2,8,226	1.0	21.54254913330078	0.961629074276469
8678.0	36948.0	8.0	4.0	5.0	4,4,4,1	0,6,36,312	1.0	21.542552947998047	0.9616290809390312
8756.0	36949.0	8.0	4.0	10.0	4,4,4,1,4,1,4,4,1	0,3,25,83,3,8,2,7,209	1.0	21.542552947998047	0.9616290809390312
8516.0	36950.0	8.0	1.0	8.0	1,1,1,4,4,4,1	0,5,2,3,8,36,304	0.0	21.542552947998047	0.9616290809390312
8759.0	36951.0	8.0	4.0	9.0	4,4,3,1,4,4,2,1	0,5,31,68,2,5,17,212	1.0	21.54254913330078	0.961629074276469
8505.0	36952.0	8.0	2.0	10.0	4,1,1,4,4,3,1,4,1	0,4,2,2,6,18,45,27,255	1.0	21.542552947998047	0.9616290809390312
8332.0	36953.0	8.0	1.0	12.0	4,4,1,1,4,4,4,1,4,4,1	0,4,15,2,2,6,28,94,1,4,213	0.0	21.542552947998047	0.9616290809390312
8459.0	36954.0	8.0	4.0	11.0	4,4,4,1,4,4,1,4,4,1	0,3,10,44,2,7,58,2,9,226	1.0	21.542552947998047	0.9616290809390312
8519.0	36955.0	8.0	4.0	9.0	1,1,4,1,4,4,4,1	0,3,2,7,2,7,33,304	1.0	21.542552947998047	0.9616290809390312
8563.0	36956.0	8.0	4.0	13.0	1,1,1,4,4,2,2,1,4,4,2,1	0,5,3,2,6,28,20,55,2,5,14,216	1.0	21.542552947998047	0.9616290809390312
8470.0	36957.0	8.0	4.0	15.0	1,1,1,4,4,4,1,1,1,1,4,4,2,1	0,3,2,2,6,15,49,2,27,18,2,5,15,215	1.0	21.542552947998047	0.9616290809390312
8514.0	36958.0	8.0	4.0	10.0	1,1,4,4,4,1,4,4,1	0,3,2,6,21,91,2,6,228	1.0	21.54254913330078	0.961629074276469
8660.0	36959.0	8.0	1.0	15.0	1,1,1,4,1,4,4,1,1,4,4,1,4,1	0,3,2,2,8,3,7,27,2,2,5,12,27,255	0.0	21.542552947998047	0.9616290809390312
8905.0	36960.0	8.0	1.0	8.0	4,1,1,4,4,2,1	0,6,2,2,5,12,209	0.0	21.54254913330078	0.961629074276469
8683.0	36961.0	8.0	3.0	6.0	4,4,4,4,1	0,3,11,34,303	1.0	21.54254913330078	0.961629074276469
8906.0	36962.0	8.0	1.0	6.0	4,4,1,3,1	0,6,21,4,205	0.0	21.54254913330078	0.961629074276469
8474.0	36963.0	8.0	3.0	11.0	4,4,4,2,1,4,1,4,2,1	0,4,13,44,64,2,8,3,11,212	1.0	21.542552947998047	0.9616290809390312
8670.0	36964.0	8.0	3.0	16.0	4,4,1,1,1,4,4,1,1,1,4,1,4,3,1	0,6,36,9,2,2,5,39,18,2,5,12,2,6,210	1.0	21.542552947998047	0.9616290809390312
8862.0	36965.0	8.0	3.0	8.0	1,4,4,1,4,4,1	0,4,11,52,2,8,226	1.0	21.542552947998047	0.9616290809390312
8807.0	36966.0	8.0	3.0	14.0	4,1,4,1,1,4,4,1,1,3,4,2,1	0,6,1,18,9,2,6,40,18,2,5,14,216	1.0	21.542552947998047	0.9616290809390312
8689.0	36967.0	8.0	1.0	14.0	4,4,1,4,4,1,1,1,4,4,1,4,1	0,5,15,1,18,76,2,4,2,5,14,4,205	0.0	21.542552947998047	0.9616290809390312
8592.0	36968.0	8.0	4.0	12.0	1,1,4,4,1,4,1,4,4,2,1	0,4,2,5,33,8,67,2,7,23,205	1.0	21.542552947998047	0.9616290809390312
8375.0	36969.0	8.0	4.0	13.0	1,4,4,1,1,4,4,1,4,4,2,1	0,3,10,48,2,2,6,57,2,7,23,205	1.0	21.542552947998047	0.9616290809390312
8518.0	36970.0	8.0	1.0	15.0	4,4,4,1,1,1,4,1,4,4,1,3,3,1	0,4,15,49,2,4,2,45,2,6,15,2,7,205	0.0	21.542552947998047	0.9616290809390312
8379.0	36971.0	8.0	1.0	10.0	4,2,4,4,1,4,4,2,1	0,5,7,19,97,2,7,23,205	0.0	21.542552947998047	0.9616290809390312
8891.0	36972.0	8.0	4.0	6.0	4,1,4,4,1	0,3,4,9,221	1.0	21.54254913330078	0.961629074276469
8597.0	36973.0	8.0	1.0	13.0	1,1,4,1,4,1,4,1,4,4,2,1	0,3,2,6,5,28,9,66,2,5,16,214	0.0	21.542552947998047	0.9616290809390312
8681.0	36975.0	8.0	1.0	5.0	4,4,4,1	0,5,34,312	0.0	21.542552947998047	0.9616290809390312
8608.0	36976.0	8.0	4.0	12.0	1,4,1,4,1,4,1,4,4,2,1	0,5,17,2,19,9,66,2,7,19,209	1.0	21.542552947998047	0.9616290809390312
8538.0	36977.0	8.0	2.0	10.0	1,4,1,4,4,1,4,3,1	0,3,9,5,28,97,2,8,205	1.0	21.54254913330078	0.961629074276469
8765.0	36978.0	8.0	4.0	5.0	4,4,4,1	0,5,31,304	1.0	21.542552947998047	0.9616290809390312
8676.0	36981.0	8.0	4.0	7.0	4,1,4,4,4,1	0,4,2,8,36,304	1.0	21.542552947998047	0.9616290809390312
9001.0	37040.0	1.0	1.0	9.0	1,2,2,4,3,1,3,1	0,3,5,5,20,185,2,6	0.0	21.54254913330078	0.995121130493983
8997.0	37041.0	1.0	3.0	9.0	1,2,1,3,1,3,1,3	0,5,8,20,185,2,5,1	1.0	21.542552947998047	0.995121131355809
8881.0	37043.0	1.0	3.0	17.0	4,2,1,1,1,4,1,2,2,3,3,3,1,1,3,1	0,4,5,2,3,2,5,2,4,5,6,14,185,2,1,5	1.0	21.542552947998047	0.995121131355809
8883.0	37044.0	1.0	3.0	13.0	4,2,1,4,1,4,2,4,3,1,3,1	0,4,5,2,7,2,5,7,20,185,2,6	1.0	21.542552947998047	0.995121131355809
8907.0	37045.0	1.0	3.0	12.0	4,4,1,4,1,1,4,3,1,3,1	0,4,12,2,6,1,4,20,185,2,6	1.0	21.542552947998047	0.995121131355809
8958.0	37046.0	1.0	2.0	12.0	4,3,1,2,4,2,1,1,1,3,1	0,4,5,2,3,11,80,125,1,1,6	1.0	21.542552947998047	0.995121131355809
8971.0	37047.0	1.0	1.0	10.0	1,2,2,1,1,4,1,3,1	0,4,5,10,14,60,125,2,6	0.0	21.54254913330078	0.995121130493983
8933.0	37048.0	1.0	3.0	8.0	4,4,2,1,1,3,1	0,5,16,85,125,2,6	1.0	21.54254913330078	0.995121130493983
8701.0	37050.0	6.0	3.0	10.0	4,4,4,1,4,4,4,1,4	0,3,8,36,2,7,59,237,2	1.0	21.542552947998047	0.9710815243367282
9003.0	37051.0	6.0	3.0	7.0	1,4,1,2,1,4	0,3,16,176,24,2	1.0	21.542552947998047	0.9710815243367282
8795.0	37052.0	6.0	3.0	9.0	4,4,1,4,4,4,1,4	0,5,30,2,7,59,237,2	1.0	21.54254913330078	0.9710815192906888
8576.0	37053.0	6.0	3.0	9.0	1,1,4,4,4,1,1,4	0,5,2,8,36,281,24,2	1.0	21.54254913330078	0.9710815192906888
8850.0	37054.0	6.0	3.0	8.0	4,4,1,4,4,1,4	0,3,11,2,50,238,2	1.0	21.54254913330078	0.9710815192906888
8787.0	37055.0	1.0	3.0	17.0	1,4,1,1,4,1,4,4,1,4,4,2,1,1,2,1	0,3,24,9,2,6,2,6,51,2,6,18,187,24,2,5	1.0	21.542552947998047	0.995121131355809
8781.0	37056.0	1.0	3.0	7.0	4,1,4,4,4,1	0,5,2,21,76,244	1.0	21.542552947998047	0.995121131355809
8827.0	37057.0	6.0	3.0	8.0	1,1,1,4,4,1,4	0,5,18,9,66,238,2	1.0	21.542552947998047	0.9710815243367282
8818.0	37058.0	6.0	3.0	7.0	1,4,4,2,1,4	0,4,29,99,206,2	1.0	21.54254913330078	0.9710815192906888
8745.0	37059.0	1.0	3.0	8.0	4,4,4,1,1,1,1	0,6,36,298,8,1,5	1.0	21.54254913330078	0.995121130493983
8577.0	37060.0	6.0	3.0	11.0	1,1,4,4,1,4,4,4,1,4	0,5,2,8,36,2,7,58,238,2	1.0	21.54254913330078	0.9710815192906888
8634.0	37061.0	6.0	3.0	8.0	4,4,1,4,4,1,4	0,6,36,9,66,238,2	1.0	21.54254913330078	0.9710815192906888
7933.0	37062.0	6.0	3.0	7.0	4,4,4,4,1,3	0,5,14,47,299,3	1.0	21.542552947998047	0.9710815243367282
8512.0	37063.0	9.0	1.0	11.0	1,4,4,1,4,4,1,4,4,1	0,4,11,41,2,6,58,2,9,226	0.0	21.54254913330078	0.9569374115098821
8688.0	37064.0	9.0	3.0	11.0	4,4,4,1,4,4,1,4,4,1	0,3,11,35,2,7,56,2,7,228	1.0	21.542552947998047	0.9569374189686957
8738.0	37065.0	9.0	3.0	12.0	4,4,2,1,1,4,1,1,4,2,1	0,6,36,49,18,2,6,3,3,9,214	1.0	21.542552947998047	0.9569374189686957
8299.0	37066.0	9.0	2.0	13.0	4,4,1,4,4,1,4,1,1,4,2,1	0,5,18,2,6,28,9,66,2,5,14,216	1.0	21.542552947998047	0.9569374189686957
8843.0	37067.0	9.0	3.0	13.0	1,4,1,1,4,4,1,4,4,4,2,1	0,5,26,2,2,5,40,18,2,6,17,212	1.0	21.542552947998047	0.9569374189686957
8814.0	37068.0	9.0	1.0	17.0	1,1,4,1,1,4,4,1,1,4,4,1,2,4,1,1	0,3,3,27,2,2,5,40,18,2,5,12,2,3,8,205	0.0	21.542552947998047	0.9569374189686957
8677.0	37069.0	9.0	3.0	15.0	4,1,1,4,1,1,4,4,4,1,4,4,1,1	0,3,3,2,6,3,2,5,26,74,2,5,18,205	1.0	21.542552947998047	0.9569374189686957
8598.0	37070.0	9.0	1.0	9.0	1,4,4,1,4,4,4,1	0,5,16,80,18,2,7,228	0.0	21.54254913330078	0.9569374115098821
8552.0	37071.0	9.0	3.0	13.0	1,1,1,4,1,4,4,4,1,4,4,1	0,4,2,3,9,2,6,27,85,2,5,212	1.0	21.542552947998047	0.9569374189686957
8504.0	37072.0	9.0	1.0	12.0	1,1,4,4,1,4,4,1,4,4,1	0,3,2,6,17,1,18,76,2,8,226	0.0	21.542552947998047	0.9569374189686957
8471.0	37073.0	8.0	1.0	6.0	4,4,4,4,1	0,4,12,42,304	0.0	21.54254913330078	0.961629074276469
8541.0	37074.0	8.0	3.0	9.0	1,4,4,1,4,4,4,1	0,5,18,97,2,6,19,211	1.0	21.54254913330078	0.961629074276469
8294.0	37075.0	8.0	3.0	6.0	3,4,4,4,1	0,3,10,46,313	1.0	21.54254913330078	0.961629074276469
8721.0	37076.0	8.0	3.0	6.0	4,4,4,4,1	0,4,13,41,291	1.0	21.54254913330078	0.961629074276469
8859.0	37077.0	8.0	3.0	10.0	4,4,1,4,1,4,4,4,1	0,5,14,2,45,2,5,14,217	1.0	21.542552947998047	0.9616290809390312
8479.0	37078.0	8.0	3.0	6.0	4,4,4,4,1	0,3,9,44,305	1.0	21.54254913330078	0.961629074276469
8529.0	37079.0	9.0	3.0	12.0	1,1,4,4,2,3,1,4,4,2,1	0,3,2,5,13,31,68,2,5,15,214	1.0	21.542552947998047	0.9569374189686957
8388.0	37080.0	8.0	3.0	8.0	4,4,1,4,4,4,1	0,3,8,2,7,41,305	1.0	21.54254913330078	0.961629074276469
8605.0	37081.0	8.0	3.0	13.0	1,1,4,4,1,4,4,1,4,4,2,1	0,4,3,8,36,2,7,58,2,7,23,206	1.0	21.542552947998047	0.9616290809390312
8491.0	37082.0	8.0	3.0	9.0	4,1,1,4,4,4,4,1	0,3,2,2,5,12,41,296	1.0	21.542552947998047	0.9616290809390312
8510.0	37083.0	8.0	3.0	6.0	4,4,4,4,1	0,5,14,45,296	1.0	21.54254913330078	0.961629074276469
8486.0	37084.0	8.0	3.0	6.0	4,4,4,4,1	0,3,9,44,305	1.0	21.54254913330078	0.961629074276469
8535.0	37085.0	8.0	3.0	6.0	1,4,4,4,1	0,4,13,45,296	1.0	21.54254913330078	0.961629074276469
8436.0	37086.0	8.0	1.0	6.0	4,4,4,4,1	0,4,12,43,304	0.0	21.54254913330078	0.961629074276469
8526.0	37087.0	8.0	3.0	6.0	1,4,4,4,1	0,3,9,42,305	1.0	21.542552947998047	0.9616290809390312
8692.0	37088.0	9.0	1.0	12.0	4,1,4,4,1,4,1,4,4,2,1	0,3,2,6,28,9,66,2,5,15,215	0.0	21.542552947998047	0.9569374189686957
8607.0	37089.0	9.0	3.0	7.0	1,1,4,4,4,1	0,3,2,5,33,312	1.0	21.54254913330078	0.9569374115098821
8511.0	37090.0	8.0	3.0	6.0	4,4,4,4,1	0,3,10,43,304	1.0	21.54254913330078	0.961629074276469
8340.0	37091.0	8.0	3.0	6.0	2,4,4,4,1	0,3,9,44,313	1.0	21.54254913330078	0.961629074276469
8465.0	37092.0	8.0	3.0	6.0	4,4,4,4,1	0,3,10,44,305	1.0	21.54254913330078	0.961629074276469
8754.0	37093.0	9.0	2.0	5.0	1,4,4,1	0,5,31,304	1.0	21.542552947998047	0.9569374189686957
8452.0	37094.0	8.0	3.0	6.0	4,4,4,4,1	0,4,12,43,304	1.0	21.54254913330078	0.961629074276469
8393.0	37095.0	8.0	3.0	6.0	4,4,4,4,1	0,4,13,45,304	1.0	21.54254913330078	0.961629074276469
8328.0	37096.0	9.0	3.0	12.0	4,4,1,4,4,1,4,1,4,4,1	0,5,16,2,6,28,9,66,2,7,228	1.0	21.542552947998047	0.9569374189686957
8844.0	37097.0	8.0	4.0	11.0	4,4,1,4,4,1,4,4,3,1	0,5,26,2,7,58,2,6,24,206	1.0	21.542552947998047	0.9616290809390312
8378.0	37098.0	8.0	4.0	6.0	4,4,4,4,1	0,3,10,48,305	1.0	21.54254913330078	0.961629074276469
8662.0	37099.0	8.0	4.0	6.0	4,4,4,4,1	0,3,12,45,296	1.0	21.54254913330078	0.961629074276469
8352.0	37100.0	8.0	4.0	6.0	4,4,4,4,1	0,4,13,48,304	1.0	21.54254913330078	0.961629074276469
8428.0	37101.0	8.0	1.0	6.0	4,4,4,4,1	0,3,10,46,305	0.0	21.54254913330078	0.961629074276469
8904.0	37102.0	8.0	4.0	5.0	4,4,4,1	0,6,17,214	1.0	21.542552947998047	0.9616290809390312
8401.0	37103.0	8.0	4.0	6.0	4,4,4,4,1	0,3,10,47,305	1.0	21.54254913330078	0.961629074276469
8345.0	37104.0	8.0	4.0	6.0	1,4,4,4,1	0,4,13,48,304	1.0	21.54254913330078	0.961629074276469
8666.0	37105.0	8.0	4.0	13.0	1,1,1,4,1,4,1,1,4,4,4,1	0,3,3,2,6,3,25,9,2,6,40,256	1.0	21.542552947998047	0.9616290809390312
8314.0	37106.0	8.0	1.0	6.0	4,4,4,4,1	0,3,10,46,313	0.0	21.54254913330078	0.961629074276469
8903.0	37107.0	8.0	4.0	5.0	4,4,3,1	0,6,20,211	1.0	21.542552947998047	0.9616290809390312
8704.0	37108.0	8.0	2.0	6.0	4,4,4,4,1	0,4,12,40,295	1.0	21.54254913330078	0.961629074276469
8446.0	37109.0	8.0	4.0	13.0	4,4,4,1,1,4,4,1,4,4,3,1	0,3,11,44,2,2,7,56,2,6,19,211	1.0	21.542552947998047	0.9616290809390312
8537.0	37110.0	8.0	4.0	13.0	1,4,1,1,4,1,4,1,4,4,4,1	0,5,15,2,2,21,9,66,2,6,15,215	1.0	21.542552947998047	0.9616290809390312
8564.0	37111.0	8.0	1.0	6.0	4,4,4,4,1	0,3,13,46,295	0.0	21.54254913330078	0.961629074276469
8555.0	37112.0	8.0	4.0	6.0	4,4,4,4,1	0,4,13,40,300	1.0	21.54254913330078	0.961629074276469
8565.0	37113.0	8.0	4.0	6.0	1,4,4,4,1	0,4,13,41,299	1.0	21.54254913330078	0.961629074276469
8737.0	37114.0	8.0	4.0	5.0	4,4,4,1	0,6,36,305	1.0	21.542552947998047	0.9616290809390312
8399.0	37115.0	8.0	4.0	6.0	4,4,4,4,1	0,4,14,45,302	1.0	21.54254913330078	0.961629074276469
8600.0	37116.0	8.0	2.0	16.0	4,1,1,4,1,4,4,1,4,4,1,4,4,3,1	0,5,3,2,6,3,6,27,2,7,58,2,6,19,211	1.0	21.542552947998047	0.9616290809390312
8527.0	37117.0	8.0	4.0	12.0	4,1,4,4,1,4,1,4,4,4,1	0,5,2,6,33,9,66,2,5,16,215	1.0	21.542552947998047	0.9616290809390312
8391.0	37118.0	8.0	4.0	6.0	4,4,4,4,1	0,3,11,47,305	1.0	21.54254913330078	0.961629074276469
8435.0	37119.0	8.0	2.0	10.0	4,4,4,1,4,4,4,3,1	0,5,17,85,18,2,6,24,206	1.0	21.542552947998047	0.9616290809390312
8420.0	37120.0	9.0	4.0	16.0	4,1,4,1,4,4,1,4,4,1,4,4,1,3,1	0,5,2,6,2,8,36,2,7,58,2,6,20,4,205	1.0	21.542552947998047	0.9569374189686957
8861.0	37121.0	9.0	4.0	8.0	4,4,4,1,4,4,1	0,5,16,54,2,7,219	1.0	21.54254913330078	0.9569374115098821
8360.0	37122.0	9.0	4.0	11.0	4,4,4,1,4,4,1,4,4,1	0,5,15,51,2,9,48,2,8,226	1.0	21.542552947998047	0.9569374189686957
8548.0	37123.0	8.0	1.0	15.0	1,1,4,1,4,1,1,4,4,1,4,4,4,1	0,5,2,5,5,28,9,2,6,58,2,6,15,215	0.0	21.542552947998047	0.9616290809390312
8513.0	37124.0	8.0	4.0	15.0	1,1,4,1,4,4,1,4,4,1,4,4,4,1	0,4,2,7,2,7,33,2,7,58,2,6,17,213	1.0	21.542552947998047	0.9616290809390312
8613.0	37125.0	8.0	4.0	6.0	4,4,4,4,1	0,3,12,45,296	1.0	21.54254913330078	0.961629074276469
8507.0	37126.0	8.0	2.0	6.0	1,4,4,4,1	0,3,10,43,304	1.0	21.542552947998047	0.9616290809390312
8330.0	37127.0	8.0	4.0	6.0	4,4,4,4,1	0,4,14,48,304	1.0	21.54254913330078	0.961629074276469
8442.0	37128.0	8.0	4.0	6.0	4,4,4,4,1	0,3,7,40,313	1.0	21.54254913330078	0.961629074276469
8394.0	37129.0	8.0	4.0	6.0	4,4,4,4,1	0,5,14,44,303	1.0	21.54254913330078	0.961629074276469
8397.0	37130.0	8.0	4.0	6.0	4,4,4,4,1	0,3,8,41,313	1.0	21.54254913330078	0.961629074276469
8665.0	37131.0	8.0	4.0	11.0	4,1,4,4,2,1,4,4,4,1	0,6,2,6,36,67,2,5,17,214	1.0	21.542552947998047	0.9616290809390312
8400.0	37132.0	8.0	2.0	12.0	4,4,1,4,1,4,1,4,4,4,1	0,5,19,3,25,9,66,2,5,14,217	1.0	21.542552947998047	0.9616290809390312
8674.0	37133.0	239.0	1.0	10.0	4,1,4,1,1,4,4,4,4	0,4,2,8,3,2,8,25,72	0.0	21.542552947998047	0.3107074784024145
8809.0	37134.0	6.0	4.0	6.0	4,4,4,2,1	0,4,29,99,208	1.0	21.54254913330078	0.9710815192906888
8322.0	37135.0	6.0	4.0	6.0	1,4,4,4,1	0,3,10,52,307	1.0	21.542552947998047	0.9710815243367282
8380.0	37136.0	6.0	4.0	6.0	4,4,4,4,1	0,5,15,50,298	1.0	21.54254913330078	0.9710815192906888
8546.0	37137.0	6.0	4.0	6.0	4,4,4,4,1	0,4,14,52,290	1.0	21.54254913330078	0.9710815192906888
8549.0	37138.0	6.0	4.0	9.0	4,4,4,1,4,4,4,1	0,4,13,46,2,8,48,239	1.0	21.542552947998047	0.9710815243367282
8304.0	37139.0	6.0	4.0	6.0	4,4,4,4,1	0,5,15,56,298	1.0	21.54254913330078	0.9710815192906888
8533.0	37140.0	6.0	4.0	6.0	4,4,4,4,1	0,4,15,49,293	1.0	21.54254913330078	0.9710815192906888
8356.0	37141.0	6.0	1.0	15.0	1,1,1,1,4,4,1,4,4,1,4,4,4,1	0,5,2,2,2,5,13,2,5,26,2,7,58,240	0.0	21.542552947998047	0.9710815243367282
8411.0	37142.0	6.0	4.0	6.0	4,4,4,4,1	0,4,14,51,298	1.0	21.54254913330078	0.9710815192906888
8425.0	37143.0	6.0	2.0	6.0	4,4,4,4,1	0,4,15,49,298	1.0	21.54254913330078	0.9710815192906888
8309.0	37144.0	6.0	4.0	6.0	4,4,4,4,1	0,5,18,60,291	1.0	21.54254913330078	0.9710815192906888
8305.0	37145.0	6.0	4.0	6.0	4,4,4,4,1	0,5,15,56,298	1.0	21.54254913330078	0.9710815192906888
8716.0	37146.0	6.0	4.0	11.0	4,1,4,1,3,1,4,4,4,1	0,4,4,10,18,20,2,6,48,239	1.0	21.542552947998047	0.9710815243367282
8362.0	37147.0	6.0	4.0	9.0	1,4,4,1,4,4,4,1	0,5,21,103,2,6,24,208	1.0	21.54254913330078	0.9710815192906888
8540.0	37148.0	6.0	4.0	14.0	1,1,4,2,1,1,1,3,4,3,4,4,1	0,4,2,6,9,2,3,1,3,16,16,59,239	1.0	21.542552947998047	0.9710815243367282
8382.0	37149.0	6.0	4.0	6.0	4,4,4,4,1	0,5,15,52,296	1.0	21.54254913330078	0.9710815192906888
8834.0	37150.0	6.0	4.0	6.0	4,4,4,2,1	0,4,27,95,212	1.0	21.54254913330078	0.9710815192906888
8632.0	37151.0	6.0	4.0	6.0	4,4,4,4,1	0,5,15,51,287	1.0	21.54254913330078	0.9710815192906888
8475.0	37152.0	6.0	4.0	6.0	4,4,4,4,1	0,4,16,52,291	1.0	21.54254913330078	0.9710815192906888
8860.0	37153.0	6.0	1.0	7.0	1,1,4,4,4,1	0,5,3,8,51,239	0.0	21.54254913330078	0.9710815192906888
8292.0	37154.0	6.0	1.0	6.0	3,4,4,4,1	0,3,11,53,307	0.0	21.54254913330078	0.9710815192906888
8554.0	37155.0	6.0	3.0	6.0	1,4,4,4,1	0,5,15,55,285	1.0	21.54254913330078	0.9710815192906888
8331.0	37156.0	6.0	4.0	6.0	4,4,4,4,1	0,5,18,59,290	1.0	21.54254913330078	0.9710815192906888
8338.0	37157.0	6.0	2.0	6.0	4,4,4,4,1	0,5,17,54,295	1.0	21.54254913330078	0.9710815192906888
8440.0	37158.0	6.0	4.0	8.0	1,4,4,1,4,4,1	0,5,17,56,2,45,240	1.0	21.54254913330078	0.9710815192906888
8594.0	37159.0	6.0	4.0	8.0	1,4,4,1,4,4,1	0,4,15,49,4,48,239	1.0	21.54254913330078	0.9710815192906888
8503.0	37160.0	6.0	4.0	14.0	4,1,4,1,4,4,1,1,4,4,2,4,1	0,3,2,6,2,7,35,2,2,5,13,46,239	1.0	21.542552947998047	0.9710815243367282
8517.0	37161.0	6.0	4.0	10.0	1,1,4,4,2,1,4,4,1	0,3,2,7,34,28,2,45,240	1.0	21.54254913330078	0.9710815192906888
8864.0	37162.0	6.0	4.0	7.0	4,1,4,4,4,1	0,5,3,11,48,239	1.0	21.542552947998047	0.9710815243367282
8493.0	37178.0	12.0	3.0	9.0	4,1,4,4,2,4,2,1	0,5,2,7,34,25,77,213	1.0	21.542552947998047	0.9429993269081437
8719.0	37179.0	12.0	2.0	8.0	1,1,4,1,4,4,1	0,3,5,28,9,48,258	1.0	21.54254913330078	0.9429993171079123
8490.0	37180.0	12.0	3.0	6.0	4,4,4,4,1	0,5,15,47,296	1.0	21.54254913330078	0.9429993171079123
8302.0	37181.0	12.0	4.0	6.0	4,4,4,4,1	0,5,15,56,298	1.0	21.54254913330078	0.9429993171079123
8373.0	37182.0	241.0	2.0	6.0	4,4,4,2,4	0,5,15,54,66	1.0	21.54254913330078	0.30768300811724403
8963.0	37183.0	7.0	1.0	5.0	4,4,1,1	0,5,217,8	0.0	21.542552947998047	0.9663437451366886
8597.0	37184.0	7.0	1.0	14.0	1,1,4,1,4,1,4,1,4,4,2,1,1	0,3,2,6,5,28,9,66,2,5,16,214,8	0.0	21.542552947998047	0.9663437451366886
8761.0	37185.0	251.0	1.0	6.0	4,1,4,4,4	0,4,2,22,76	0.0	21.54254913330078	0.2929968793074515
8398.0	37186.0	251.0	1.0	6.0	4,4,4,2,4	0,3,9,48,68	0.0	21.54254913330078	0.2929968793074515
8363.0	37187.0	7.0	4.0	10.0	4,4,4,1,1,4,4,4,1	0,3,9,50,2,2,7,56,245	1.0	21.542552947998047	0.9663437451366886
8905.0	37188.0	7.0	4.0	9.0	4,1,1,4,4,2,1,1	0,6,2,2,5,12,209,8	1.0	21.54254913330078	0.9663437392783647
8675.0	37189.0	7.0	4.0	7.0	4,4,1,4,4,1	0,6,36,9,66,245	1.0	21.542552947998047	0.9663437451366886
8518.0	37190.0	7.0	4.0	16.0	4,4,4,1,1,1,4,1,4,4,1,3,3,1,1	0,4,15,49,2,4,2,45,2,6,15,2,7,205,8	1.0	21.542552947998047	0.9663437451366886
8685.0	37191.0	7.0	4.0	10.0	4,1,4,4,1,3,4,4,1	0,3,2,6,28,9,11,56,244	1.0	21.542552947998047	0.9663437451366886
8350.0	37192.0	7.0	4.0	9.0	4,4,4,1,4,4,4,1	0,4,16,53,2,6,51,244	1.0	21.54254913330078	0.9663437392783647
8505.0	37193.0	7.0	4.0	11.0	4,1,1,4,4,3,1,4,1,2	0,4,2,2,6,18,45,27,255,8	1.0	21.542552947998047	0.9663437451366886
8811.0	37194.0	7.0	2.0	7.0	4,3,1,4,4,1	0,3,22,9,66,245	1.0	21.542552947998047	0.9663437451366886
8500.0	37195.0	7.0	4.0	9.0	1,4,4,1,4,4,1,1	0,5,17,100,2,7,228,8	1.0	21.54254913330078	0.9663437392783647
8766.0	37196.0	7.0	1.0	7.0	4,4,1,4,4,1	0,3,25,9,66,245	0.0	21.542552947998047	0.9663437451366886
8599.0	37197.0	7.0	4.0	7.0	1,4,4,4,1,1	0,3,7,34,312,8	1.0	21.54254913330078	0.9663437392783647
8332.0	37198.0	7.0	1.0	13.0	4,4,1,1,4,4,4,1,4,4,1,1	0,4,15,2,2,6,28,94,1,4,213,8	0.0	21.542552947998047	0.9663437451366886
8739.0	37199.0	7.0	4.0	7.0	4,4,1,4,4,1	0,6,28,8,67,245	1.0	21.542552947998047	0.9663437451366886
8448.0	37200.0	7.0	2.0	9.0	4,4,4,1,4,4,4,1	0,3,11,45,2,7,57,245	1.0	21.542552947998047	0.9663437451366886
8451.0	37201.0	15.0	4.0	10.0	4,4,2,2,4,1,4,2,2	0,4,18,36,22,67,2,8,205	1.0	21.542552947998047	0.9292642475069753
8550.0	37202.0	7.0	4.0	11.0	4,4,4,1,1,4,4,2,1,1	0,4,16,82,18,2,6,19,210,8	1.0	21.542552947998047	0.9663437451366886
8389.0	37203.0	7.0	3.0	9.0	4,4,4,1,4,4,4,1	0,5,15,50,2,6,51,244	1.0	21.54254913330078	0.9663437392783647
8680.0	37204.0	7.0	4.0	9.0	4,4,4,1,4,4,4,1	0,3,11,38,2,7,57,244	1.0	21.542552947998047	0.9663437451366886
8689.0	37205.0	7.0	1.0	15.0	4,4,1,4,4,1,1,1,4,4,1,4,1,1	0,5,15,1,18,76,2,4,2,5,14,4,205,8	0.0	21.542552947998047	0.9663437451366886
8489.0	37206.0	7.0	4.0	11.0	1,1,4,4,1,1,4,4,4,1	0,5,2,7,34,9,2,6,58,245	1.0	21.542552947998047	0.9663437451366886
8752.0	37207.0	7.0	4.0	9.0	4,4,1,4,4,4,4,1	0,4,25,7,2,7,58,245	1.0	21.54254913330078	0.9663437392783647
8428.0	37208.0	6.0	1.0	7.0	4,4,4,4,1,1	0,3,10,46,305,8	0.0	21.542552947998047	0.9710815243367282
8740.0	37209.0	7.0	4.0	8.0	4,1,4,2,4,4,1	0,6,3,25,10,65,245	1.0	21.54254913330078	0.9663437392783647
8611.0	37210.0	7.0	4.0	10.0	1,1,4,1,1,4,4,4,1	0,4,3,11,2,2,21,76,244	1.0	21.54254913330078	0.9663437392783647
8718.0	37211.0	7.0	4.0	8.0	1,4,1,4,4,4,1	0,8,36,2,7,59,244	1.0	21.542552947998047	0.9663437451366886
8681.0	37212.0	7.0	4.0	6.0	4,4,4,1,1	0,5,34,312,8	1.0	21.54254913330078	0.9663437392783647
8520.0	37213.0	7.0	4.0	9.0	4,4,4,1,4,4,4,1	0,3,10,42,2,6,58,245	1.0	21.54254913330078	0.9663437392783647
8371.0	37214.0	7.0	4.0	7.0	4,4,4,2,4,1	0,3,9,50,68,244	1.0	21.542552947998047	0.9663437451366886
8379.0	37215.0	7.0	4.0	11.0	4,2,4,4,1,4,4,2,1,1	0,5,7,19,97,2,7,23,205,8	1.0	21.542552947998047	0.9663437451366886
8462.0	37216.0	7.0	1.0	9.0	4,4,4,1,4,4,4,1	0,3,10,44,2,7,58,245	0.0	21.542552947998047	0.9663437451366886
8464.0	37217.0	7.0	4.0	7.0	1,4,4,2,4,1	0,3,10,44,68,244	1.0	21.54254913330078	0.9663437392783647
8296.0	37218.0	7.0	3.0	6.0	4,4,4,4,1	0,5,18,66,290	1.0	21.54254913330078	0.9663437392783647
8523.0	37219.0	7.0	1.0	8.0	1,4,4,1,4,4,1	0,3,7,36,9,66,245	0.0	21.542552947998047	0.9663437451366886
8672.0	37220.0	7.0	1.0	11.0	1,1,1,4,4,1,4,4,4,1	0,3,3,2,6,36,2,7,58,245	0.0	21.54254913330078	0.9663437392783647
8810.0	37221.0	7.0	3.0	7.0	4,4,2,4,4,1	0,4,29,16,58,238	1.0	21.542552947998047	0.9663437451366886
8438.0	37222.0	7.0	4.0	12.0	1,1,4,4,3,1,4,4,2,1,2	0,5,2,7,36,76,2,6,18,210,8	1.0	21.54254913330078	0.9663437392783647
8516.0	37223.0	7.0	4.0	9.0	1,1,1,4,4,4,1,1	0,5,2,3,8,36,304,8	1.0	21.54254913330078	0.9663437392783647
8866.0	37224.0	7.0	4.0	6.0	4,4,4,4,1	0,4,15,50,242	1.0	21.54254913330078	0.9663437392783647
8536.0	37225.0	7.0	4.0	11.0	1,1,1,4,4,1,4,4,4,1	0,4,2,3,9,35,2,7,58,245	1.0	21.54254913330078	0.9663437392783647
8502.0	37226.0	7.0	4.0	9.0	1,4,2,1,4,4,4,1	0,5,18,32,2,7,58,245	1.0	21.54254913330078	0.9663437392783647
8612.0	37227.0	7.0	4.0	10.0	1,1,4,4,1,4,4,4,1	0,5,2,8,36,2,7,58,245	1.0	21.54254913330078	0.9663437392783647
8808.0	37228.0	7.0	4.0	8.0	4,4,1,4,4,4,1	0,4,29,2,7,59,244	1.0	21.54254913330078	0.9663437392783647
8595.0	37229.0	7.0	4.0	9.0	1,4,4,1,4,4,4,1	0,4,12,38,2,7,57,244	1.0	21.54254913330078	0.9663437392783647
8867.0	37230.0	7.0	4.0	6.0	4,4,4,4,1	0,3,10,54,244	1.0	21.54254913330078	0.9663437392783647
8359.0	37231.0	7.0	1.0	12.0	1,4,1,1,4,1,1,4,4,4,1	0,3,10,2,3,8,3,2,23,76,244	0.0	21.54254913330078	0.9663437392783647
8673.0	37232.0	7.0	4.0	10.0	1,1,4,1,4,1,4,4,1	0,6,2,6,3,25,9,66,245	1.0	21.54254913330078	0.9663437392783647
8320.0	37233.0	7.0	1.0	16.0	4,4,4,1,4,4,1,4,1,4,1,3,3,1,2	0,4,14,51,2,8,54,2,8,3,9,2,7,205,8	0.0	21.542552947998047	0.9663437451366886
8692.0	37234.0	6.0	4.0	13.0	4,1,4,4,1,4,1,4,4,2,1,1	0,3,2,6,28,9,66,2,5,15,215,9	1.0	21.542552947998047	0.9710815243367282
8538.0	37235.0	7.0	4.0	11.0	1,4,1,4,4,1,4,3,1,2	0,3,9,5,28,97,2,8,205,8	1.0	21.542552947998047	0.9663437451366886
8863.0	37236.0	7.0	4.0	6.0	4,4,4,4,1	0,5,16,59,231	1.0	21.54254913330078	0.9663437392783647
8906.0	37237.0	7.0	4.0	7.0	4,4,1,3,1,1	0,6,21,4,205,8	1.0	21.542552947998047	0.9663437451366886
8436.0	37238.0	6.0	4.0	7.0	4,4,4,4,1,1	0,4,12,43,304,8	1.0	21.542552947998047	0.9710815243367282
8299.0	37239.0	6.0	4.0	14.0	4,4,1,4,4,1,4,1,1,4,2,1,2	0,5,18,2,6,28,9,66,2,5,14,216,9	1.0	21.542552947998047	0.9710815243367282
8860.0	37240.0	6.0	1.0	8.0	1,1,4,4,4,1,1	0,5,3,8,51,239,6	0.0	21.54254913330078	0.9710815192906888
8600.0	37241.0	6.0	4.0	17.0	4,1,1,4,1,4,4,1,4,4,1,4,4,3,1,2	0,5,3,2,6,3,6,27,2,7,58,2,6,19,211,8	1.0	21.542552947998047	0.9710815243367282
8471.0	37242.0	6.0	4.0	7.0	4,4,4,4,1,1	0,4,12,42,304,8	1.0	21.542552947998047	0.9710815243367282
8435.0	37243.0	6.0	4.0	11.0	4,4,4,1,4,4,4,3,1,2	0,5,17,85,18,2,6,24,206,8	1.0	21.542552947998047	0.9710815243367282
8338.0	37244.0	6.0	3.0	7.0	4,4,4,4,1,2	0,5,17,54,295,6	1.0	21.54254913330078	0.9710815192906888
8425.0	37245.0	6.0	4.0	7.0	4,4,4,4,1,2	0,4,15,49,298,6	1.0	21.542552947998047	0.9710815243367282
8674.0	37246.0	6.0	4.0	11.0	4,1,4,1,1,4,4,4,4,1	0,4,2,8,3,2,8,25,72,239	1.0	21.542552947998047	0.9710815243367282
8671.0	37247.0	245.0	1.0	10.0	1,1,1,4,1,4,4,4,4	0,6,2,2,7,2,8,24,73	0.0	21.54254913330078	0.30172222772962093
8507.0	37248.0	6.0	3.0	7.0	1,4,4,4,1,2	0,3,10,43,304,8	1.0	21.54254913330078	0.9710815192906888
8598.0	37249.0	6.0	2.0	10.0	1,4,4,1,4,4,4,1,1	0,5,16,80,18,2,7,228,9	1.0	21.54254913330078	0.9710815192906888
8548.0	37250.0	6.0	3.0	16.0	1,1,4,1,4,1,1,4,4,1,4,4,4,1,1	0,5,2,5,5,28,9,2,6,58,2,6,15,215,8	1.0	21.542552947998047	0.9710815243367282
8356.0	37251.0	6.0	2.0	16.0	1,1,1,1,4,4,1,4,4,1,4,4,4,1,1	0,5,2,2,2,5,13,2,5,26,2,7,58,240,6	1.0	21.542552947998047	0.9710815243367282
8704.0	37252.0	6.0	4.0	7.0	4,4,4,4,1,2	0,4,12,40,295,8	1.0	21.54254913330078	0.9710815192906888
8504.0	37253.0	6.0	1.0	13.0	1,1,4,4,1,4,4,1,4,4,1,1	0,3,2,6,17,1,18,76,2,8,226,9	0.0	21.542552947998047	0.9710815243367282
8564.0	37254.0	6.0	4.0	7.0	4,4,4,4,1,1	0,3,13,46,295,8	1.0	21.542552947998047	0.9710815243367282
8314.0	37255.0	6.0	4.0	7.0	4,4,4,4,1,1	0,3,10,46,313,8	1.0	21.542552947998047	0.9710815243367282
8512.0	37256.0	6.0	4.0	12.0	1,4,4,1,4,4,1,4,4,1,1	0,4,11,41,2,6,58,2,9,226,9	1.0	21.542552947998047	0.9710815243367282
8292.0	37257.0	6.0	4.0	7.0	3,4,4,4,1,1	0,3,11,53,307,6	1.0	21.542552947998047	0.9710815243367282
8754.0	37258.0	6.0	4.0	6.0	1,4,4,1,2	0,5,31,304,9	1.0	21.54254913330078	0.9710815192906888
8400.0	37259.0	6.0	4.0	13.0	4,4,1,4,1,4,1,4,4,4,1,2	0,5,19,3,25,9,66,2,5,14,217,8	1.0	21.542552947998047	0.9710815243367282
8758.0	37260.0	234.0	1.0	6.0	4,4,2,4,4	0,4,32,20,65	0.0	21.54254913330078	0.31839913232843225
8835.0	37261.0	251.0	1.0	6.0	1,1,4,4,4	0,4,1,18,76	0.0	21.542552947998047	0.29299694299880347
8474.0	37262.0	7.0	3.0	12.0	4,4,4,2,1,4,1,4,2,1,3	0,4,13,44,64,2,8,3,11,212,8	1.0	21.542552947998047	0.9663437451366886
8670.0	37263.0	7.0	4.0	17.0	4,4,1,1,1,4,4,1,1,1,4,1,4,3,1,3	0,6,36,9,2,2,5,39,18,2,5,12,2,6,210,8	1.0	21.542552947998047	0.9663437451366886
8962.0	37264.0	15.0	4.0	5.0	4,4,2,2	0,4,12,214	1.0	21.542552947998047	0.9292642475069753
8531.0	37265.0	251.0	1.0	10.0	1,4,1,4,1,4,1,4,4	0,3,9,2,5,2,7,18,76	0.0	21.542552947998047	0.29299694299880347
7981.0	37290.0	7.0	4.0	14.0	1,1,1,4,1,1,4,4,1,4,4,1,1	0,5,2,2,6,2,2,5,27,9,66,238,7	1.0	21.542552947998047	0.9663437451366886
9034.0	37291.0	7.0	3.0	3.0	1,1	0,8	1.0	21.542552947998047	0.9663437451366886
8820.0	37292.0	12.0	4.0	9.0	1,4,1,4,4,4,1,4	0,4,29,2,7,59,237,2	1.0	21.542552947998047	0.9429993269081437
8768.0	37293.0	7.0	3.0	13.0	4,1,4,4,1,4,1,4,4,2,1,2	0,4,2,22,76,2,8,3,7,193,26,5	1.0	21.542552947998047	0.9663437451366886
8791.0	37294.0	12.0	3.0	9.0	4,1,4,1,4,4,1,4	0,4,2,21,9,66,238,2	1.0	21.542552947998047	0.9429993269081437
8640.0	37295.0	12.0	3.0	9.0	4,4,4,1,4,4,1,4	0,4,13,44,3,53,238,2	1.0	21.542552947998047	0.9429993269081437
8638.0	37296.0	7.0	3.0	17.0	1,4,1,4,4,1,4,1,3,3,1,3,1,1,4,1	0,3,11,3,25,84,2,7,1,3,10,6,176,24,2,5	1.0	21.542552947998047	0.9663437451366886
8699.0	37297.0	7.0	3.0	11.0	4,4,4,1,1,4,4,2,2,1	0,5,16,93,2,2,7,21,182,31	1.0	21.542552947998047	0.9663437451366886
7885.0	37298.0	12.0	4.0	7.0	4,4,4,4,1,4	0,5,18,62,285,2	1.0	21.542552947998047	0.9429993269081437
9035.0	37299.0	7.0	3.0	3.0	4,1	0,8	1.0	21.542552947998047	0.9663437451366886
7931.0	37300.0	12.0	4.0	7.0	4,4,4,4,1,4	0,5,16,60,285,2	1.0	21.54254913330078	0.9429993171079123
9032.0	37301.0	7.0	4.0	3.0	4,1	0,8	1.0	21.542552947998047	0.9663437451366886
7983.0	37302.0	12.0	4.0	14.0	4,1,4,4,1,4,1,1,4,4,4,1,4	0,5,2,6,17,3,26,2,2,5,58,238,2	1.0	21.542552947998047	0.9429993269081437
8804.0	37303.0	12.0	4.0	9.0	4,4,1,4,4,4,1,4	0,7,27,2,6,59,237,2	1.0	21.54254913330078	0.9429993171079123
8211.0	37304.0	12.0	1.0	11.0	1,4,1,1,4,4,4,2,1,4	0,4,12,4,3,7,27,89,214,3	0.0	21.542552947998047	0.9429993269081437
8251.0	37305.0	38.0	4.0	11.0	1,1,4,4,4,1,4,4,2,2	0,5,2,5,16,94,2,6,19,186	1.0	21.54254913330078	0.830397496287939
9037.0	37306.0	7.0	4.0	3.0	1,1	0,7	1.0	21.542552947998047	0.9663437451366886
8264.0	37307.0	7.0	3.0	15.0	1,1,4,4,1,4,1,4,4,2,1,1,1,2	0,5,2,5,15,18,76,2,6,23,182,24,2,5	1.0	21.542552947998047	0.9663437451366886
8656.0	37308.0	7.0	1.0	12.0	4,4,4,1,4,1,1,4,4,2,1	0,5,18,94,2,8,3,2,6,192,31	0.0	21.542552947998047	0.9663437451366886
7881.0	37309.0	7.0	1.0	8.0	4,4,4,4,1,1,1	0,4,14,49,302,3,5	0.0	21.54254913330078	0.9663437392783647
8203.0	37310.0	12.0	4.0	7.0	4,4,4,4,1,4	0,5,16,55,285,2	1.0	21.542552947998047	0.9429993269081437
8007.0	37311.0	12.0	1.0	10.0	4,4,1,4,1,4,4,1,4	0,5,19,2,23,9,66,238,2	0.0	21.542552947998047	0.9429993269081437
8618.0	37312.0	12.0	4.0	11.0	1,1,4,4,1,4,4,4,1,4	0,3,3,8,36,2,7,59,237,2	1.0	21.54254913330078	0.9429993171079123
8774.0	37313.0	12.0	4.0	13.0	1,1,1,1,1,1,2,4,4,4,1,4	0,5,2,3,18,9,2,3,6,55,237,3	1.0	21.542552947998047	0.9429993269081437
8590.0	37314.0	7.0	1.0	13.0	1,4,1,4,4,1,4,1,4,4,2,1	0,5,14,2,22,76,2,6,2,7,196,31	0.0	21.542552947998047	0.9663437451366886
8209.0	37315.0	7.0	1.0	13.0	1,4,1,4,1,4,1,4,4,2,2,1	0,4,16,3,25,9,67,2,6,19,186,31	0.0	21.542552947998047	0.9663437451366886
7916.0	37316.0	12.0	4.0	7.0	4,4,4,4,1,4	0,3,10,49,304,3	1.0	21.542552947998047	0.9429993269081437
8743.0	37317.0	38.0	1.0	11.0	1,1,4,1,4,1,4,4,2,2	0,6,3,25,9,66,2,6,19,187	0.0	21.542552947998047	0.8303975236162845
8802.0	37318.0	12.0	4.0	7.0	4,4,4,2,1,4	0,4,29,99,205,3	1.0	21.54254913330078	0.9429993171079123
8248.0	37319.0	12.0	1.0	7.0	4,4,4,4,1,4	0,4,15,55,285,2	0.0	21.542552947998047	0.9429993269081437
7853.0	37320.0	12.0	4.0	7.0	4,4,4,4,1,4	0,5,16,60,291,2	1.0	21.54254913330078	0.9429993171079123
8570.0	37321.0	12.0	4.0	9.0	4,4,4,1,4,4,1,4	0,5,15,49,3,48,237,2	1.0	21.54254913330078	0.9429993171079123
8263.0	37322.0	12.0	4.0	7.0	4,4,4,4,1,4	0,4,16,53,285,2	1.0	21.542552947998047	0.9429993269081437
8201.0	37323.0	38.0	4.0	11.0	1,1,4,4,4,1,4,4,2,2	0,5,2,5,18,94,2,6,23,182	1.0	21.542552947998047	0.8303975236162845
8796.0	37324.0	12.0	4.0	9.0	4,4,1,4,4,4,1,4	0,4,31,2,7,59,237,2	1.0	21.54254913330078	0.9429993171079123
7939.0	37325.0	12.0	4.0	7.0	4,4,4,4,1,4	0,3,10,48,304,3	1.0	21.542552947998047	0.9429993269081437
8745.0	37326.0	6.0	1.0	9.0	4,4,4,1,1,1,1,3	0,6,36,298,8,1,5,1	0.0	21.54254913330078	0.9710815192906888
8262.0	37327.0	12.0	4.0	7.0	4,4,4,4,1,4	0,4,14,50,289,3	1.0	21.542552947998047	0.9429993269081437
8781.0	37328.0	6.0	4.0	8.0	4,1,4,4,4,1,3	0,5,2,21,76,244,1	1.0	21.54254913330078	0.9710815192906888
8787.0	37329.0	6.0	4.0	18.0	1,4,1,1,4,1,4,4,1,4,4,2,1,1,2,1,3	0,3,24,9,2,6,2,6,51,2,6,18,187,24,2,5,1	1.0	21.542552947998047	0.9710815243367282
8746.0	37330.0	13.0	4.0	14.0	1,4,1,4,1,4,1,4,2,4,2,1,3	0,6,36,2,7,2,6,3,47,9,29,193,8	1.0	21.542552947998047	0.9383985570605985
8583.0	37331.0	13.0	4.0	13.0	1,4,1,1,4,4,1,4,4,2,1,3	0,3,12,3,2,23,76,2,8,27,193,8	1.0	21.542552947998047	0.9383985570605985
7894.0	37332.0	12.0	4.0	7.0	4,4,4,4,1,4	0,5,15,53,295,3	1.0	21.542552947998047	0.9429993269081437
8788.0	37333.0	13.0	4.0	12.0	4,4,1,4,1,4,2,4,2,1,3	0,3,24,9,66,2,6,7,23,193,8	1.0	21.542552947998047	0.9383985570605985
7995.0	37334.0	13.0	4.0	7.0	4,4,4,4,1,3	0,4,12,45,295,8	1.0	21.542552947998047	0.9383985570605985
7942.0	37335.0	13.0	4.0	7.0	4,4,4,4,1,3	0,4,13,46,296,8	1.0	21.54254913330078	0.9383985464954796
7898.0	37336.0	12.0	1.0	7.0	4,4,4,4,1,4	0,3,11,50,304,3	0.0	21.542552947998047	0.9429993269081437
8010.0	37337.0	13.0	1.0	7.0	4,4,4,4,1,3	0,4,13,42,296,8	0.0	21.542552947998047	0.9383985570605985
7978.0	37338.0	13.0	4.0	7.0	4,4,4,4,1,3	0,4,13,43,297,8	1.0	21.54254913330078	0.9383985464954796
8816.0	37339.0	13.0	1.0	15.0	4,4,1,1,4,4,1,4,1,4,4,3,1,3	0,7,27,2,2,6,56,2,6,3,7,20,193,8	0.0	21.542552947998047	0.9383985570605985
7945.0	37340.0	13.0	4.0	7.0	4,4,4,4,1,3	0,4,13,46,296,8	1.0	21.54254913330078	0.9383985464954796
8258.0	37341.0	13.0	4.0	7.0	4,4,4,4,1,3	0,3,9,42,298,8	1.0	21.542552947998047	0.9383985570605985
7998.0	37342.0	12.0	4.0	7.0	4,4,4,4,1,4	0,3,9,46,304,3	1.0	21.54254913330078	0.9429993171079123
8290.0	37343.0	13.0	4.0	7.0	4,4,4,4,1,3	0,3,8,41,298,8	1.0	21.542552947998047	0.9383985570605985
9030.0	37344.0	7.0	3.0	10.0	4,2,1,3,1,1,1,1,4	0,3,4,5,6,176,25,1,5	1.0	21.542552947998047	0.9663437451366886
9036.0	37345.0	12.0	3.0	3.0	4,4	0,3	1.0	21.542552947998047	0.9429993269081437
7887.0	37346.0	13.0	1.0	7.0	4,4,4,4,1,3	0,3,9,44,306,8	0.0	21.542552947998047	0.9383985570605985
8574.0	37347.0	13.0	4.0	10.0	1,4,4,1,4,4,2,1,3	0,5,17,97,2,7,29,193,8	1.0	21.542552947998047	0.9383985570605985
7980.0	37348.0	13.0	4.0	7.0	4,4,4,4,1,3	0,3,10,47,297,8	1.0	21.542552947998047	0.9383985570605985
8748.0	37349.0	12.0	4.0	12.0	4,4,1,4,4,1,4,4,4,1,4	0,6,36,2,7,59,2,8,27,199,3	1.0	21.542552947998047	0.9429993269081437
8238.0	37350.0	13.0	4.0	7.0	4,4,4,4,1,3	0,3,10,43,297,8	1.0	21.54254913330078	0.9383985464954796
8731.0	37351.0	13.0	4.0	6.0	4,4,4,1,3	0,8,37,297,8	1.0	21.54254913330078	0.9383985464954796
7842.0	37352.0	13.0	4.0	7.0	3,4,4,4,1,3	0,5,12,50,298,8	1.0	21.542552947998047	0.9383985570605985
7975.0	37353.0	12.0	4.0	7.0	4,4,4,4,1,4	0,4,15,49,295,3	1.0	21.542552947998047	0.9429993269081437
8236.0	37354.0	7.0	1.0	14.0	1,1,1,1,4,4,1,4,4,4,1,1,3	0,5,2,2,2,8,36,2,7,58,238,2,5	0.0	21.542552947998047	0.9663437451366886
8657.0	37355.0	13.0	1.0	11.0	4,4,1,4,1,4,4,4,1,3	0,5,18,18,76,2,6,18,204,8	0.0	21.542552947998047	0.9383985570605985
8621.0	37356.0	13.0	4.0	14.0	1,1,4,4,1,4,4,1,4,4,4,1,3	0,6,2,6,36,2,7,58,2,6,19,204,8	1.0	21.542552947998047	0.9383985570605985
8700.0	37357.0	38.0	4.0	10.0	4,1,1,4,4,1,4,4,2	0,5,2,4,28,83,3,9,194	1.0	21.542552947998047	0.8303975236162845
8647.0	37358.0	13.0	2.0	7.0	4,4,4,4,1,3	0,3,11,41,292,8	1.0	21.542552947998047	0.9383985570605985
8871.0	37359.0	13.0	4.0	10.0	4,4,4,1,4,4,2,1,3	0,4,12,51,2,8,27,193,8	1.0	21.542552947998047	0.9383985570605985
8207.0	37361.0	13.0	4.0	7.0	1,4,4,4,1,3	0,3,9,44,298,8	1.0	21.54254913330078	0.9383985464954796
8230.0	37362.0	7.0	4.0	10.0	4,4,2,1,4,4,1,4,2	0,4,15,28,9,66,238,2,5	1.0	21.542552947998047	0.9663437451366886
8971.0	37382.0	6.0	4.0	11.0	1,2,2,1,1,4,1,3,1,1	0,4,5,10,14,60,125,2,6,1	1.0	21.542552947998047	0.9710815243367282
8972.0	37383.0	7.0	2.0	8.0	1,2,3,2,1,3,1	0,5,8,80,125,2,6	1.0	21.542552947998047	0.9663437451366886
8946.0	37384.0	7.0	4.0	12.0	4,1,4,1,3,3,1,1,4,3,1	0,4,3,9,2,7,80,119,6,2,6	1.0	21.542552947998047	0.9663437451366886
8958.0	37385.0	6.0	2.0	13.0	4,3,1,2,4,2,1,1,1,3,1,2	0,4,5,2,3,11,80,125,1,1,6,1	1.0	21.542552947998047	0.9710815243367282
8933.0	37386.0	6.0	3.0	9.0	4,4,2,1,1,3,1,3	0,5,16,85,125,2,6,1	1.0	21.542552947998047	0.9710815243367282
8921.0	37387.0	15.0	1.0	8.0	4,4,4,2,1,2,4	0,3,7,24,74,119,6	0.0	21.54254913330078	0.9292642354351154
8881.0	37389.0	6.0	3.0	18.0	4,2,1,1,1,4,1,2,2,3,3,3,1,1,3,1,3	0,4,5,2,3,2,5,2,4,5,6,14,185,2,1,5,1	1.0	21.542552947998047	0.9710815243367282
8980.0	37390.0	7.0	4.0	9.0	1,4,1,1,1,1,3,2	0,3,16,14,185,2,1,5	1.0	21.54254913330078	0.9663437392783647
8907.0	37391.0	6.0	4.0	13.0	4,4,1,4,1,1,4,3,1,3,1,3	0,4,12,2,6,1,4,20,185,2,6,1	1.0	21.542552947998047	0.9710815243367282
8883.0	37392.0	6.0	4.0	14.0	4,2,1,4,1,4,2,4,3,1,3,1,3	0,4,5,2,7,2,5,7,20,185,2,6,1	1.0	21.542552947998047	0.9710815243367282
8892.0	37393.0	7.0	4.0	10.0	4,4,2,1,2,1,1,3,2	0,5,15,17,14,185,1,1,6	1.0	21.542552947998047	0.9663437451366886
8898.0	37394.0	7.0	1.0	16.0	4,1,4,2,1,3,1,2,2,3,3,1,1,3,3	0,3,2,6,8,2,5,1,4,6,14,185,2,1,5	0.0	21.542552947998047	0.9663437451366886
8895.0	37395.0	7.0	2.0	8.0	1,4,2,1,2,3,2	0,5,15,31,185,2,6	1.0	21.542552947998047	0.9663437451366886
8982.0	37396.0	15.0	4.0	7.0	1,4,1,3,2,2	0,3,10,6,14,185	1.0	21.54254913330078	0.9292642354351154
8887.0	37397.0	7.0	4.0	8.0	4,4,4,1,2,3,2	0,3,11,38,185,2,6	1.0	21.54254913330078	0.9663437392783647
9013.0	37399.0	7.0	1.0	11.0	1,2,2,4,3,1,1,3,1,4	0,3,4,5,20,185,2,1,4,1	0.0	21.54254913330078	0.9663437392783647
9001.0	37400.0	6.0	4.0	10.0	1,2,2,4,3,1,3,1,1	0,3,5,5,20,185,2,6,1	1.0	21.542552947998047	0.9710815243367282
9016.0	37401.0	7.0	4.0	11.0	1,2,1,2,3,3,1,3,1,4	0,3,4,1,4,20,185,2,5,1	1.0	21.542552947998047	0.9663437451366886
8997.0	37402.0	6.0	1.0	10.0	1,2,1,3,1,3,1,3,3	0,5,8,20,185,2,5,1,1	0.0	21.54254913330078	0.9710815192906888
8998.0	37403.0	8.0	2.0	9.0	1,1,4,3,3,1,3,3	0,3,2,8,20,185,2,5	1.0	21.542552947998047	0.9616290809390312
8989.0	37404.0	8.0	1.0	10.0	1,1,3,2,2,1,1,1,4	0,4,2,7,20,185,2,1,4	0.0	21.542552947998047	0.9616290809390312
8807.0	37409.0	8.0	4.0	15.0	4,1,4,1,1,4,4,1,1,3,4,2,1,3	0,6,1,18,9,2,6,40,18,2,5,14,216,8	1.0	21.542552947998047	0.9616290809390312
8398.0	37410.0	1.0	4.0	7.0	4,4,4,2,4,1	0,3,9,48,68,251	1.0	21.542552947998047	0.995121131355809
8531.0	37411.0	1.0	4.0	11.0	1,4,1,4,1,4,1,4,4,1	0,3,9,2,5,2,7,18,76,251	1.0	21.54254913330078	0.995121130493983
8332.0	37412.0	1.0	4.0	14.0	4,4,1,1,4,4,4,1,4,4,1,1,1	0,4,15,2,2,6,28,94,1,4,213,8,7	1.0	21.542552947998047	0.995121131355809
8359.0	37413.0	1.0	4.0	13.0	1,4,1,1,4,1,1,4,4,4,1,1	0,3,10,2,3,8,3,2,23,76,244,7	1.0	21.542552947998047	0.995121131355809
8428.0	37414.0	1.0	4.0	8.0	4,4,4,4,1,1,1	0,3,10,46,305,8,6	1.0	21.54254913330078	0.995121130493983
8504.0	37415.0	1.0	4.0	14.0	1,1,4,4,1,4,4,1,4,4,1,1,1	0,3,2,6,17,1,18,76,2,8,226,9,6	1.0	21.542552947998047	0.995121131355809
8523.0	37416.0	1.0	4.0	9.0	1,4,4,1,4,4,1,1	0,3,7,36,9,66,245,7	1.0	21.54254913330078	0.995121130493983
8761.0	37417.0	1.0	4.0	7.0	4,1,4,4,4,1	0,4,2,22,76,251	1.0	21.542552947998047	0.995121131355809
8320.0	37418.0	1.0	4.0	17.0	4,4,4,1,4,4,1,4,1,4,1,3,3,1,2,1	0,4,14,51,2,8,54,2,8,3,9,2,7,205,8,7	1.0	21.542552947998047	0.995121131355809
8860.0	37419.0	1.0	1.0	9.0	1,1,4,4,4,1,1,1	0,5,3,8,51,239,6,6	0.0	21.54254913330078	0.995121130493983
8835.0	37420.0	1.0	4.0	7.0	1,1,4,4,4,1	0,4,1,18,76,251	1.0	21.54254913330078	0.995121130493983
8597.0	37421.0	1.0	1.0	15.0	1,1,4,1,4,1,4,1,4,4,2,1,1,1	0,3,2,6,5,28,9,66,2,5,16,214,8,7	0.0	21.542552947998047	0.995121131355809
8672.0	37422.0	1.0	1.0	12.0	1,1,1,4,4,1,4,4,4,1,1	0,3,3,2,6,36,2,7,58,245,7	0.0	21.542552947998047	0.995121131355809
8671.0	37423.0	1.0	4.0	11.0	1,1,1,4,1,4,4,4,4,1	0,6,2,2,7,2,8,24,73,245	1.0	21.542552947998047	0.995121131355809
8462.0	37424.0	1.0	4.0	10.0	4,4,4,1,4,4,4,1,1	0,3,10,44,2,7,58,245,7	1.0	21.542552947998047	0.995121131355809
8766.0	37425.0	1.0	1.0	8.0	4,4,1,4,4,1,1	0,3,25,9,66,245,7	0.0	21.54254913330078	0.995121130493983
8963.0	37426.0	1.0	1.0	6.0	4,4,1,1,1	0,5,217,8,7	0.0	21.54254913330078	0.995121130493983
8758.0	37427.0	1.0	4.0	7.0	4,4,2,4,4,1	0,4,32,20,65,234	1.0	21.542552947998047	0.995121131355809
7887.0	37432.0	1.0	3.0	8.0	4,4,4,4,1,3,1	0,3,9,44,306,8,13	1.0	21.54254913330078	0.995121130493983
8248.0	37433.0	1.0	3.0	8.0	4,4,4,4,1,4,1	0,4,15,55,285,2,12	1.0	21.54254913330078	0.995121130493983
8657.0	37434.0	1.0	1.0	12.0	4,4,1,4,1,4,4,4,1,3,1	0,5,18,18,76,2,6,18,204,8,13	0.0	21.542552947998047	0.995121131355809
7971.0	37435.0	14.0	3.0	7.0	4,4,4,4,1,3	0,4,13,44,296,8	1.0	21.542552947998047	0.9338202337648015
8590.0	37436.0	1.0	2.0	14.0	1,4,1,4,4,1,4,1,4,4,2,1,1	0,5,14,2,22,76,2,6,2,7,196,31,7	1.0	21.542552947998047	0.995121131355809
8619.0	37437.0	14.0	1.0	9.0	4,4,1,4,4,2,1,3	0,3,11,3,25,82,224,8	0.0	21.542552947998047	0.9338202337648015
8279.0	37438.0	14.0	2.0	7.0	4,4,4,4,1,3	0,4,13,40,294,8	1.0	21.542552947998047	0.9338202337648015
8288.0	37439.0	13.0	3.0	8.0	4,1,4,4,4,1,3	0,5,3,8,37,297,9	1.0	21.54254913330078	0.9383985464954796
8816.0	37441.0	1.0	3.0	16.0	4,4,1,1,4,4,1,4,1,4,4,3,1,3,1	0,7,27,2,2,6,56,2,6,3,7,20,193,8,13	1.0	21.542552947998047	0.995121131355809
8921.0	37445.0	1.0	3.0	9.0	4,4,4,2,1,2,4,1	0,3,7,24,74,119,6,15	1.0	21.542552947998047	0.995121131355809
8947.0	37446.0	8.0	3.0	11.0	4,4,1,2,2,2,1,1,3,3	0,4,14,2,5,6,74,125,2,6	1.0	21.542552947998047	0.9616290809390312
8965.0	37447.0	8.0	3.0	8.0	4,2,2,1,2,3,3	0,5,8,20,185,2,6	1.0	21.54254913330078	0.961629074276469
8898.0	37448.0	1.0	3.0	17.0	4,1,4,2,1,3,1,2,2,3,3,1,1,3,3,1	0,3,2,6,8,2,5,1,4,6,14,185,2,1,5,7	1.0	21.542552947998047	0.995121131355809
9013.0	37449.0	1.0	1.0	12.0	1,2,2,4,3,1,1,3,1,4,1	0,3,4,5,20,185,2,1,4,1,7	0.0	21.542552947998047	0.995121131355809
8999.0	37450.0	9.0	3.0	10.0	1,1,4,2,3,1,1,3,4	0,4,2,7,20,185,2,1,4	1.0	21.54254913330078	0.9569374115098821
9007.0	37451.0	9.0	1.0	10.0	1,1,4,1,3,1,2,3,4	0,5,1,7,20,185,1,2,4	0.0	21.54254913330078	0.9569374115098821
8997.0	37452.0	1.0	3.0	11.0	1,2,1,3,1,3,1,3,3,1	0,5,8,20,185,2,5,1,1,6	1.0	21.54254913330078	0.995121130493983
9005.0	37453.0	9.0	3.0	11.0	1,1,1,2,2,3,3,1,3,4	0,3,1,2,3,4,20,185,2,5	1.0	21.54254913330078	0.9569374115098821
9010.0	37454.0	9.0	3.0	12.0	1,2,1,2,3,3,1,1,1,3,4	0,3,4,1,4,20,185,1,1,1,4	1.0	21.542552947998047	0.9569374189686957
8743.0	37457.0	2.0	2.0	12.0	1,1,4,1,4,1,4,4,2,2,1	0,6,3,25,9,66,2,6,19,187,38	1.0	21.54254913330078	0.9902660643556226
8619.0	37458.0	1.0	3.0	10.0	4,4,1,4,4,2,1,3,1	0,3,11,3,25,82,224,8,14	1.0	21.542552947998047	0.995121131355809
7903.0	37459.0	15.0	3.0	7.0	4,4,4,4,1,3	0,3,8,45,306,8	1.0	21.542552947998047	0.9292642475069753
8656.0	37460.0	2.0	3.0	13.0	4,4,4,1,4,1,1,4,4,2,1,1	0,5,18,94,2,8,3,2,6,192,31,7	1.0	21.542552947998047	0.9902660660708654
8211.0	37461.0	2.0	3.0	12.0	1,4,1,1,4,4,4,2,1,4,1	0,4,12,4,3,7,27,89,214,3,12	1.0	21.542552947998047	0.9902660660708654
8236.0	37462.0	2.0	4.0	15.0	1,1,1,1,4,4,1,4,4,4,1,1,3,1	0,5,2,2,2,8,36,2,7,58,238,2,5,7	1.0	21.542552947998047	0.9902660660708654
8633.0	37463.0	15.0	1.0	11.0	4,4,1,4,1,4,4,4,1,3	0,6,36,9,66,1,5,18,207,8	0.0	21.542552947998047	0.9292642475069753
7881.0	37464.0	2.0	4.0	9.0	4,4,4,4,1,1,1,1	0,4,14,49,302,3,5,7	1.0	21.54254913330078	0.9902660643556226
8007.0	37465.0	2.0	4.0	11.0	4,4,1,4,1,4,4,1,4,1	0,5,19,2,23,9,66,238,2,12	1.0	21.542552947998047	0.9902660660708654
7898.0	37466.0	2.0	4.0	8.0	4,4,4,4,1,4,1	0,3,11,50,304,3,12	1.0	21.54254913330078	0.9902660643556226
8204.0	37467.0	15.0	2.0	7.0	1,4,4,4,1,3	0,4,12,41,297,8	1.0	21.542552947998047	0.9292642475069753
7997.0	37468.0	15.0	4.0	7.0	4,4,4,4,1,3	0,3,11,45,297,8	1.0	21.542552947998047	0.9292642475069753
8010.0	37469.0	2.0	4.0	8.0	4,4,4,4,1,3,1	0,4,13,42,296,8,13	1.0	21.54254913330078	0.9902660643556226
8209.0	37470.0	2.0	4.0	14.0	1,4,1,4,1,4,1,4,4,2,2,1,1	0,4,16,3,25,9,67,2,6,19,186,31,7	1.0	21.542552947998047	0.9902660660708654
7930.0	37471.0	15.0	4.0	9.0	4,4,1,4,4,4,1,3	0,4,13,2,7,35,298,8	1.0	21.54254913330078	0.9292642354351154
8745.0	37472.0	2.0	1.0	10.0	4,4,4,1,1,1,1,3,1	0,6,36,298,8,1,5,1,6	0.0	21.542552947998047	0.9902660660708654
8657.0	37473.0	1.0	1.0	13.0	4,4,1,4,1,4,4,4,1,3,1,1	0,5,18,18,76,2,6,18,204,8,13,1	0.0	21.542552947998047	0.995121131355809
7838.0	37474.0	9.0	4.0	12.0	3,3,4,2,1,4,2,1,1,1,4	0,18,19,65,75,2,11,176,24,2,5	1.0	21.542552947998047	0.9569374189686957
8977.0	37478.0	9.0	3.0	9.0	1,2,2,3,3,1,3,3	0,3,5,5,20,185,2,6	1.0	21.54254913330078	0.9569374115098821
9013.0	37479.0	1.0	3.0	13.0	1,2,2,4,3,1,1,3,1,4,1,1	0,3,4,5,20,185,2,1,4,1,7,1	1.0	21.542552947998047	0.995121131355809
8989.0	37480.0	2.0	1.0	11.0	1,1,3,2,2,1,1,1,4,1	0,4,2,7,20,185,2,1,4,8	0.0	21.542552947998047	0.9902660660708654
9017.0	37481.0	10.0	3.0	9.0	1,1,2,1,2,1,3,4	0,4,3,5,20,185,2,5	1.0	21.54254913330078	0.9522686387536997
9007.0	37482.0	1.0	3.0	11.0	1,1,4,1,3,1,2,3,4,1	0,5,1,7,20,185,1,2,4,9	1.0	21.54254913330078	0.995121130493983
8590.0	37484.0	3.0	3.0	15.0	1,4,1,4,4,1,4,1,4,4,2,1,1,2	0,5,14,2,22,76,2,6,2,7,196,31,7,1	1.0	21.542552947998047	0.985434688011706
8633.0	37485.0	2.0	3.0	12.0	4,4,1,4,1,4,4,4,1,3,1	0,6,36,9,66,1,5,18,207,8,15	1.0	21.542552947998047	0.9902660660708654
8657.0	37486.0	2.0	3.0	14.0	4,4,1,4,1,4,4,4,1,3,1,1,1	0,5,18,18,76,2,6,18,204,8,13,1,1	1.0	21.542552947998047	0.9902660660708654
8003.0	37487.0	17.0	1.0	19.0	4,1,4,4,1,1,4,2,2,2,1,2,1,4,3,3,1,3	0,5,2,7,36,9,2,6,8,50,12,2,4,2,5,7,182,25	0.0	21.542552947998047	0.9202188507190354
8966.0	37488.0	11.0	3.0	8.0	4,2,2,1,1,1,4	0,5,8,182,24,2,5	1.0	21.54254913330078	0.9476226443305479
7929.0	37489.0	255.0	1.0	9.0	4,4,1,4,1,4,4,4	0,5,14,2,7,2,23,76	0.0	21.54254913330078	0.28732061508181994
8745.0	37490.0	2.0	3.0	11.0	4,4,4,1,1,1,1,3,1,1	0,6,36,298,8,1,5,1,6,2	1.0	21.542552947998047	0.9902660660708654
8568.0	37491.0	11.0	4.0	14.0	4,4,4,1,4,4,1,4,4,1,1,4,3	0,4,12,38,2,7,57,2,8,203,25,1,5	1.0	21.542552947998047	0.9476226533581378
8248.0	37492.0	3.0	4.0	9.0	4,4,4,4,1,4,1,3	0,4,15,55,285,2,12,1	1.0	21.54254913330078	0.9854346854513945
8816.0	37493.0	3.0	4.0	17.0	4,4,1,1,4,4,1,4,1,4,4,3,1,3,1,3	0,7,27,2,2,6,56,2,6,3,7,20,193,8,13,1	1.0	21.542552947998047	0.985434688011706
8868.0	37495.0	18.0	3.0	16.0	1,1,1,1,4,1,1,4,4,1,4,2,3,1,3	0,5,3,2,3,53,2,2,5,12,2,5,10,176,24	1.0	21.542552947998047	0.9157292238224689
8648.0	37496.0	11.0	3.0	14.0	1,1,1,1,1,1,1,4,4,4,1,4,4	0,5,2,2,4,3,2,2,21,76,237,2,5	1.0	21.542552947998047	0.9476226533581378
7887.0	37497.0	3.0	3.0	9.0	4,4,4,4,1,3,1,3	0,3,9,44,306,8,13,1	1.0	21.54254913330078	0.9854346854513945
8958.0	37500.0	4.0	2.0	14.0	4,3,1,2,4,2,1,1,1,3,1,2,2	0,4,5,2,3,11,80,125,1,1,6,1,6	1.0	21.542552947998047	0.9806268816114676
8972.0	37501.0	4.0	3.0	9.0	1,2,3,2,1,3,1,2	0,5,8,80,125,2,6,7	1.0	21.54254913330078	0.9806268782143741
8921.0	37502.0	3.0	3.0	10.0	4,4,4,2,1,2,4,1,3	0,3,7,24,74,119,6,15,1	1.0	21.542552947998047	0.985434688011706
8936.0	37503.0	11.0	3.0	12.0	4,4,1,1,1,1,1,1,4,3,4	0,5,17,4,6,14,60,119,6,2,6	1.0	21.542552947998047	0.9476226533581378
8889.0	37504.0	11.0	3.0	10.0	4,4,1,4,4,2,1,3,3	0,3,11,2,5,17,199,2,6	1.0	21.542552947998047	0.9476226533581378
8983.0	37505.0	11.0	3.0	7.0	1,4,1,1,3,3	0,5,28,185,2,6	1.0	21.54254913330078	0.9476226443305479
8976.0	37506.0	11.0	3.0	9.0	1,2,2,3,1,2,3,4	0,4,5,10,199,1,2,5	1.0	21.542552947998047	0.9476226533581378
8876.0	37507.0	11.0	3.0	9.0	1,4,2,2,1,1,2,4	0,6,21,25,185,2,1,5	1.0	21.54254913330078	0.9476226443305479
8880.0	37508.0	19.0	3.0	12.0	4,4,1,2,1,1,4,2,3,2,2	0,3,8,3,4,2,2,5,11,14,185	1.0	21.542552947998047	0.9112615012257922
8898.0	37509.0	3.0	3.0	18.0	4,1,4,2,1,3,1,2,2,3,3,1,1,3,3,1,3	0,3,2,6,8,2,5,1,4,6,14,185,2,1,5,7,1	1.0	21.542552947998047	0.985434688011706
8989.0	37510.0	2.0	3.0	12.0	1,1,3,2,2,1,1,1,4,1,1	0,4,2,7,20,185,2,1,4,8,2	1.0	21.542552947998047	0.9902660660708654
9028.0	37511.0	12.0	3.0	9.0	4,2,2,4,3,1,3,4	0,3,4,5,20,185,2,5	1.0	21.54254913330078	0.9429993171079123
9029.0	37512.0	12.0	3.0	7.0	4,3,1,1,3,4	0,5,27,185,2,5	1.0	21.542552947998047	0.9429993269081437
8993.0	37513.0	12.0	3.0	9.0	1,1,3,4,3,1,3,4	0,5,3,5,20,185,2,5	1.0	21.54254913330078	0.9429993171079123
9027.0	37514.0	12.0	3.0	10.0	4,2,1,2,4,3,1,3,4	0,3,4,1,4,20,185,2,5	1.0	21.542552947998047	0.9429993269081437
8997.0	37515.0	3.0	3.0	12.0	1,2,1,3,1,3,1,3,3,1,3	0,5,8,20,185,2,5,1,1,6,1	1.0	21.54254913330078	0.9854346854513945
9043.0	37530.0	44.0	3.0	2.0	3	0	1.0	21.542552947998047	0.8063836930387458
9044.0	37531.0	44.0	3.0	2.0	3	0	1.0	21.542552947998047	0.8063836930387458
9046.0	37532.0	44.0	1.0	2.0	3	0	0.0	21.542552947998047	0.8063836930387458
9045.0	37533.0	44.0	1.0	2.0	3	0	0.0	21.542552947998047	0.8063836930387458
9047.0	37534.0	44.0	1.0	2.0	3	0	0.0	21.542552947998047	0.8063836930387458
9042.0	37535.0	44.0	3.0	2.0	3	0	1.0	21.542552947998047	0.8063836930387458
9048.0	37536.0	44.0	1.0	2.0	3	0	0.0	21.542552947998047	0.8063836930387458
9049.0	37537.0	44.0	1.0	2.0	3	0	0.0	21.542552947998047	0.8063836930387458
8766.0	37538.0	189.0	1.0	9.0	4,4,1,4,4,1,1,1	0,3,25,9,66,245,7,1	0.0	21.54254913330078	0.396784051103966
8554.0	37539.0	196.0	1.0	7.0	1,4,4,4,1,3	0,5,15,55,285,6	0.0	21.542552947998047	0.38342984871553576
8860.0	37540.0	189.0	1.0	10.0	1,1,4,4,4,1,1,1,1	0,5,3,8,51,239,6,6,1	0.0	21.542552947998047	0.39678411605106406
8719.0	37541.0	190.0	2.0	9.0	1,1,4,1,4,4,1,2	0,3,5,28,9,48,258,12	1.0	21.542552947998047	0.39484825846874955
8491.0	37542.0	196.0	1.0	10.0	4,1,1,4,4,4,4,1,3	0,3,2,2,5,12,41,296,8	0.0	21.542552947998047	0.38342984871553576
8963.0	37543.0	189.0	1.0	7.0	4,4,1,1,1,1	0,5,217,8,7,1	0.0	21.542552947998047	0.39678411605106406
8862.0	37544.0	197.0	2.0	9.0	1,4,4,1,4,4,1,3	0,4,11,52,2,8,226,8	1.0	21.54254913330078	0.38155907975077397
8672.0	37545.0	189.0	1.0	13.0	1,1,1,4,4,1,4,4,4,1,1,1	0,3,3,2,6,36,2,7,58,245,7,1	0.0	21.542552947998047	0.39678411605106406
8388.0	37546.0	196.0	2.0	9.0	4,4,1,4,4,4,1,3	0,3,8,2,7,41,305,8	1.0	21.54254913330078	0.3834297836298242
8683.0	37547.0	197.0	1.0	7.0	4,4,4,4,1,3	0,3,11,34,303,8	0.0	21.542552947998047	0.3815591448493907
8448.0	37548.0	190.0	2.0	10.0	4,4,4,1,4,4,4,1,2	0,3,11,45,2,7,57,245,7	1.0	21.542552947998047	0.39484825846874955
8510.0	37549.0	196.0	3.0	7.0	4,4,4,4,1,3	0,5,14,45,296,8	1.0	21.542552947998047	0.38342984871553576
8356.0	37550.0	190.0	3.0	17.0	1,1,1,1,4,4,1,4,4,1,4,4,4,1,1,2	0,5,2,2,2,5,13,2,5,26,2,7,58,240,6,6	1.0	21.542552947998047	0.39484825846874955
8738.0	37551.0	196.0	1.0	13.0	4,4,2,1,1,4,1,1,4,2,1,3	0,6,36,49,18,2,6,3,3,9,214,9	0.0	21.542552947998047	0.38342984871553576
8598.0	37552.0	190.0	3.0	11.0	1,4,4,1,4,4,4,1,1,2	0,5,16,80,18,2,7,228,9,6	1.0	21.542552947998047	0.39484825846874955
8811.0	37553.0	190.0	1.0	8.0	4,3,1,4,4,1,2	0,3,22,9,66,245,7	0.0	21.54254913330078	0.394848193496561
8340.0	37554.0	196.0	2.0	7.0	2,4,4,4,1,3	0,3,9,44,313,8	1.0	21.542552947998047	0.38342984871553576
8526.0	37555.0	196.0	2.0	7.0	1,4,4,4,1,3	0,3,9,42,305,8	1.0	21.54254913330078	0.3834297836298242
8859.0	37556.0	196.0	1.0	11.0	4,4,1,4,1,4,4,4,1,3	0,5,14,2,45,2,5,14,217,8	0.0	21.542552947998047	0.38342984871553576
8541.0	37557.0	196.0	2.0	10.0	1,4,4,1,4,4,4,1,3	0,5,18,97,2,6,19,211,8	1.0	21.542552947998047	0.38342984871553576
8607.0	37558.0	196.0	1.0	8.0	1,1,4,4,4,1,3	0,3,2,5,33,312,9	0.0	21.54254913330078	0.3834297836298242
8479.0	37559.0	196.0	2.0	7.0	4,4,4,4,1,3	0,3,9,44,305,8	1.0	21.542552947998047	0.38342984871553576
8605.0	37560.0	196.0	3.0	14.0	1,1,4,4,1,4,4,1,4,4,2,1,3	0,4,3,8,36,2,7,58,2,7,23,206,8	1.0	21.542552947998047	0.38342984871553576
8452.0	37561.0	196.0	3.0	7.0	4,4,4,4,1,3	0,4,12,43,304,8	1.0	21.542552947998047	0.38342984871553576
8761.0	37562.0	189.0	2.0	8.0	4,1,4,4,4,1,4	0,4,2,22,76,251,1	1.0	21.54254913330078	0.396784051103966
8320.0	37563.0	189.0	2.0	18.0	4,4,4,1,4,4,1,4,1,4,1,3,3,1,2,1,4	0,4,14,51,2,8,54,2,8,3,9,2,7,205,8,7,1	1.0	21.542552947998047	0.39678411605106406
8462.0	37564.0	189.0	3.0	11.0	4,4,4,1,4,4,4,1,1,4	0,3,10,44,2,7,58,245,7,1	1.0	21.542552947998047	0.39678411605106406
8332.0	37565.0	189.0	1.0	15.0	4,4,1,1,4,4,4,1,4,4,1,1,1,4	0,4,15,2,2,6,28,94,1,4,213,8,7,1	0.0	21.542552947998047	0.39678411605106406
8523.0	37566.0	189.0	3.0	10.0	1,4,4,1,4,4,1,1,4	0,3,7,36,9,66,245,7,1	1.0	21.542552947998047	0.39678411605106406
8529.0	37567.0	196.0	2.0	13.0	1,1,4,4,2,3,1,4,4,2,1,3	0,3,2,5,13,31,68,2,5,15,214,9	1.0	21.542552947998047	0.38342984871553576
8504.0	37568.0	189.0	2.0	15.0	1,1,4,4,1,4,4,1,4,4,1,1,1,4	0,3,2,6,17,1,18,76,2,8,226,9,6,1	1.0	21.542552947998047	0.39678411605106406
8294.0	37569.0	196.0	1.0	7.0	3,4,4,4,1,3	0,3,10,46,313,8	0.0	21.54254913330078	0.3834297836298242
8486.0	37570.0	196.0	2.0	7.0	4,4,4,4,1,3	0,3,9,44,305,8	1.0	21.542552947998047	0.38342984871553576
8359.0	37571.0	189.0	2.0	14.0	1,4,1,1,4,1,1,4,4,4,1,1,4	0,3,10,2,3,8,3,2,23,76,244,7,1	1.0	21.542552947998047	0.39678411605106406
8445.0	37572.0	197.0	1.0	9.0	4,4,1,4,4,4,1,3	0,5,17,3,10,32,295,8	0.0	21.542552947998047	0.3815591448493907
8531.0	37573.0	189.0	2.0	12.0	1,4,1,4,1,4,1,4,4,1,4	0,3,9,2,5,2,7,18,76,251,1	1.0	21.542552947998047	0.39678411605106406
8845.0	37574.0	205.0	1.0	13.0	1,1,1,3,1,4,4,1,4,4,2,2	0,5,18,9,8,2,5,51,2,6,15,214	0.0	21.542552947998047	0.36691836978540227
8835.0	37575.0	189.0	1.0	8.0	1,1,4,4,4,1,4	0,4,1,18,76,251,1	0.0	21.54254913330078	0.396784051103966
8398.0	37576.0	189.0	1.0	8.0	4,4,4,2,4,1,4	0,3,9,48,68,251,1	0.0	21.54254913330078	0.396784051103966
8393.0	37577.0	196.0	1.0	7.0	4,4,4,4,1,3	0,4,13,45,304,8	0.0	21.542552947998047	0.38342984871553576
8857.0	37578.0	197.0	1.0	10.0	1,1,4,4,1,4,4,1,3	0,4,4,11,48,2,8,226,8	0.0	21.542552947998047	0.3815591448493907
8758.0	37579.0	189.0	1.0	8.0	4,4,2,4,4,1,4	0,4,32,20,65,234,1	0.0	21.54254913330078	0.396784051103966
8677.0	37580.0	196.0	3.0	16.0	4,1,1,4,1,1,4,4,4,1,4,4,1,1,3	0,3,3,2,6,3,2,5,26,74,2,5,18,205,9	1.0	21.542552947998047	0.38342984871553576
8428.0	37581.0	189.0	1.0	9.0	4,4,4,4,1,1,1,4	0,3,10,46,305,8,6,1	0.0	21.542552947998047	0.39678411605106406
8671.0	37582.0	189.0	1.0	12.0	1,1,1,4,1,4,4,4,4,1,4	0,6,2,2,7,2,8,24,73,245,1	0.0	21.542552947998047	0.39678411605106406
8721.0	37583.0	196.0	3.0	7.0	4,4,4,4,1,3	0,4,13,41,291,8	1.0	21.542552947998047	0.38342984871553576
8465.0	37584.0	196.0	2.0	7.0	4,4,4,4,1,3	0,3,10,44,305,8	1.0	21.542552947998047	0.38342984871553576
8843.0	37585.0	196.0	3.0	14.0	1,4,1,1,4,4,1,4,4,4,2,1,3	0,5,26,2,2,5,40,18,2,6,17,212,9	1.0	21.542552947998047	0.38342984871553576
8548.0	37586.0	190.0	1.0	17.0	1,1,4,1,4,1,1,4,4,1,4,4,4,1,1,3	0,5,2,5,5,28,9,2,6,58,2,6,15,215,8,6	0.0	21.542552947998047	0.39484825846874955
8328.0	37587.0	196.0	1.0	13.0	4,4,1,4,4,1,4,1,4,4,1,3	0,5,16,2,6,28,9,66,2,7,228,9	0.0	21.542552947998047	0.38342984871553576
8535.0	37588.0	196.0	1.0	7.0	1,4,4,4,1,3	0,4,13,45,296,8	0.0	21.542552947998047	0.38342984871553576
8552.0	37589.0	196.0	1.0	14.0	1,1,1,4,1,4,4,4,1,4,4,1,3	0,4,2,3,9,2,6,27,85,2,5,212,9	0.0	21.542552947998047	0.38342984871553576
8511.0	37590.0	196.0	3.0	7.0	4,4,4,4,1,3	0,3,10,43,304,8	1.0	21.54254913330078	0.3834297836298242
8813.0	37591.0	205.0	1.0	17.0	1,1,1,1,1,1,4,4,1,1,4,1,4,4,2,2	0,6,1,18,9,2,2,5,39,18,2,5,2,5,14,209	0.0	21.542552947998047	0.36691836978540227
8840.0	37592.0	205.0	2.0	8.0	4,4,4,1,4,3,2	0,5,26,90,2,7,205	1.0	21.54254913330078	0.3669183046425181
8688.0	37593.0	196.0	1.0	12.0	4,4,4,1,4,4,1,4,4,1,3	0,3,11,35,2,7,56,2,7,228,9	0.0	21.542552947998047	0.38342984871553576
8540.0	37594.0	196.0	2.0	15.0	1,1,4,2,1,1,1,3,4,3,4,4,1,4	0,4,2,6,9,2,3,1,3,16,16,59,239,6	1.0	21.542552947998047	0.38342984871553576
8503.0	37595.0	196.0	1.0	15.0	4,1,4,1,4,4,1,1,4,4,2,4,1,4	0,3,2,6,2,7,35,2,2,5,13,46,239,6	0.0	21.542552947998047	0.38342984871553576
8551.0	37596.0	205.0	3.0	11.0	1,1,4,4,4,1,4,4,2,2	0,5,2,5,15,93,2,6,19,210	1.0	21.54254913330078	0.3669183046425181
8716.0	37597.0	196.0	1.0	12.0	4,1,4,1,3,1,4,4,4,1,4	0,4,4,10,18,20,2,6,48,239,6	0.0	21.542552947998047	0.38342984871553576
8439.0	37598.0	205.0	3.0	17.0	1,1,1,4,1,4,1,4,4,1,4,1,1,4,4,2	0,4,2,2,6,2,6,3,25,76,2,5,3,3,8,215	1.0	21.542552947998047	0.36691836978540227
8517.0	37599.0	196.0	1.0	11.0	1,1,4,4,2,1,4,4,1,4	0,3,2,7,34,28,2,45,240,6	0.0	21.542552947998047	0.38342984871553576
8338.0	37600.0	190.0	3.0	8.0	4,4,4,4,1,2,3	0,5,17,54,295,6,6	1.0	21.54254913330078	0.394848193496561
8493.0	37601.0	190.0	3.0	10.0	4,1,4,4,2,4,2,1,3	0,5,2,7,34,25,77,213,12	1.0	21.542552947998047	0.39484825846874955
8318.0	37602.0	205.0	1.0	12.0	4,4,4,1,3,4,1,4,4,2,2	0,4,11,50,2,7,59,2,6,23,205	0.0	21.542552947998047	0.36691836978540227
8810.0	37603.0	190.0	1.0	8.0	4,4,2,4,4,1,3	0,4,29,16,58,238,7	0.0	21.54254913330078	0.394848193496561
8296.0	37604.0	190.0	1.0	7.0	4,4,4,4,1,3	0,5,18,66,290,7	0.0	21.542552947998047	0.39484825846874955
8411.0	37605.0	196.0	1.0	7.0	4,4,4,4,1,4	0,4,14,51,298,6	0.0	21.542552947998047	0.38342984871553576
8864.0	37606.0	196.0	2.0	8.0	4,1,4,4,4,1,4	0,5,3,11,48,239,6	1.0	21.54254913330078	0.3834297836298242
8556.0	37607.0	460.0	2.0	5.0	4,4,4,4	0,5,16,80	1.0	21.542552947998047	0.10542323497355457
8389.0	37608.0	190.0	1.0	10.0	4,4,4,1,4,4,4,1,3	0,5,15,50,2,6,51,244,7	0.0	21.542552947998047	0.39484825846874955
8663.0	37609.0	430.0	1.0	10.0	1,1,1,4,1,4,4,4,4	0,3,2,2,8,3,6,27,79	0.0	21.54254913330078	0.12208371041661452
8507.0	37610.0	190.0	2.0	8.0	1,4,4,4,1,2,3	0,3,10,43,304,8,6	1.0	21.542552947998047	0.39484825846874955
8563.0	37611.0	197.0	1.0	14.0	1,1,1,4,4,2,2,1,4,4,2,1,4	0,5,3,2,6,28,20,55,2,5,14,216,8	0.0	21.542552947998047	0.3815591448493907
8390.0	37612.0	460.0	1.0	7.0	4,1,4,4,4,4	0,5,2,5,16,82	0.0	21.542552947998047	0.10542323497355457
8546.0	37613.0	196.0	1.0	7.0	4,4,4,4,1,4	0,4,14,52,290,6	0.0	21.542552947998047	0.38342984871553576
8474.0	37614.0	190.0	1.0	13.0	4,4,4,2,1,4,1,4,2,1,3,3	0,4,13,44,64,2,8,3,11,212,8,7	0.0	21.542552947998047	0.39484825846874955
8684.0	37615.0	441.0	1.0	7.0	4,4,1,4,4,4	0,3,11,2,23,76	0.0	21.542552947998047	0.11568933267974503
8305.0	37616.0	196.0	3.0	7.0	4,4,4,4,1,4	0,5,15,56,298,6	1.0	21.542552947998047	0.38342984871553576
8508.0	37617.0	435.0	1.0	10.0	1,1,4,1,4,1,4,4,4	0,3,2,6,2,6,3,25,82	0.0	21.542552947998047	0.11913452143862338
8382.0	37618.0	196.0	3.0	7.0	4,4,4,4,1,4	0,5,15,52,296,6	1.0	21.542552947998047	0.38342984871553576
8594.0	37619.0	196.0	3.0	9.0	1,4,4,1,4,4,1,4	0,4,15,49,4,48,239,6	1.0	21.54254913330078	0.3834297836298242
8470.0	37620.0	197.0	3.0	16.0	1,1,1,4,4,4,1,1,1,1,4,4,2,1,4	0,3,2,2,6,15,49,2,27,18,2,5,15,215,8	1.0	21.542552947998047	0.3815591448493907
8331.0	37621.0	196.0	3.0	7.0	4,4,4,4,1,4	0,5,18,59,290,6	1.0	21.542552947998047	0.38342984871553576
8834.0	37622.0	196.0	3.0	7.0	4,4,4,2,1,4	0,4,27,95,212,6	1.0	21.542552947998047	0.38342984871553576
8592.0	37623.0	197.0	3.0	13.0	1,1,4,4,1,4,1,4,4,2,1,4	0,4,2,5,33,8,67,2,7,23,205,8	1.0	21.542552947998047	0.3815591448493907
8692.0	37624.0	190.0	3.0	14.0	4,1,4,4,1,4,1,4,4,2,1,1,4	0,3,2,6,28,9,66,2,5,15,215,9,6	1.0	21.542552947998047	0.39484825846874955
8490.0	37625.0	190.0	2.0	7.0	4,4,4,4,1,3	0,5,15,47,296,12	1.0	21.542552947998047	0.39484825846874955
8632.0	37627.0	196.0	1.0	7.0	4,4,4,4,1,4	0,5,15,51,287,6	0.0	21.542552947998047	0.38342984871553576
8764.0	37630.0	197.0	1.0	13.0	1,1,1,4,1,4,4,1,4,4,1,4	0,3,2,2,21,8,22,63,2,7,210,8	0.0	21.542552947998047	0.3815591448493907
8733.0	37632.0	205.0	3.0	8.0	4,4,4,1,4,4,2	0,6,28,97,2,8,205	1.0	21.54254913330078	0.3669183046425181
8322.0	37633.0	196.0	2.0	7.0	1,4,4,4,1,4	0,3,10,52,307,6	1.0	21.54254913330078	0.3834297836298242
8809.0	37634.0	196.0	3.0	7.0	4,4,4,2,1,4	0,4,29,99,208,6	1.0	21.542552947998047	0.38342984871553576
8309.0	37635.0	196.0	3.0	7.0	4,4,4,4,1,4	0,5,18,60,291,6	1.0	21.542552947998047	0.38342984871553576
8839.0	37636.0	205.0	1.0	10.0	4,4,1,4,4,1,4,4,2	0,5,26,2,7,58,2,7,228	0.0	21.542552947998047	0.36691836978540227
8485.0	37641.0	197.0	1.0	16.0	4,1,4,1,4,1,4,1,4,1,4,4,4,1,4	0,5,2,7,2,7,2,5,18,76,2,5,12,217,8	0.0	21.542552947998047	0.3815591448493907
8549.0	37642.0	196.0	3.0	10.0	4,4,4,1,4,4,4,1,4	0,4,13,46,2,8,48,239,6	1.0	21.542552947998047	0.38342984871553576
8759.0	37643.0	197.0	2.0	10.0	4,4,3,1,4,4,2,1,4	0,5,31,68,2,5,17,212,8	1.0	21.542552947998047	0.3815591448493907
8380.0	37644.0	196.0	3.0	7.0	4,4,4,4,1,4	0,5,15,50,298,6	1.0	21.542552947998047	0.38342984871553576
8299.0	37646.0	190.0	1.0	15.0	4,4,1,4,4,1,4,1,1,4,2,1,2,4	0,5,18,2,6,28,9,66,2,5,14,216,9,6	0.0	21.542552947998047	0.39484825846874955
8957.0	37699.0	197.0	1.0	13.0	4,1,4,1,4,2,2,1,1,1,3,4	0,5,2,6,2,6,10,74,119,6,2,6	0.0	21.542552947998047	0.3815591448493907
8931.0	37700.0	197.0	3.0	9.0	4,4,4,1,1,1,3,4	0,3,10,93,125,2,1,5	1.0	21.542552947998047	0.3815591448493907
8920.0	37701.0	197.0	1.0	9.0	4,4,2,2,1,1,1,4	0,4,15,89,125,2,1,5	0.0	21.542552947998047	0.3815591448493907
8964.0	37702.0	197.0	3.0	9.0	4,2,2,3,2,1,3,4	0,5,8,20,60,125,2,6	1.0	21.542552947998047	0.3815591448493907
8949.0	37703.0	197.0	2.0	10.0	4,1,4,3,1,1,1,3,4	0,4,3,8,90,125,2,1,5	1.0	21.542552947998047	0.3815591448493907
8942.0	37704.0	197.0	1.0	9.0	4,4,4,1,1,1,3,4	0,3,11,94,125,2,1,5	0.0	21.54254913330078	0.38155907975077397
8953.0	37705.0	197.0	2.0	11.0	4,4,1,2,1,2,1,1,3,4	0,4,13,3,5,6,74,125,2,6	1.0	21.542552947998047	0.3815591448493907
8958.0	37706.0	186.0	1.0	15.0	4,3,1,2,4,2,1,1,1,3,1,2,2,2	0,4,5,2,3,11,80,125,1,1,6,1,6,4	0.0	21.542552947998047	0.4026488217617429
8970.0	37707.0	197.0	3.0	9.0	1,2,2,3,2,1,3,4	0,5,8,20,60,125,1,7	1.0	21.54254913330078	0.38155907975077397
8933.0	37708.0	190.0	1.0	10.0	4,4,2,1,1,3,1,3,3	0,5,16,85,125,2,6,1,6	0.0	21.542552947998047	0.39484825846874955
8986.0	37709.0	197.0	3.0	9.0	1,2,3,2,2,1,3,4	0,4,5,10,74,125,2,6	1.0	21.54254913330078	0.38155907975077397
8910.0	37710.0	197.0	3.0	8.0	4,4,2,1,1,3,4	0,5,18,85,125,2,6	1.0	21.54254913330078	0.38155907975077397
8972.0	37711.0	186.0	3.0	10.0	1,2,3,2,1,3,1,2,3	0,5,8,80,125,2,6,7,4	1.0	21.54254913330078	0.4026487569008316
8954.0	37712.0	197.0	1.0	10.0	4,1,4,4,1,1,1,3,4	0,5,2,6,92,119,6,2,6	0.0	21.542552947998047	0.3815591448493907
8913.0	37713.0	197.0	3.0	8.0	4,4,4,2,1,3,4	0,4,15,89,125,2,6	1.0	21.54254913330078	0.38155907975077397
8921.0	37714.0	186.0	3.0	11.0	4,4,4,2,1,2,4,1,3,3	0,3,7,24,74,119,6,15,1,3	1.0	21.542552947998047	0.4026488217617429
8943.0	37715.0	197.0	1.0	8.0	4,4,4,2,1,3,4	0,4,14,87,125,2,6	0.0	21.54254913330078	0.38155907975077397
8928.0	37716.0	197.0	2.0	8.0	4,4,2,2,1,3,4	0,5,16,85,125,2,6	1.0	21.54254913330078	0.38155907975077397
8971.0	37717.0	190.0	1.0	12.0	1,2,2,1,1,4,1,3,1,1,4	0,4,5,10,14,60,125,2,6,1,6	0.0	21.542552947998047	0.39484825846874955
8948.0	37718.0	197.0	1.0	10.0	4,1,4,4,2,2,1,3,4	0,5,2,6,18,74,125,2,6	0.0	21.542552947998047	0.3815591448493907
8908.0	37719.0	197.0	3.0	8.0	4,4,4,1,1,3,4	0,4,15,89,125,2,6	1.0	21.54254913330078	0.38155907975077397
8914.0	37720.0	197.0	2.0	10.0	4,4,4,2,1,1,4,3,4	0,3,8,23,74,119,6,2,6	1.0	21.542552947998047	0.3815591448493907
8915.0	37721.0	197.0	3.0	10.0	4,4,1,4,2,2,1,3,4	0,4,13,2,9,80,125,1,7	1.0	21.542552947998047	0.3815591448493907
8947.0	37722.0	189.0	2.0	12.0	4,4,1,2,2,2,1,1,3,3,3	0,4,14,2,5,6,74,125,2,6,8	1.0	21.542552947998047	0.39678411605106406
8923.0	37723.0	197.0	3.0	8.0	4,4,4,2,1,3,4	0,4,11,93,125,1,7	1.0	21.54254913330078	0.38155907975077397
8946.0	37724.0	190.0	2.0	13.0	4,1,4,1,3,3,1,1,4,3,1,4	0,4,3,9,2,7,80,119,6,2,6,7	1.0	21.542552947998047	0.39484825846874955
8936.0	37725.0	186.0	2.0	13.0	4,4,1,1,1,1,1,1,4,3,4,3	0,5,17,4,6,14,60,119,6,2,6,11	1.0	21.542552947998047	0.4026488217617429
8926.0	37726.0	205.0	2.0	13.0	4,1,1,4,1,2,4,2,1,1,1,3	0,4,3,1,4,2,3,6,11,14,60,125	1.0	21.542552947998047	0.36691836978540227
8950.0	37727.0	205.0	1.0	8.0	4,1,4,2,2,1,3	0,4,3,9,15,74,125	0.0	21.54254913330078	0.3669183046425181
8944.0	37728.0	211.0	2.0	9.0	4,4,1,3,3,1,4,3	0,4,14,2,5,20,60,119	1.0	21.542552947998047	0.3563076498383557
8930.0	37729.0	205.0	3.0	9.0	1,4,1,2,3,1,4,3	0,5,16,1,4,20,60,125	1.0	21.54254913330078	0.3669183046425181
8935.0	37730.0	205.0	3.0	7.0	4,1,4,4,1,3	0,5,3,7,91,125	1.0	21.542552947998047	0.36691836978540227
8912.0	37731.0	211.0	1.0	6.0	4,4,4,1,3	0,3,11,94,119	0.0	21.54254913330078	0.3563075847278203
8918.0	37732.0	205.0	2.0	7.0	1,1,4,4,1,3	0,4,3,7,94,125	1.0	21.54254913330078	0.3669183046425181
8932.0	37733.0	205.0	3.0	6.0	4,4,4,1,3	0,3,9,94,125	1.0	21.54254913330078	0.3669183046425181
9008.0	37748.0	198.0	2.0	9.0	1,1,1,2,3,2,2,4	0,5,3,1,4,20,185,7	1.0	21.54254913330078	0.37969750279183395
9024.0	37749.0	198.0	2.0	9.0	4,2,2,4,3,1,3,4	0,3,4,5,20,185,2,5	1.0	21.54254913330078	0.37969750279183395
9000.0	37750.0	198.0	3.0	8.0	1,2,2,3,1,3,4	0,4,5,24,185,2,5	1.0	21.542552947998047	0.3796975679016807
9007.0	37751.0	188.0	2.0	12.0	1,1,4,1,3,1,2,3,4,1,3	0,5,1,7,20,185,1,2,4,9,1	1.0	21.542552947998047	0.39872946473407017
9013.0	37752.0	188.0	2.0	14.0	1,2,2,4,3,1,1,3,1,4,1,1,3	0,3,4,5,20,185,2,1,4,1,7,1,1	1.0	21.542552947998047	0.39872946473407017
8994.0	37753.0	198.0	2.0	7.0	1,4,2,1,3,4	0,5,28,185,2,5	1.0	21.54254913330078	0.37969750279183395
9025.0	37754.0	198.0	1.0	8.0	4,2,3,2,1,3,4	0,5,7,20,185,2,5	0.0	21.54254913330078	0.37969750279183395
9023.0	37755.0	198.0	3.0	7.0	4,4,3,1,3,4	0,4,28,185,2,5	1.0	21.542552947998047	0.3796975679016807
8995.0	37756.0	198.0	2.0	8.0	1,2,2,3,1,3,4	0,4,5,24,185,2,5	1.0	21.542552947998047	0.3796975679016807
9026.0	37757.0	198.0	1.0	8.0	4,2,3,3,1,3,4	0,4,8,20,185,2,5	0.0	21.54254913330078	0.37969750279183395
8989.0	37758.0	186.0	3.0	13.0	1,1,3,2,2,1,1,1,4,1,1,3	0,4,2,7,20,185,2,1,4,8,2,2	1.0	21.542552947998047	0.4026488217617429
9012.0	37759.0	198.0	1.0	7.0	4,4,3,1,3,4	0,5,27,185,2,5	0.0	21.542552947998047	0.3796975679016807
8991.0	37760.0	198.0	3.0	8.0	1,1,4,4,1,3,4	0,3,2,8,205,2,5	1.0	21.54254913330078	0.37969750279183395
8992.0	37761.0	197.0	3.0	8.0	1,2,2,3,1,3,4	0,4,5,24,185,2,6	1.0	21.542552947998047	0.3815591448493907
8997.0	37762.0	186.0	1.0	13.0	1,2,1,3,1,3,1,3,3,1,3,3	0,5,8,20,185,2,5,1,1,6,1,3	0.0	21.542552947998047	0.4026488217617429
8998.0	37763.0	190.0	3.0	10.0	1,1,4,3,3,1,3,3,2	0,3,2,8,20,185,2,5,8	1.0	21.54254913330078	0.394848193496561
8996.0	37764.0	197.0	3.0	9.0	1,1,4,3,3,1,3,4	0,4,2,7,20,185,2,6	1.0	21.542552947998047	0.3815591448493907
9010.0	37765.0	189.0	1.0	13.0	1,2,1,2,3,3,1,1,1,3,4,3	0,3,4,1,4,20,185,1,1,1,4,9	0.0	21.542552947998047	0.39678411605106406
9015.0	37766.0	197.0	3.0	7.0	1,2,4,1,4,4	0,4,8,205,2,6	1.0	21.54254913330078	0.38155907975077397
9001.0	37767.0	190.0	2.0	11.0	1,2,2,4,3,1,3,1,1,4	0,3,5,5,20,185,2,6,1,6	1.0	21.54254913330078	0.394848193496561
9004.0	37768.0	205.0	1.0	6.0	1,2,2,3,2	0,5,8,20,185	0.0	21.54254913330078	0.3669183046425181
9016.0	37769.0	190.0	1.0	12.0	1,2,1,2,3,3,1,3,1,4,4	0,3,4,1,4,20,185,2,5,1,7	0.0	21.542552947998047	0.39484825846874955
9005.0	37770.0	189.0	2.0	12.0	1,1,1,2,2,3,3,1,3,4,3	0,3,1,2,3,4,20,185,2,5,9	1.0	21.542552947998047	0.39678411605106406
8999.0	37771.0	189.0	1.0	11.0	1,1,4,2,3,1,1,3,4,3	0,4,2,7,20,185,2,1,4,9	0.0	21.54254913330078	0.396784051103966
9022.0	37772.0	205.0	1.0	7.0	4,2,2,2,3,2	0,3,4,5,20,185	0.0	21.542552947998047	0.36691836978540227
9017.0	37773.0	188.0	1.0	10.0	1,1,2,1,2,1,3,4,3	0,4,3,5,20,185,2,5,10	0.0	21.542552947998047	0.39872946473407017
9027.0	37774.0	186.0	3.0	11.0	4,2,1,2,4,3,1,3,4,3	0,3,4,1,4,20,185,2,5,12	1.0	21.542552947998047	0.4026488217617429
8990.0	37775.0	205.0	1.0	6.0	1,2,2,3,2	0,4,5,24,185	0.0	21.54254913330078	0.3669183046425181
9014.0	37776.0	205.0	1.0	7.0	4,1,3,4,3,2	0,5,2,5,20,185	0.0	21.542552947998047	0.36691836978540227
9029.0	37777.0	186.0	1.0	8.0	4,3,1,1,3,4,3	0,5,27,185,2,5,12	0.0	21.54254913330078	0.4026487569008316
9028.0	37778.0	186.0	1.0	10.0	4,2,2,4,3,1,3,4,3	0,3,4,5,20,185,2,5,12	0.0	21.542552947998047	0.4026488217617429
8993.0	37779.0	186.0	1.0	10.0	1,1,3,4,3,1,3,4,3	0,5,3,5,20,185,2,5,12	0.0	21.54254913330078	0.4026487569008316
8988.0	37780.0	205.0	1.0	7.0	1,2,2,4,3,2	0,3,5,5,20,185	0.0	21.542552947998047	0.36691836978540227
8979.0	37797.0	197.0	1.0	9.0	1,2,2,3,1,2,3,4	0,4,5,10,199,1,2,5	0.0	21.542552947998047	0.3815591448493907
8885.0	37798.0	197.0	1.0	11.0	1,1,4,4,1,1,1,1,3,4	0,4,2,6,26,14,185,1,1,6	0.0	21.54254913330078	0.38155907975077397
8886.0	37799.0	205.0	1.0	12.0	4,1,1,1,4,1,4,1,3,3,2	0,6,2,3,3,8,2,8,6,14,185	0.0	21.542552947998047	0.36691836978540227
8960.0	37800.0	197.0	1.0	11.0	4,1,1,4,2,4,1,1,3,4	0,5,2,2,6,10,205,2,1,5	0.0	21.542552947998047	0.3815591448493907
8743.0	37801.0	188.0	2.0	13.0	1,1,4,1,4,1,4,4,2,2,1,2	0,6,3,25,9,66,2,6,19,187,38,2	1.0	21.542552947998047	0.39872946473407017
8727.0	37802.0	197.0	1.0	14.0	4,2,1,4,4,1,4,4,1,1,1,4,4	0,8,6,4,26,78,3,6,18,176,25,1,5	0.0	21.542552947998047	0.3815591448493907
8771.0	37803.0	203.0	2.0	14.0	1,1,1,4,4,1,4,1,1,3,2,1,3	0,5,2,3,26,78,3,10,3,5,6,176,25	1.0	21.542552947998047	0.3705250360049648
7929.0	37804.0	186.0	2.0	10.0	4,4,1,4,1,4,4,4,1	0,5,14,2,7,2,23,76,255	1.0	21.542552947998047	0.4026488217617429
8003.0	37805.0	186.0	1.0	20.0	4,1,4,4,1,1,4,2,2,2,1,2,1,4,3,3,1,3,1	0,5,2,7,36,9,2,6,8,50,12,2,4,2,5,7,182,25,17	0.0	21.542552947998047	0.4026488217617429
8619.0	37806.0	188.0	1.0	11.0	4,4,1,4,4,2,1,3,1,3	0,3,11,3,25,82,224,8,14,1	0.0	21.542552947998047	0.39872946473407017
8722.0	37807.0	211.0	1.0	13.0	1,1,1,4,1,4,1,4,4,2,2,2	0,4,4,3,25,9,66,2,5,14,17,193	0.0	21.542552947998047	0.3563076498383557
7841.0	37808.0	197.0	3.0	15.0	3,3,4,4,4,1,4,4,1,3,1,1,1,4	0,18,2,6,18,108,2,6,24,6,176,24,2,5	1.0	21.542552947998047	0.3815591448493907
8656.0	37809.0	188.0	3.0	14.0	4,4,4,1,4,1,1,4,4,2,1,1,3	0,5,18,94,2,8,3,2,6,192,31,7,2	1.0	21.542552947998047	0.39872946473407017
8696.0	37810.0	197.0	1.0	10.0	4,4,1,1,4,4,1,1,4	0,5,16,18,9,66,238,2,5	0.0	21.542552947998047	0.3815591448493907
8815.0	37811.0	197.0	1.0	16.0	1,4,1,4,1,1,4,1,4,4,2,1,1,4,4	0,3,22,9,66,2,2,5,2,7,20,176,24,2,5	0.0	21.542552947998047	0.3815591448493907
7883.0	37812.0	197.0	3.0	9.0	4,4,4,3,1,1,1,4	0,4,11,50,281,25,1,5	1.0	21.542552947998047	0.3815591448493907
8773.0	37813.0	197.0	1.0	16.0	1,1,4,1,4,1,4,4,1,3,3,1,1,4,4	0,3,2,23,9,66,2,6,19,5,6,176,24,2,5	0.0	21.542552947998047	0.3815591448493907
8823.0	37814.0	197.0	1.0	8.0	4,4,4,2,1,3,4	0,5,27,94,209,3,5	0.0	21.54254913330078	0.38155907975077397
7868.0	37815.0	197.0	1.0	17.0	4,4,1,4,4,1,4,4,1,4,4,1,1,1,1,4	0,5,18,2,7,34,2,6,59,2,8,27,176,25,1,5	0.0	21.542552947998047	0.3815591448493907
8699.0	37816.0	190.0	2.0	12.0	4,4,4,1,1,4,4,2,2,1,3	0,5,16,93,2,2,7,21,182,31,7	1.0	21.542552947998047	0.39484825846874955
8828.0	37817.0	197.0	1.0	14.0	1,1,1,1,4,4,1,4,4,2,2,1,4	0,5,18,9,2,6,58,2,6,17,189,26,5	0.0	21.542552947998047	0.3815591448493907
9019.0	37818.0	197.0	1.0	10.0	1,1,4,1,3,1,1,4,4	0,3,2,8,6,176,24,2,5	0.0	21.54254913330078	0.38155907975077397
9034.0	37819.0	190.0	1.0	4.0	1,1,3	0,8,7	0.0	21.542552947998047	0.39484825846874955
8745.0	37820.0	186.0	1.0	12.0	4,4,4,1,1,1,1,3,1,1,3	0,6,36,298,8,1,5,1,6,2,2	0.0	21.542552947998047	0.4026488217617429
8209.0	37821.0	188.0	1.0	15.0	1,4,1,4,1,4,1,4,4,2,2,1,1,4	0,4,16,3,25,9,67,2,6,19,186,31,7,2	0.0	21.542552947998047	0.39872946473407017
8657.0	37822.0	186.0	1.0	15.0	4,4,1,4,1,4,4,4,1,3,1,1,1,3	0,5,18,18,76,2,6,18,204,8,13,1,1,2	0.0	21.542552947998047	0.4026488217617429
8826.0	37823.0	197.0	1.0	14.0	1,1,1,4,1,4,4,1,4,2,1,2,4	0,5,18,9,66,2,6,15,2,7,182,24,7	0.0	21.542552947998047	0.3815591448493907
7927.0	37824.0	197.0	3.0	11.0	4,3,1,4,4,4,1,1,4,4	0,5,14,2,7,34,280,25,1,5	1.0	21.542552947998047	0.3815591448493907
8967.0	37825.0	197.0	2.0	8.0	4,2,2,2,1,4,4	0,5,8,182,25,1,5	1.0	21.54254913330078	0.38155907975077397
8638.0	37826.0	190.0	1.0	18.0	1,4,1,4,4,1,4,1,3,3,1,3,1,1,4,1,3	0,3,11,3,25,84,2,7,1,3,10,6,176,24,2,5,7	0.0	21.542552947998047	0.39484825846874955
8211.0	37827.0	188.0	2.0	13.0	1,4,1,1,4,4,4,2,1,4,1,3	0,4,12,4,3,7,27,89,214,3,12,2	1.0	21.542552947998047	0.39872946473407017
8987.0	37828.0	197.0	1.0	8.0	1,3,2,1,1,4,4	0,4,15,176,25,1,5	0.0	21.542552947998047	0.3815591448493907
8236.0	37829.0	188.0	1.0	16.0	1,1,1,1,4,4,1,4,4,4,1,1,3,1,4	0,5,2,2,2,8,36,2,7,58,238,2,5,7,2	0.0	21.542552947998047	0.39872946473407017
7839.0	37830.0	228.0	3.0	11.0	3,3,2,1,4,1,4,4,4,2	0,18,21,38,9,66,2,5,13,194	1.0	21.542552947998047	0.3278810160366522
7881.0	37831.0	188.0	2.0	10.0	4,4,4,4,1,1,1,1,4	0,4,14,49,302,3,5,7,2	1.0	21.542552947998047	0.39872946473407017
8633.0	37832.0	186.0	3.0	13.0	4,4,1,4,1,4,4,4,1,3,1,3	0,6,36,9,66,1,5,18,207,8,15,2	1.0	21.542552947998047	0.4026488217617429
8635.0	37833.0	197.0	3.0	13.0	1,1,1,4,4,1,4,4,4,1,4,4	0,4,2,2,6,36,2,7,59,237,2,5	1.0	21.542552947998047	0.3815591448493907
8831.0	37834.0	197.0	1.0	12.0	1,1,4,1,4,4,2,1,1,4,4	0,5,18,76,2,5,15,191,25,1,5	0.0	21.542552947998047	0.3815591448493907
8634.0	37835.0	196.0	3.0	9.0	4,4,1,4,4,1,4,3	0,6,36,9,66,238,2,6	1.0	21.54254913330078	0.3834297836298242
8569.0	37836.0	197.0	1.0	13.0	1,4,1,4,4,1,4,4,4,1,1,4	0,5,14,2,5,26,2,7,59,237,2,5	0.0	21.542552947998047	0.3815591448493907
7961.0	37837.0	197.0	1.0	17.0	2,4,1,4,1,1,4,4,1,4,4,4,1,1,4,4	0,5,19,3,25,9,2,6,58,2,5,17,207,8,1,5	0.0	21.542552947998047	0.3815591448493907
8590.0	37838.0	186.0	3.0	16.0	1,4,1,4,4,1,4,1,4,4,2,1,1,2,3	0,5,14,2,22,76,2,6,2,7,196,31,7,1,3	1.0	21.542552947998047	0.4026488217617429
8712.0	37839.0	197.0	3.0	9.0	4,4,4,1,4,1,1,4	0,4,13,49,47,238,2,5	1.0	21.542552947998047	0.3815591448493907
8007.0	37840.0	188.0	3.0	12.0	4,4,1,4,1,4,4,1,4,1,4	0,5,19,2,23,9,66,238,2,12,2	1.0	21.542552947998047	0.39872946473407017
7922.0	37841.0	197.0	1.0	8.0	4,4,4,4,1,3,4	0,4,14,53,295,3,5	0.0	21.54254913330078	0.38155907975077397
8609.0	37842.0	441.0	1.0	7.0	4,4,1,4,4,4	0,4,14,2,23,76	0.0	21.54254913330078	0.1156892884946771
7898.0	37843.0	188.0	2.0	9.0	4,4,4,4,1,4,1,4	0,3,11,50,304,3,12,2	1.0	21.54254913330078	0.3987293998138703
8235.0	37844.0	424.0	3.0	8.0	4,1,4,4,2,4,4	0,5,2,6,34,22,71	1.0	21.54254913330078	0.12571932221075394
8620.0	37845.0	197.0	2.0	9.0	1,4,4,4,1,1,4,4	0,3,11,38,296,8,1,5	1.0	21.54254913330078	0.38155907975077397
8229.0	37846.0	197.0	3.0	13.0	4,4,1,4,4,1,4,4,1,1,4,4	0,5,17,2,23,78,3,12,196,25,1,5	1.0	21.542552947998047	0.3815591448493907
7933.0	37847.0	196.0	3.0	8.0	4,4,4,4,1,3,3	0,5,14,47,299,3,6	1.0	21.54254913330078	0.3834297836298242
8940.0	37848.0	197.0	1.0	8.0	4,4,4,1,1,4,4	0,3,11,196,25,1,5	0.0	21.54254913330078	0.38155907975077397
8827.0	37849.0	196.0	3.0	9.0	1,1,1,4,4,1,4,3	0,5,18,9,66,238,2,6	1.0	21.54254913330078	0.3834297836298242
7862.0	37850.0	197.0	1.0	17.0	1,4,4,1,4,1,4,4,1,2,4,4,1,1,4,4	0,3,11,53,2,7,2,9,48,2,3,9,199,25,1,5	0.0	21.542552947998047	0.3815591448493907
8830.0	37851.0	197.0	3.0	13.0	4,1,1,4,1,4,4,4,1,1,4,4	0,5,18,9,66,2,5,16,208,8,1,5	1.0	21.542552947998047	0.3815591448493907
8010.0	37852.0	188.0	1.0	9.0	4,4,4,4,1,3,1,4	0,4,13,42,296,8,13,2	0.0	21.542552947998047	0.39872946473407017
8581.0	37853.0	441.0	1.0	8.0	4,1,4,4,1,4,4	0,3,2,5,15,18,76	0.0	21.54254913330078	0.1156892884946771
8576.0	37854.0	196.0	3.0	10.0	1,1,4,4,4,1,1,4,3	0,5,2,8,36,281,24,2,6	1.0	21.54254913330078	0.3834297836298242
9003.0	37855.0	196.0	1.0	8.0	1,4,1,2,1,4,3	0,3,16,176,24,2,6	0.0	21.54254913330078	0.3834297836298242
7861.0	37856.0	197.0	1.0	16.0	4,4,4,2,1,4,4,1,4,4,2,1,1,4,4	0,3,7,24,33,2,7,59,2,8,27,193,8,1,5	0.0	21.542552947998047	0.3815591448493907
7846.0	37857.0	197.0	3.0	13.0	4,4,4,4,1,4,2,2,1,1,4,4	0,3,9,29,111,2,7,11,176,25,1,5	1.0	21.542552947998047	0.3815591448493907
8869.0	37858.0	211.0	3.0	9.0	4,4,4,1,4,4,2,2	0,3,10,54,2,8,27,193	1.0	21.54254913330078	0.3563075847278203
9030.0	37859.0	190.0	1.0	11.0	4,2,1,3,1,1,1,1,4,3	0,3,4,5,6,176,25,1,5,7	0.0	21.542552947998047	0.39484825846874955
8264.0	37860.0	190.0	3.0	16.0	1,1,4,4,1,4,1,4,4,2,1,1,1,2,3	0,5,2,5,15,18,76,2,6,23,182,24,2,5,7	1.0	21.542552947998047	0.39484825846874955
8768.0	37861.0	190.0	1.0	14.0	4,1,4,4,1,4,1,4,4,2,1,2,3	0,4,2,22,76,2,8,3,7,193,26,5,7	0.0	21.542552947998047	0.39484825846874955
8850.0	37862.0	196.0	1.0	9.0	4,4,1,4,4,1,4,3	0,3,11,2,50,238,2,6	0.0	21.54254913330078	0.3834297836298242
7943.0	37863.0	197.0	1.0	8.0	4,4,4,4,1,1,4	0,4,15,51,295,3,5	0.0	21.54254913330078	0.38155907975077397
7987.0	37864.0	197.0	3.0	8.0	4,4,4,4,1,3,4	0,4,14,49,295,3,5	1.0	21.54254913330078	0.38155907975077397
7937.0	37865.0	197.0	3.0	11.0	4,4,1,4,4,4,2,1,3,4	0,5,20,3,7,27,98,206,2,5	1.0	21.542552947998047	0.3815591448493907
8803.0	37867.0	197.0	3.0	17.0	1,4,1,1,4,1,4,4,1,4,4,2,1,1,4,4	0,4,29,2,2,5,2,6,51,2,5,17,189,25,1,5	1.0	21.542552947998047	0.3815591448493907
7887.0	37868.0	186.0	3.0	10.0	4,4,4,4,1,3,1,3,3	0,3,9,44,306,8,13,1,3	1.0	21.542552947998047	0.4026488217617429
7973.0	37869.0	197.0	3.0	8.0	1,4,4,4,1,2,4	0,4,15,49,295,3,5	1.0	21.54254913330078	0.38155907975077397
8725.0	37870.0	197.0	1.0	8.0	4,4,4,1,1,4,4	0,8,36,281,25,1,5	0.0	21.54254913330078	0.38155907975077397
8938.0	37871.0	197.0	1.0	9.0	4,1,4,4,1,1,4,4	0,4,3,7,196,25,1,5	0.0	21.542552947998047	0.3815591448493907
8577.0	37872.0	196.0	1.0	12.0	1,1,4,4,1,4,4,4,1,4,3	0,5,2,8,36,2,7,58,238,2,6	0.0	21.54254913330078	0.3834297836298242
8818.0	37873.0	196.0	3.0	8.0	1,4,4,2,1,4,3	0,4,29,99,206,2,6	1.0	21.542552947998047	0.38342984871553576
8654.0	37874.0	197.0	1.0	10.0	4,1,4,4,4,1,1,4,4	0,5,2,6,36,281,25,1,5	0.0	21.542552947998047	0.3815591448493907
8283.0	37875.0	197.0	1.0	10.0	1,1,4,4,4,1,1,4,4	0,3,2,6,41,298,8,1,5	0.0	21.54254913330078	0.38155907975077397
7965.0	37876.0	197.0	1.0	8.0	4,4,4,4,1,1,4	0,4,15,52,293,3,5	0.0	21.54254913330078	0.38155907975077397
8854.0	37877.0	197.0	1.0	14.0	1,1,1,1,1,4,1,4,4,4,1,2,4	0,4,4,2,3,3,50,2,5,11,196,24,7	0.0	21.542552947998047	0.3815591448493907
9035.0	37878.0	190.0	1.0	4.0	4,1,3	0,8,7	0.0	21.542552947998047	0.39484825846874955
7847.0	37879.0	197.0	4.0	8.0	4,4,4,4,1,1,4	0,5,18,64,285,2,5	1.0	21.54254913330078	0.38155907975077397
8265.0	37880.0	197.0	1.0	8.0	4,4,4,4,1,2,4	0,5,15,53,285,2,5	0.0	21.54254913330078	0.38155907975077397
8653.0	37881.0	197.0	1.0	12.0	1,4,1,4,1,4,4,4,1,4,4	0,5,14,4,26,2,7,59,237,2,5	0.0	21.542552947998047	0.3815591448493907
8644.0	37882.0	197.0	1.0	11.0	4,4,4,1,4,4,4,1,4,4	0,3,11,37,2,5,58,239,1,5	0.0	21.542552947998047	0.3815591448493907
8870.0	37883.0	211.0	3.0	8.0	4,4,1,4,4,2,2	0,5,61,2,6,24,199	1.0	21.54254913330078	0.3563075847278203
7952.0	37884.0	197.0	3.0	10.0	4,4,1,4,4,4,1,1,4	0,3,8,2,7,40,298,8,6	1.0	21.542552947998047	0.3815591448493907
8787.0	37885.0	190.0	1.0	19.0	1,4,1,1,4,1,4,4,1,4,4,2,1,1,2,1,3,4	0,3,24,9,2,6,2,6,51,2,6,18,187,24,2,5,1,6	0.0	21.542552947998047	0.39484825846874955
8701.0	37886.0	196.0	1.0	11.0	4,4,4,1,4,4,4,1,4,3	0,3,8,36,2,7,59,237,2,6	0.0	21.542552947998047	0.38342984871553576
8795.0	37887.0	196.0	3.0	10.0	4,4,1,4,4,4,1,4,3	0,5,30,2,7,59,237,2,6	1.0	21.542552947998047	0.38342984871553576
8242.0	37888.0	197.0	3.0	8.0	4,4,4,4,1,4,4	0,4,15,55,285,2,5	1.0	21.54254913330078	0.38155907975077397
7910.0	37889.0	204.0	1.0	11.0	4,1,4,1,4,1,4,4,1,3	0,5,2,6,2,6,5,36,281,24	0.0	21.542552947998047	0.36871729302491246
8978.0	37890.0	197.0	3.0	8.0	1,4,1,4,1,2,4	0,3,10,6,176,24,7	1.0	21.542552947998047	0.3815591448493907
7926.0	37891.0	197.0	1.0	11.0	4,4,4,1,4,4,4,1,4,4	0,3,10,48,2,7,59,238,1,5	0.0	21.542552947998047	0.3815591448493907
8614.0	37892.0	197.0	1.0	11.0	1,1,4,4,1,4,4,1,4,4	0,3,2,5,33,9,67,238,1,5	0.0	21.54254913330078	0.38155907975077397
8941.0	37893.0	197.0	3.0	7.0	4,4,2,1,2,4	0,5,18,187,24,7	1.0	21.542552947998047	0.3815591448493907
8800.0	37894.0	203.0	1.0	14.0	1,1,1,1,1,4,4,1,4,4,4,1,3	0,3,4,18,9,2,6,58,2,5,11,196,25	0.0	21.542552947998047	0.3705250360049648
8816.0	37895.0	186.0	1.0	18.0	4,4,1,1,4,4,1,4,1,4,4,3,1,3,1,3,4	0,7,27,2,2,6,56,2,6,3,7,20,193,8,13,1,3	0.0	21.542552947998047	0.4026488217617429
8641.0	37896.0	203.0	3.0	15.0	1,4,1,2,1,1,4,4,1,4,4,2,1,3	0,5,18,18,9,2,2,5,57,2,5,15,192,25	1.0	21.542552947998047	0.3705250360049648
8729.0	37897.0	197.0	1.0	8.0	1,4,1,4,4,1,4	0,4,32,9,66,239,6	0.0	21.54254913330078	0.38155907975077397
8005.0	37898.0	197.0	1.0	10.0	4,4,4,1,4,4,1,4,4	0,3,8,39,9,66,239,1,5	0.0	21.542552947998047	0.3815591448493907
8248.0	37899.0	186.0	3.0	10.0	4,4,4,4,1,4,1,3,4	0,4,15,55,285,2,12,1,3	1.0	21.542552947998047	0.4026488217617429
8223.0	37900.0	197.0	3.0	9.0	1,4,4,1,4,4,1,4	0,4,15,50,3,50,238,7	1.0	21.54254913330078	0.38155907975077397
8580.0	37962.0	206.0	2.0	9.0	1,1,4,4,4,1,2,4	0,4,3,8,36,281,24,7	1.0	21.54254913330078	0.3651281581147983
8939.0	37963.0	212.0	2.0	7.0	4,1,4,4,1,3	0,4,3,7,196,25	1.0	21.542552947998047	0.35456927161787405
8647.0	37964.0	199.0	3.0	8.0	4,4,4,4,1,3,2	0,3,11,41,292,8,13	1.0	21.54254913330078	0.37784500822395206
8695.0	37965.0	206.0	3.0	11.0	4,4,4,1,4,4,4,1,4,4	0,3,9,37,2,7,57,237,2,5	1.0	21.542552947998047	0.3651282232560786
8247.0	37966.0	212.0	1.0	19.0	4,1,4,1,4,1,4,1,4,1,4,2,1,1,4,3,2,3	0,5,2,6,5,28,9,66,2,5,2,5,6,2,2,8,182,25	0.0	21.542552947998047	0.35456927161787405
8659.0	37967.0	212.0	1.0	10.0	1,4,1,4,1,4,4,1,3	0,5,18,18,76,2,8,203,25	0.0	21.54254913330078	0.35456920651792917
8783.0	37968.0	212.0	2.0	11.0	4,4,1,1,4,4,2,2,1,3	0,3,25,9,2,6,58,22,192,25	1.0	21.542552947998047	0.35456927161787405
8587.0	37969.0	220.0	1.0	12.0	1,4,4,1,4,4,1,4,4,2,2	0,3,12,45,2,6,51,2,8,27,193	0.0	21.54254913330078	0.3409640578307784
8848.0	37970.0	212.0	2.0	13.0	4,4,1,1,4,1,4,4,1,3,1,3	0,5,61,2,2,5,2,5,16,6,176,25	1.0	21.542552947998047	0.35456927161787405
8709.0	37971.0	220.0	1.0	14.0	1,4,1,1,4,1,4,1,1,4,4,3,2	0,5,15,18,9,66,2,5,2,2,5,16,199	0.0	21.542552947998047	0.3409641227951179
8697.0	37972.0	206.0	2.0	10.0	4,4,4,1,4,4,1,2,4	0,5,16,94,2,8,203,24,7	1.0	21.542552947998047	0.3651282232560786
8710.0	37973.0	206.0	1.0	10.0	4,4,2,1,4,4,4,1,4	0,5,15,27,2,6,58,238,7	0.0	21.542552947998047	0.3651282232560786
8279.0	37974.0	198.0	3.0	8.0	4,4,4,4,1,3,2	0,4,13,40,294,8,14	1.0	21.54254913330078	0.37969750279183395
8628.0	37975.0	220.0	2.0	13.0	1,1,4,4,1,4,4,1,4,4,2,2	0,4,2,8,36,2,7,58,2,7,23,199	1.0	21.542552947998047	0.3409641227951179
8231.0	37976.0	212.0	1.0	7.0	4,4,2,4,1,3	0,5,17,33,281,25	0.0	21.54254913330078	0.35456920651792917
7981.0	37977.0	199.0	1.0	15.0	1,1,1,4,1,1,4,4,1,4,4,1,1,4	0,5,2,2,6,2,2,5,27,9,66,238,7,7	0.0	21.542552947998047	0.3778450733433696
8566.0	37978.0	212.0	1.0	11.0	4,4,1,4,4,4,1,3,1,3	0,4,13,2,7,27,98,6,176,25	0.0	21.542552947998047	0.35456927161787405
8855.0	37979.0	206.0	3.0	7.0	4,4,4,4,1,4	0,4,15,48,237,7	1.0	21.542552947998047	0.3651282232560786
8658.0	37980.0	212.0	3.0	12.0	1,4,1,4,4,1,4,2,3,1,3	0,5,14,4,26,90,1,4,10,176,25	1.0	21.542552947998047	0.35456927161787405
7873.0	37981.0	212.0	3.0	14.0	4,1,1,1,1,4,2,4,4,1,4,1,3	0,3,7,2,2,2,5,8,36,99,6,176,25	1.0	21.542552947998047	0.35456927161787405
8770.0	37982.0	212.0	2.0	6.0	4,4,4,1,3	0,4,32,281,25	1.0	21.54254913330078	0.35456920651792917
7932.0	37983.0	220.0	3.0	9.0	4,4,4,1,4,4,2,2	0,5,20,103,2,7,29,193	1.0	21.542552947998047	0.3409641227951179
9033.0	37984.0	206.0	1.0	3.0	1,4	0,8	0.0	21.542552947998047	0.3651282232560786
8204.0	37985.0	197.0	2.0	8.0	1,4,4,4,1,3,2	0,4,12,41,297,8,15	1.0	21.54254913330078	0.38155907975077397
8741.0	37986.0	212.0	3.0	6.0	4,4,4,1,3	0,6,36,281,25	1.0	21.54254913330078	0.35456920651792917
8219.0	37987.0	220.0	1.0	12.0	4,4,4,1,4,4,1,4,4,2,2	0,3,9,44,2,7,59,2,8,27,193	0.0	21.542552947998047	0.3409641227951179
8794.0	37988.0	212.0	1.0	13.0	1,1,4,1,4,1,4,1,4,4,1,3	0,4,2,21,9,66,2,6,3,10,193,25	0.0	21.542552947998047	0.35456927161787405
7999.0	37989.0	212.0	3.0	7.0	4,4,4,4,1,3	0,3,8,39,289,25	1.0	21.542552947998047	0.35456927161787405
8622.0	37990.0	212.0	3.0	9.0	1,1,3,4,4,4,1,3	0,3,3,4,9,32,280,25	1.0	21.542552947998047	0.35456927161787405
8781.0	37991.0	199.0	1.0	9.0	4,1,4,4,4,1,3,4	0,5,2,21,76,244,1,6	0.0	21.542552947998047	0.3778450733433696
8627.0	37992.0	212.0	3.0	8.0	4,1,4,4,4,1,3	0,6,2,6,36,281,25	1.0	21.54254913330078	0.35456920651792917
8792.0	37993.0	220.0	1.0	11.0	4,4,1,4,4,1,4,4,2,2	0,4,31,2,7,58,2,7,29,193	0.0	21.542552947998047	0.3409641227951179
8856.0	37994.0	212.0	1.0	10.0	4,4,4,1,4,4,2,1,3	0,4,15,51,2,6,20,182,25	0.0	21.542552947998047	0.35456927161787405
9037.0	37995.0	199.0	3.0	4.0	1,1,4	0,7,7	1.0	21.542552947998047	0.3778450733433696
7938.0	37996.0	212.0	1.0	12.0	4,4,4,1,4,4,1,4,4,1,3	0,3,11,47,2,7,59,2,8,203,25	0.0	21.542552947998047	0.35456927161787405
8852.0	37997.0	212.0	3.0	9.0	1,4,4,1,4,4,1,3	0,4,15,48,2,8,203,25	1.0	21.54254913330078	0.35456920651792917
8777.0	37998.0	212.0	3.0	6.0	4,4,4,1,3	0,4,32,281,25	1.0	21.54254913330078	0.35456920651792917
8643.0	37999.0	220.0	3.0	9.0	4,4,4,1,4,4,2,2	0,5,15,96,2,7,29,193	1.0	21.542552947998047	0.3409641227951179
8648.0	38000.0	195.0	2.0	15.0	1,1,1,1,1,1,1,4,4,4,1,4,4,3	0,5,2,2,4,3,2,2,21,76,237,2,5,11	1.0	21.542552947998047	0.38530972424746857
9032.0	38001.0	199.0	1.0	4.0	4,1,4	0,8,7	0.0	21.542552947998047	0.3778450733433696
8232.0	38002.0	212.0	3.0	7.0	4,4,4,3,1,3	0,3,8,44,281,25	1.0	21.542552947998047	0.35456927161787405
8784.0	38003.0	212.0	3.0	15.0	1,1,1,4,1,4,4,1,1,4,4,2,2,3	0,4,2,4,26,2,7,59,2,3,5,14,189,25	1.0	21.542552947998047	0.35456927161787405
7840.0	38004.0	212.0	2.0	14.0	3,3,4,4,2,1,4,4,1,4,4,1,3	0,18,2,6,23,36,2,7,59,2,8,203,25	1.0	21.542552947998047	0.35456927161787405
8966.0	38005.0	195.0	1.0	9.0	4,2,2,1,1,1,4,3	0,5,8,182,24,2,5,11	0.0	21.542552947998047	0.38530972424746857
8825.0	38006.0	213.0	1.0	9.0	1,4,4,1,3,4,1,3	0,5,27,94,4,6,176,24	0.0	21.54254913330078	0.35283930962847615
8230.0	38007.0	199.0	1.0	11.0	4,4,2,1,4,4,1,4,2,4	0,4,15,28,9,66,238,2,5,7	0.0	21.542552947998047	0.3778450733433696
8637.0	38008.0	212.0	2.0	6.0	4,4,4,1,3	0,6,36,289,25	1.0	21.54254913330078	0.35456920651792917
8636.0	38009.0	212.0	1.0	8.0	1,1,4,4,4,1,3	0,3,3,11,35,279,25	0.0	21.54254913330078	0.35456920651792917
8730.0	38010.0	220.0	2.0	13.0	4,4,1,4,4,1,4,1,4,2,4,2	0,3,8,2,23,79,2,6,2,7,11,199	1.0	21.542552947998047	0.3409641227951179
8791.0	38011.0	199.0	3.0	10.0	4,1,4,1,4,4,1,4,3	0,4,2,21,9,66,238,2,12	1.0	21.542552947998047	0.3778450733433696
8640.0	38012.0	199.0	1.0	10.0	4,4,4,1,4,4,1,4,3	0,4,13,44,3,53,238,2,12	0.0	21.542552947998047	0.3778450733433696
7838.0	38013.0	197.0	3.0	13.0	3,3,4,2,1,4,2,1,1,1,4,4	0,18,19,65,75,2,11,176,24,2,5,9	1.0	21.542552947998047	0.3815591448493907
8774.0	38014.0	199.0	2.0	14.0	1,1,1,1,1,1,2,4,4,4,1,4,4	0,5,2,3,18,9,2,3,6,55,237,3,12	1.0	21.542552947998047	0.3778450733433696
8868.0	38015.0	195.0	2.0	17.0	1,1,1,1,4,1,1,4,4,1,4,2,3,1,3,3	0,5,3,2,3,53,2,2,5,12,2,5,10,176,24,18	1.0	21.542552947998047	0.38530972424746857
9036.0	38016.0	199.0	3.0	4.0	4,4,3	0,3,12	1.0	21.542552947998047	0.3778450733433696
7963.0	38017.0	212.0	3.0	14.0	1,1,4,4,4,1,4,4,1,4,2,2,3	0,5,2,6,21,94,2,5,17,2,11,176,25	1.0	21.542552947998047	0.35456927161787405
8799.0	38018.0	450.0	2.0	5.0	4,4,4,4	0,3,22,76	1.0	21.542552947998047	0.11070745141676597
8267.0	38019.0	220.0	1.0	12.0	1,1,4,4,1,4,1,4,4,3,2	0,4,2,5,16,18,76,2,6,18,204	0.0	21.542552947998047	0.3409641227951179
8288.0	38020.0	198.0	1.0	9.0	4,1,4,4,4,1,3,3	0,5,3,8,37,297,9,13	0.0	21.54254913330078	0.37969750279183395
8216.0	38021.0	220.0	2.0	15.0	1,1,1,4,4,1,1,4,4,1,4,4,4,2	0,3,2,2,7,42,2,2,6,57,2,5,15,209	1.0	21.542552947998047	0.3409641227951179
7919.0	38022.0	212.0	3.0	12.0	4,4,4,4,1,4,4,1,3,2,3	0,3,8,25,94,2,6,19,4,182,25	1.0	21.542552947998047	0.35456927161787405
8583.0	38023.0	199.0	1.0	14.0	1,4,1,1,4,4,1,4,4,2,1,3,4	0,3,12,3,2,23,76,2,8,27,193,8,13	0.0	21.542552947998047	0.3778450733433696
8746.0	38024.0	199.0	1.0	15.0	1,4,1,4,1,4,1,4,2,4,2,1,3,4	0,6,36,2,7,2,6,3,47,9,29,193,8,13	0.0	21.542552947998047	0.3778450733433696
8793.0	38025.0	212.0	2.0	10.0	4,1,4,4,1,4,3,2,3	0,5,4,26,85,2,7,187,25	1.0	21.542552947998047	0.35456927161787405
7903.0	38026.0	197.0	3.0	8.0	4,4,4,4,1,3,3	0,3,8,45,306,8,15	1.0	21.54254913330078	0.38155907975077397
7894.0	38027.0	199.0	1.0	8.0	4,4,4,4,1,4,4	0,5,15,53,295,3,12	0.0	21.54254913330078	0.37784500822395206
8788.0	38028.0	199.0	2.0	13.0	4,4,1,4,1,4,2,4,2,1,3,4	0,3,24,9,66,2,6,7,23,193,8,13	1.0	21.542552947998047	0.3778450733433696
8203.0	38029.0	199.0	2.0	8.0	4,4,4,4,1,4,4	0,5,16,55,285,2,12	1.0	21.54254913330078	0.37784500822395206
7853.0	38030.0	199.0	1.0	8.0	4,4,4,4,1,4,4	0,5,16,60,291,2,12	0.0	21.54254913330078	0.37784500822395206
7983.0	38031.0	199.0	1.0	15.0	4,1,4,4,1,4,1,1,4,4,4,1,4,4	0,5,2,6,17,3,26,2,2,5,58,238,2,12	0.0	21.542552947998047	0.3778450733433696
8802.0	38032.0	199.0	3.0	8.0	4,4,4,2,1,4,4	0,4,29,99,205,3,12	1.0	21.54254913330078	0.37784500822395206
8263.0	38033.0	199.0	3.0	8.0	4,4,4,4,1,4,4	0,4,16,53,285,2,12	1.0	21.54254913330078	0.37784500822395206
8820.0	38034.0	199.0	3.0	10.0	1,4,1,4,4,4,1,4,4	0,4,29,2,7,59,237,2,12	1.0	21.54254913330078	0.37784500822395206
7939.0	38035.0	199.0	3.0	8.0	4,4,4,4,1,4,4	0,3,10,48,304,3,12	1.0	21.54254913330078	0.37784500822395206
8207.0	38036.0	199.0	3.0	8.0	1,4,4,4,1,3,4	0,3,9,44,298,8,13	1.0	21.542552947998047	0.3778450733433696
7971.0	38037.0	198.0	3.0	8.0	4,4,4,4,1,3,3	0,4,13,44,296,8,14	1.0	21.54254913330078	0.37969750279183395
8568.0	38038.0	195.0	1.0	15.0	4,4,4,1,4,4,1,4,4,1,1,4,3,4	0,4,12,38,2,7,57,2,8,203,25,1,5,11	0.0	21.542552947998047	0.38530972424746857
8871.0	38039.0	199.0	2.0	11.0	4,4,4,1,4,4,2,1,3,4	0,4,12,51,2,8,27,193,8,13	1.0	21.542552947998047	0.3778450733433696
7995.0	38040.0	199.0	3.0	8.0	4,4,4,4,1,3,4	0,4,12,45,295,8,13	1.0	21.54254913330078	0.37784500822395206
7931.0	38041.0	199.0	3.0	8.0	4,4,4,4,1,4,4	0,5,16,60,285,2,12	1.0	21.54254913330078	0.37784500822395206
8731.0	38042.0	199.0	3.0	7.0	4,4,4,1,3,4	0,8,37,297,8,13	1.0	21.542552947998047	0.3778450733433696
7885.0	38043.0	199.0	3.0	8.0	4,4,4,4,1,4,4	0,5,18,62,285,2,12	1.0	21.54254913330078	0.37784500822395206
8574.0	38044.0	199.0	3.0	11.0	1,4,4,1,4,4,2,1,3,4	0,5,17,97,2,7,29,193,8,13	1.0	21.542552947998047	0.3778450733433696
7942.0	38045.0	199.0	3.0	8.0	4,4,4,4,1,3,4	0,4,13,46,296,8,13	1.0	21.54254913330078	0.37784500822395206
8254.0	38046.0	211.0	2.0	11.0	4,4,4,1,1,4,4,2,2,3	0,5,16,53,47,2,5,16,191,26	1.0	21.542552947998047	0.3563076498383557
8262.0	38047.0	199.0	3.0	8.0	4,4,4,4,1,4,4	0,4,14,50,289,3,12	1.0	21.54254913330078	0.37784500822395206
7945.0	38048.0	199.0	1.0	8.0	4,4,4,4,1,3,4	0,4,13,46,296,8,13	0.0	21.54254913330078	0.37784500822395206
7842.0	38049.0	199.0	3.0	8.0	3,4,4,4,1,3,4	0,5,12,50,298,8,13	1.0	21.54254913330078	0.37784500822395206
8804.0	38050.0	199.0	1.0	10.0	4,4,1,4,4,4,1,4,4	0,7,27,2,6,59,237,2,12	0.0	21.542552947998047	0.3778450733433696
7980.0	38051.0	199.0	3.0	8.0	4,4,4,4,1,3,4	0,3,10,47,297,8,13	1.0	21.54254913330078	0.37784500822395206
8748.0	38052.0	199.0	1.0	13.0	4,4,1,4,4,1,4,4,4,1,4,4	0,6,36,2,7,59,2,8,27,199,3,12	0.0	21.542552947998047	0.3778450733433696
8570.0	38053.0	199.0	1.0	10.0	4,4,4,1,4,4,1,4,4	0,5,15,49,3,48,237,2,12	0.0	21.542552947998047	0.3778450733433696
7975.0	38054.0	199.0	3.0	8.0	4,4,4,4,1,4,4	0,4,15,49,295,3,12	1.0	21.54254913330078	0.37784500822395206
8618.0	38055.0	199.0	3.0	12.0	1,1,4,4,1,4,4,4,1,4,4	0,3,3,8,36,2,7,59,237,2,12	1.0	21.54254913330078	0.37784500822395206
7916.0	38056.0	199.0	3.0	8.0	4,4,4,4,1,4,4	0,3,10,49,304,3,12	1.0	21.54254913330078	0.37784500822395206
8621.0	38057.0	199.0	2.0	15.0	1,1,4,4,1,4,4,1,4,4,4,1,3,4	0,6,2,6,36,2,7,58,2,6,19,204,8,13	1.0	21.542552947998047	0.3778450733433696
8258.0	38058.0	199.0	1.0	8.0	4,4,4,4,1,3,4	0,3,9,42,298,8,13	0.0	21.54254913330078	0.37784500822395206
8772.0	38059.0	220.0	1.0	11.0	1,1,4,1,4,1,4,4,4,2	0,3,2,23,9,66,2,5,17,207	0.0	21.54254913330078	0.3409640578307784
8193.0	38060.0	211.0	2.0	14.0	4,4,1,4,1,4,4,1,4,4,2,2,3	0,4,12,5,36,2,7,59,2,5,17,189,26	1.0	21.542552947998047	0.3563076498383557
7998.0	38061.0	199.0	3.0	8.0	4,4,4,4,1,4,4	0,3,9,46,304,3,12	1.0	21.54254913330078	0.37784500822395206
8666.0	38102.0	205.0	1.0	14.0	1,1,1,4,1,4,1,1,4,4,4,1,4	0,3,3,2,6,3,25,9,2,6,40,256,8	0.0	21.542552947998047	0.36691836978540227
8905.0	38103.0	199.0	1.0	10.0	4,1,1,4,4,2,1,1,4	0,6,2,2,5,12,209,8,7	0.0	21.542552947998047	0.3778450733433696
8670.0	38104.0	199.0	1.0	18.0	4,4,1,1,1,4,4,1,1,1,4,1,4,3,1,3,4	0,6,36,9,2,2,5,39,18,2,5,12,2,6,210,8,7	0.0	21.542552947998047	0.3778450733433696
8679.0	38105.0	206.0	1.0	18.0	1,1,4,1,4,1,1,1,4,2,4,1,4,4,4,1,4	0,6,2,6,3,7,18,9,2,6,7,51,2,5,13,217,8	0.0	21.542552947998047	0.3651282232560786
8505.0	38106.0	199.0	1.0	12.0	4,1,1,4,4,3,1,4,1,2,4	0,4,2,2,6,18,45,27,255,8,7	0.0	21.542552947998047	0.3778450733433696
8665.0	38107.0	205.0	3.0	12.0	4,1,4,4,2,1,4,4,4,1,4	0,6,2,6,36,67,2,5,17,214,8	1.0	21.542552947998047	0.36691836978540227
8514.0	38108.0	206.0	2.0	11.0	1,1,4,4,4,1,4,4,1,4	0,3,2,6,21,91,2,6,228,8	1.0	21.54254913330078	0.3651281581147983
8420.0	38109.0	205.0	1.0	17.0	4,1,4,1,4,4,1,4,4,1,4,4,1,3,1,4	0,5,2,6,2,8,36,2,7,58,2,6,20,4,205,9	0.0	21.542552947998047	0.36691836978540227
8754.0	38110.0	199.0	1.0	7.0	1,4,4,1,2,4	0,5,31,304,9,6	0.0	21.542552947998047	0.3778450733433696
8844.0	38111.0	205.0	2.0	12.0	4,4,1,4,4,1,4,4,3,1,4	0,5,26,2,7,58,2,6,24,206,8	1.0	21.542552947998047	0.36691836978540227
8425.0	38112.0	199.0	2.0	8.0	4,4,4,4,1,2,4	0,4,15,49,298,6,6	1.0	21.54254913330078	0.37784500822395206
8475.0	38113.0	205.0	2.0	7.0	4,4,4,4,1,4	0,4,16,52,291,6	1.0	21.542552947998047	0.36691836978540227
8681.0	38114.0	199.0	2.0	7.0	4,4,4,1,1,4	0,5,34,312,8,7	1.0	21.542552947998047	0.3778450733433696
8737.0	38115.0	205.0	2.0	6.0	4,4,4,1,4	0,6,36,305,8	1.0	21.54254913330078	0.3669183046425181
8600.0	38116.0	199.0	3.0	18.0	4,1,1,4,1,4,4,1,4,4,1,4,4,3,1,2,4	0,5,3,2,6,3,6,27,2,7,58,2,6,19,211,8,6	1.0	21.542552947998047	0.3778450733433696
8304.0	38117.0	205.0	1.0	7.0	4,4,4,4,1,4	0,5,15,56,298,6	0.0	21.542552947998047	0.36691836978540227
8352.0	38118.0	205.0	2.0	7.0	4,4,4,4,1,4	0,4,13,48,304,8	1.0	21.542552947998047	0.36691836978540227
8676.0	38119.0	206.0	1.0	8.0	4,1,4,4,4,1,4	0,4,2,8,36,304,8	0.0	21.54254913330078	0.3651281581147983
8362.0	38120.0	205.0	3.0	10.0	1,4,4,1,4,4,4,1,4	0,5,21,103,2,6,24,208,6	1.0	21.542552947998047	0.36691836978540227
8543.0	38121.0	206.0	1.0	8.0	1,1,4,4,4,1,4	0,5,2,5,33,312,8	0.0	21.542552947998047	0.3651282232560786
8765.0	38122.0	206.0	3.0	6.0	4,4,4,1,4	0,5,31,304,8	1.0	21.54254913330078	0.3651281581147983
8513.0	38123.0	205.0	1.0	16.0	1,1,4,1,4,4,1,4,4,1,4,4,4,1,4	0,4,2,7,2,7,33,2,7,58,2,6,17,213,8	0.0	21.542552947998047	0.36691836978540227
8400.0	38124.0	199.0	1.0	14.0	4,4,1,4,1,4,1,4,4,4,1,2,4	0,5,19,3,25,9,66,2,5,14,217,8,6	0.0	21.542552947998047	0.3778450733433696
8440.0	38125.0	205.0	2.0	9.0	1,4,4,1,4,4,1,4	0,5,17,56,2,45,240,6	1.0	21.54254913330078	0.3669183046425181
8518.0	38126.0	199.0	1.0	17.0	4,4,4,1,1,1,4,1,4,4,1,3,3,1,1,4	0,4,15,49,2,4,2,45,2,6,15,2,7,205,8,7	0.0	21.542552947998047	0.3778450733433696
8903.0	38127.0	205.0	1.0	6.0	4,4,3,1,4	0,6,20,211,8	0.0	21.54254913330078	0.3669183046425181
8401.0	38128.0	205.0	1.0	7.0	4,4,4,4,1,4	0,3,10,47,305,8	0.0	21.542552947998047	0.36691836978540227
8516.0	38129.0	199.0	1.0	10.0	1,1,1,4,4,4,1,1,4	0,5,2,3,8,36,304,8,7	0.0	21.542552947998047	0.3778450733433696
8436.0	38130.0	199.0	1.0	8.0	4,4,4,4,1,1,4	0,4,12,43,304,8,6	0.0	21.54254913330078	0.37784500822395206
8673.0	38131.0	199.0	1.0	11.0	1,1,4,1,4,1,4,4,1,4	0,6,2,6,3,25,9,66,245,7	0.0	21.542552947998047	0.3778450733433696
8533.0	38132.0	205.0	1.0	7.0	4,4,4,4,1,4	0,4,15,49,293,6	0.0	21.542552947998047	0.36691836978540227
8468.0	38133.0	206.0	3.0	12.0	1,4,4,1,4,4,1,4,4,1,4	0,3,10,44,2,7,58,2,9,226,8	1.0	21.54254913330078	0.3651281581147983
8608.0	38134.0	206.0	1.0	13.0	1,4,1,4,1,4,1,4,4,2,1,4	0,5,17,2,19,9,66,2,7,19,209,8	0.0	21.542552947998047	0.3651282232560786
8314.0	38135.0	199.0	1.0	8.0	4,4,4,4,1,1,4	0,3,10,46,313,8,6	0.0	21.54254913330078	0.37784500822395206
8537.0	38136.0	205.0	1.0	14.0	1,4,1,1,4,1,4,1,4,4,4,1,4	0,5,15,2,2,21,9,66,2,6,15,215,8	0.0	21.542552947998047	0.36691836978540227
8630.0	38137.0	206.0	1.0	9.0	1,1,1,4,4,4,1,4	0,4,3,2,7,35,304,8	0.0	21.54254913330078	0.3651281581147983
8430.0	38138.0	214.0	1.0	9.0	4,4,4,1,4,4,2,2	0,5,18,103,2,6,24,205	0.0	21.542552947998047	0.35111791775464424
8538.0	38139.0	199.0	2.0	12.0	1,4,1,4,4,1,4,3,1,2,4	0,3,9,5,28,97,2,8,205,8,7	1.0	21.542552947998047	0.3778450733433696
8399.0	38140.0	205.0	1.0	7.0	4,4,4,4,1,4	0,4,14,45,302,8	0.0	21.542552947998047	0.36691836978540227
8740.0	38141.0	199.0	1.0	9.0	4,1,4,2,4,4,1,4	0,6,3,25,10,65,245,7	0.0	21.542552947998047	0.3778450733433696
8435.0	38142.0	199.0	1.0	12.0	4,4,4,1,4,4,4,3,1,2,4	0,5,17,85,18,2,6,24,206,8,6	0.0	21.542552947998047	0.3778450733433696
8891.0	38143.0	206.0	1.0	7.0	4,1,4,4,1,4	0,3,4,9,221,8	0.0	21.542552947998047	0.3651282232560786
8906.0	38144.0	199.0	1.0	8.0	4,4,1,3,1,1,4	0,6,21,4,205,8,7	0.0	21.54254913330078	0.37784500822395206
8904.0	38145.0	205.0	1.0	6.0	4,4,4,1,4	0,6,17,214,8	0.0	21.54254913330078	0.3669183046425181
8564.0	38146.0	199.0	1.0	8.0	4,4,4,4,1,1,4	0,3,13,46,295,8,6	0.0	21.54254913330078	0.37784500822395206
8410.0	38147.0	206.0	1.0	11.0	4,2,4,4,1,4,4,2,1,4	0,5,6,19,97,2,5,14,216,8	0.0	21.542552947998047	0.3651282232560786
8394.0	38148.0	205.0	3.0	7.0	4,4,4,4,1,4	0,5,14,44,303,8	1.0	21.542552947998047	0.36691836978540227
8292.0	38149.0	199.0	3.0	8.0	3,4,4,4,1,1,4	0,3,11,53,307,6,6	1.0	21.54254913330078	0.37784500822395206
8471.0	38150.0	199.0	3.0	8.0	4,4,4,4,1,1,4	0,4,12,42,304,8,6	1.0	21.54254913330078	0.37784500822395206
8704.0	38151.0	199.0	1.0	8.0	4,4,4,4,1,2,4	0,4,12,40,295,8,6	0.0	21.54254913330078	0.37784500822395206
8391.0	38152.0	205.0	3.0	7.0	4,4,4,4,1,4	0,3,11,47,305,8	1.0	21.542552947998047	0.36691836978540227
8519.0	38153.0	206.0	2.0	10.0	1,1,4,1,4,4,4,1,4	0,3,2,7,2,7,33,304,8	1.0	21.54254913330078	0.3651281581147983
8611.0	38154.0	199.0	1.0	11.0	1,1,4,1,1,4,4,4,1,4	0,4,3,11,2,2,21,76,244,7	0.0	21.54254913330078	0.37784500822395206
8375.0	38155.0	206.0	1.0	14.0	1,4,4,1,1,4,4,1,4,4,2,1,4	0,3,10,48,2,2,6,57,2,7,23,205,8	0.0	21.542552947998047	0.3651282232560786
8527.0	38156.0	205.0	1.0	13.0	4,1,4,4,1,4,1,4,4,4,1,4	0,5,2,6,33,9,66,2,5,16,215,8	0.0	21.542552947998047	0.36691836978540227
8807.0	38157.0	198.0	1.0	16.0	4,1,4,1,1,4,4,1,1,3,4,2,1,3,4	0,6,1,18,9,2,6,40,18,2,5,14,216,8,8	0.0	21.542552947998047	0.3796975679016807
8674.0	38158.0	199.0	3.0	12.0	4,1,4,1,1,4,4,4,4,1,4	0,4,2,8,3,2,8,25,72,239,6	1.0	21.542552947998047	0.3778450733433696
8735.0	38159.0	206.0	1.0	6.0	4,4,4,1,4	0,6,36,304,8	0.0	21.54254913330078	0.3651281581147983
8512.0	38160.0	199.0	3.0	13.0	1,4,4,1,4,4,1,4,4,1,1,4	0,4,11,41,2,6,58,2,9,226,9,6	1.0	21.542552947998047	0.3778450733433696
8562.0	38161.0	206.0	2.0	14.0	1,1,4,2,1,4,4,4,1,4,4,1,4	0,4,2,6,7,2,8,24,73,2,7,221,8	1.0	21.542552947998047	0.3651282232560786
8675.0	38162.0	199.0	1.0	8.0	4,4,1,4,4,1,4	0,6,36,9,66,245,7	0.0	21.54254913330078	0.37784500822395206
8371.0	38163.0	199.0	3.0	8.0	4,4,4,2,4,1,4	0,3,9,50,68,244,7	1.0	21.54254913330078	0.37784500822395206
8446.0	38164.0	205.0	1.0	14.0	4,4,4,1,1,4,4,1,4,4,3,1,4	0,3,11,44,2,2,7,56,2,6,19,211,8	0.0	21.542552947998047	0.36691836978540227
8379.0	38165.0	199.0	1.0	12.0	4,2,4,4,1,4,4,2,1,1,4	0,5,7,19,97,2,7,23,205,8,7	0.0	21.542552947998047	0.3778450733433696
8662.0	38166.0	205.0	1.0	7.0	4,4,4,4,1,4	0,3,12,45,296,8	0.0	21.542552947998047	0.36691836978540227
8397.0	38167.0	205.0	3.0	7.0	4,4,4,4,1,4	0,3,8,41,313,8	1.0	21.542552947998047	0.36691836978540227
8863.0	38168.0	199.0	3.0	7.0	4,4,4,4,1,4	0,5,16,59,231,7	1.0	21.542552947998047	0.3778450733433696
8438.0	38169.0	199.0	1.0	13.0	1,1,4,4,3,1,4,4,2,1,2,4	0,5,2,7,36,76,2,6,18,210,8,7	0.0	21.542552947998047	0.3778450733433696
8536.0	38170.0	199.0	2.0	12.0	1,1,1,4,4,1,4,4,4,1,4	0,4,2,3,9,35,2,7,58,245,7	1.0	21.542552947998047	0.3778450733433696
8350.0	38171.0	199.0	2.0	10.0	4,4,4,1,4,4,4,1,4	0,4,16,53,2,6,51,244,7	1.0	21.542552947998047	0.3778450733433696
8678.0	38172.0	206.0	1.0	6.0	4,4,4,1,4	0,6,36,312,8	0.0	21.54254913330078	0.3651281581147983
8489.0	38173.0	199.0	1.0	12.0	1,1,4,4,1,1,4,4,4,1,4	0,5,2,7,34,9,2,6,58,245,7	0.0	21.54254913330078	0.37784500822395206
8502.0	38174.0	199.0	3.0	10.0	1,4,2,1,4,4,4,1,4	0,5,18,32,2,7,58,245,7	1.0	21.54254913330078	0.37784500822395206
8752.0	38175.0	199.0	1.0	10.0	4,4,1,4,4,4,4,1,4	0,4,25,7,2,7,58,245,7	0.0	21.542552947998047	0.3778450733433696
8565.0	38176.0	205.0	3.0	7.0	1,4,4,4,1,4	0,4,13,41,299,8	1.0	21.542552947998047	0.36691836978540227
8599.0	38177.0	199.0	1.0	8.0	1,4,4,4,1,1,4	0,3,7,34,312,8,7	0.0	21.542552947998047	0.3778450733433696
8550.0	38178.0	199.0	1.0	12.0	4,4,4,1,1,4,4,2,1,1,4	0,4,16,82,18,2,6,19,210,8,7	0.0	21.542552947998047	0.3778450733433696
8363.0	38179.0	199.0	3.0	11.0	4,4,4,1,1,4,4,4,1,4	0,3,9,50,2,2,7,56,245,7	1.0	21.542552947998047	0.3778450733433696
8756.0	38180.0	206.0	3.0	11.0	4,4,4,1,4,1,4,4,1,4	0,3,25,83,3,8,2,7,209,8	1.0	21.542552947998047	0.3651282232560786
8808.0	38181.0	199.0	1.0	9.0	4,4,1,4,4,4,1,4	0,4,29,2,7,59,244,7	0.0	21.54254913330078	0.37784500822395206
8459.0	38182.0	206.0	1.0	12.0	4,4,4,1,4,4,1,4,4,1,4	0,3,10,44,2,7,58,2,9,226,8	0.0	21.542552947998047	0.3651282232560786
8345.0	38183.0	205.0	3.0	7.0	1,4,4,4,1,4	0,4,13,48,304,8	1.0	21.542552947998047	0.36691836978540227
8613.0	38184.0	205.0	3.0	7.0	4,4,4,4,1,4	0,3,12,45,296,8	1.0	21.542552947998047	0.36691836978540227
8867.0	38185.0	199.0	3.0	7.0	4,4,4,4,1,4	0,3,10,54,244,7	1.0	21.542552947998047	0.3778450733433696
8330.0	38186.0	205.0	3.0	7.0	4,4,4,4,1,4	0,4,14,48,304,8	1.0	21.54254913330078	0.3669183046425181
8500.0	38187.0	199.0	1.0	10.0	1,4,4,1,4,4,1,1,4	0,5,17,100,2,7,228,8,7	0.0	21.542552947998047	0.3778450733433696
8685.0	38188.0	199.0	2.0	11.0	4,1,4,4,1,3,4,4,1,4	0,3,2,6,28,9,11,56,244,7	1.0	21.542552947998047	0.3778450733433696
8443.0	38189.0	469.0	1.0	5.0	4,4,4,4	0,4,18,85	0.0	21.542552947998047	0.10088343837492363
8739.0	38190.0	199.0	1.0	8.0	4,4,1,4,4,1,4	0,6,28,8,67,245,7	0.0	21.54254913330078	0.37784500822395206
8378.0	38191.0	205.0	1.0	7.0	4,4,4,4,1,4	0,3,10,48,305,8	0.0	21.542552947998047	0.36691836978540227
8442.0	38192.0	205.0	1.0	7.0	4,4,4,4,1,4	0,3,7,40,313,8	0.0	21.542552947998047	0.36691836978540227
8464.0	38193.0	199.0	2.0	8.0	1,4,4,2,4,1,4	0,3,10,44,68,244,7	1.0	21.542552947998047	0.3778450733433696
8866.0	38194.0	199.0	1.0	7.0	4,4,4,4,1,4	0,4,15,50,242,7	0.0	21.542552947998047	0.3778450733433696
8612.0	38195.0	199.0	1.0	11.0	1,1,4,4,1,4,4,4,1,4	0,5,2,8,36,2,7,58,245,7	0.0	21.54254913330078	0.37784500822395206
8555.0	38196.0	205.0	1.0	7.0	4,4,4,4,1,4	0,4,13,40,300,8	0.0	21.542552947998047	0.36691836978540227
8861.0	38197.0	205.0	2.0	9.0	4,4,4,1,4,4,1,4	0,5,16,54,2,7,219,9	1.0	21.54254913330078	0.3669183046425181
8595.0	38198.0	199.0	1.0	10.0	1,4,4,1,4,4,4,1,4	0,4,12,38,2,7,57,244,7	0.0	21.542552947998047	0.3778450733433696
8680.0	38199.0	199.0	3.0	10.0	4,4,4,1,4,4,4,1,4	0,3,11,38,2,7,57,244,7	1.0	21.542552947998047	0.3778450733433696
8718.0	38200.0	199.0	1.0	9.0	1,4,1,4,4,4,1,4	0,8,36,2,7,59,244,7	0.0	21.54254913330078	0.37784500822395206
8545.0	38201.0	469.0	3.0	5.0	1,4,4,4	0,4,16,82	1.0	21.542552947998047	0.10088343837492363
9051.0	38267.0	3.0	3.0	2.0	3	0	1.0	21.542552947998047	0.985434688011706
362.0	38736.0	698.0	4.0	3.0	1,4	0,5	1.0	21.542552947998047	0.032916382208696575
213.0	38737.0	714.0	1.0	6.0	1,1,1,4,4	0,1,3,3,11	0.0	21.542552947998047	0.03043878222608549
417.0	38738.0	692.0	1.0	3.0	1,4	0,3	0.0	21.542552947998047	0.033896620812736866
3721.0	38740.0	704.0	1.0	3.0	4,4	0,6	0.0	21.542552947998047	0.03196449061087144
7139.0	38742.0	742.0	1.0	4.0	1,4,4	0,4,16	0.0	21.542552947998047	0.02654323384692361
348.0	38743.0	699.0	1.0	4.0	1,2,4	0,4,5	0.0	21.542552947998047	0.03275578750365837
7158.0	38744.0	741.0	4.0	4.0	4,4,4	0,4,16	1.0	21.542552947998047	0.026673369714056445
3751.0	38745.0	699.0	4.0	3.0	4,4	0,5	1.0	21.542552947998047	0.03275578750365837
333.0	38747.0	704.0	4.0	3.0	4,4	0,6	1.0	21.542552947998047	0.03196449061087144
3729.0	38748.0	702.0	2.0	3.0	2,4	0,6	1.0	21.542552947998047	0.03227868923924533
3696.0	38749.0	708.0	4.0	3.0	4,4	0,8	1.0	21.542552947998047	0.03134523875003789
126.0	38750.0	724.0	4.0	4.0	4,4,4	0,4,13	1.0	21.542552947998047	0.028985897966787518
315.0	38751.0	708.0	1.0	3.0	4,4	0,8	0.0	21.542552947998047	0.03134523875003789
7077.0	38752.0	743.0	4.0	5.0	4,4,4,4	0,4,13,5	1.0	21.542552947998047	0.026413732895592436
7037.0	38753.0	749.0	3.0	4.0	1,4,4	0,7,19	1.0	21.542552947998047	0.02564988800367508
7047.0	38754.0	748.0	4.0	4.0	4,4,4	0,7,20	1.0	21.542552947998047	0.02577564398489683
7150.0	38755.0	741.0	4.0	4.0	3,4,4	0,5,16	1.0	21.542552947998047	0.026673369714056445
3772.0	38756.0	695.0	4.0	3.0	4,4	0,4	1.0	21.542552947998047	0.03340290595525046
412.0	38758.0	692.0	1.0	3.0	4,4	0,3	0.0	21.542552947998047	0.033896620812736866
357.0	38759.0	699.0	1.0	3.0	4,4	0,6	0.0	21.542552947998047	0.03275578750365837
7311.0	38760.0	733.0	2.0	4.0	4,4,4	0,5,16	1.0	21.542552947998047	0.02773769038682761
3703.0	38761.0	708.0	2.0	3.0	4,4	0,8	1.0	21.542552947998047	0.03134523875003789
115.0	38762.0	725.0	2.0	4.0	4,4,4	0,4,13	1.0	21.542552947998047	0.02884447957807365
7133.0	38763.0	741.0	4.0	4.0	1,4,4	0,5,17	1.0	21.542552947998047	0.026673369714056445
7052.0	38764.0	748.0	4.0	4.0	4,4,4	0,7,20	1.0	21.542552947998047	0.02577564398489683
3794.0	38765.0	692.0	4.0	3.0	4,4	0,3	1.0	21.542552947998047	0.033896620812736866
3701.0	38766.0	708.0	4.0	3.0	4,4	0,8	1.0	21.542552947998047	0.03134523875003789
3799.0	38767.0	692.0	3.0	3.0	4,4	0,3	1.0	21.542552947998047	0.033896620812736866
414.0	38769.0	692.0	4.0	3.0	4,4	0,3	1.0	21.542552947998047	0.033896620812736866
3800.0	38770.0	692.0	2.0	3.0	4,4	0,3	1.0	21.542552947998047	0.033896620812736866
7109.0	38772.0	742.0	2.0	4.0	1,4,4	0,4,18	1.0	21.542552947998047	0.02654323384692361
7118.0	38773.0	742.0	4.0	4.0	4,4,4	0,4,17	1.0	21.542552947998047	0.02654323384692361
7123.0	38774.0	741.0	4.0	4.0	1,4,4	0,5,17	1.0	21.542552947998047	0.026673369714056445
3748.0	38775.0	699.0	3.0	3.0	4,4	0,5	1.0	21.542552947998047	0.03275578750365837
385.0	38776.0	695.0	1.0	3.0	1,4	0,4	0.0	21.542552947998047	0.03340290595525046
3738.0	38777.0	699.0	4.0	3.0	4,4	0,6	1.0	21.542552947998047	0.03275578750365837
7115.0	38778.0	743.0	1.0	5.0	1,4,4,4	0,4,13,4	0.0	21.542552947998047	0.026413732895592436
3744.0	38780.0	699.0	4.0	3.0	4,4	0,5	1.0	21.542552947998047	0.03275578750365837
131.0	38782.0	725.0	2.0	4.0	4,4,4	0,4,12	1.0	21.542552947998047	0.02884447957807365
7129.0	38783.0	741.0	2.0	4.0	1,4,4	0,5,17	1.0	21.542552947998047	0.026673369714056445
367.0	38784.0	699.0	2.0	3.0	4,4	0,5	1.0	21.542552947998047	0.03275578750365837
3743.0	38785.0	699.0	2.0	3.0	4,4	0,6	1.0	21.542552947998047	0.03275578750365837
3561.0	38786.0	705.0	1.0	8.0	1,1,3,1,4,2,4	0,5,2,5,2,8,9	0.0	21.542552947998047	0.03180854005990252
7087.0	38787.0	743.0	1.0	6.0	1,4,1,4,4	0,4,13,2,3	0.0	21.542552947998047	0.026413732895592436
3737.0	38788.0	699.0	2.0	3.0	4,4	0,6	1.0	21.542552947998047	0.03275578750365837
3697.0	38789.0	708.0	4.0	3.0	4,4	0,8	1.0	21.542552947998047	0.03134523875003789
7243.0	38791.0	735.0	3.0	4.0	1,4,4	0,5,17	1.0	21.542552947998047	0.027467693541255455
390.0	38792.0	695.0	3.0	3.0	4,4	0,4	1.0	21.542552947998047	0.03340290595525046
342.0	38794.0	702.0	1.0	3.0	4,4	0,6	0.0	21.542552947998047	0.03227868923924533
392.0	38795.0	694.0	3.0	3.0	4,4	0,4	1.0	21.542552947998047	0.03356667334532475
3734.0	38796.0	699.0	2.0	3.0	4,4	0,6	1.0	21.542552947998047	0.03275578750365837
313.0	38797.0	708.0	4.0	3.0	4,4	0,8	1.0	21.542552947998047	0.03134523875003789
320.0	38798.0	708.0	4.0	3.0	1,4	0,8	1.0	21.542552947998047	0.03134523875003789
395.0	38799.0	694.0	4.0	3.0	4,4	0,4	1.0	21.542552947998047	0.03356667334532475
355.0	38800.0	699.0	4.0	3.0	4,4	0,6	1.0	21.542552947998047	0.03275578750365837
3745.0	38802.0	699.0	2.0	3.0	4,4	0,5	1.0	21.542552947998047	0.03275578750365837
7175.0	38803.0	740.0	4.0	4.0	4,4,4	0,5,16	1.0	21.542552947998047	0.02680414360984892
3671.0	38804.0	714.0	4.0	3.0	4,4	0,9	1.0	21.542552947998047	0.03043878222608549
146.0	38805.0	722.0	4.0	4.0	4,4,4	0,4,13	1.0	21.542552947998047	0.029270818176973898
418.0	38806.0	692.0	1.0	3.0	1,4	0,3	0.0	21.542552947998047	0.033896620812736866
3702.0	38807.0	708.0	4.0	3.0	4,4	0,8	1.0	21.542552947998047	0.03134523875003789
7107.0	38809.0	741.0	4.0	4.0	4,4,4	0,5,18	1.0	21.542552947998047	0.026673369714056445
3666.0	38810.0	714.0	2.0	3.0	4,4	0,9	1.0	21.542552947998047	0.03043878222608549
7399.0	38811.0	708.0	1.0	6.0	1,1,4,4,2	0,7,2,6,25	0.0	21.542552947998047	0.03134523875003789
3750.0	38813.0	699.0	4.0	3.0	4,4	0,5	1.0	21.542552947998047	0.03275578750365837
289.0	38814.0	714.0	1.0	3.0	1,4	0,9	0.0	21.542552947998047	0.03043878222608549
7206.0	38815.0	737.0	2.0	4.0	4,4,4	0,5,17	1.0	21.542552947998047	0.027200324827139154
7373.0	38816.0	731.0	4.0	4.0	4,4,4	0,4,15	1.0	21.542552947998047	0.02801034119737538
3766.0	38817.0	695.0	4.0	3.0	4,4	0,4	1.0	21.542552947998047	0.03340290595525046
142.0	38818.0	723.0	2.0	4.0	4,4,4	0,4,13	1.0	21.542552947998047	0.029128009699980455
3709.0	38819.0	705.0	4.0	3.0	4,4	0,9	1.0	21.542552947998047	0.03180854005990252
3767.0	38820.0	694.0	4.0	3.0	4,4	0,5	1.0	21.542552947998047	0.03356667334532475
378.0	38822.0	682.0	1.0	6.0	1,1,1,1,1	0,3,3,3,11	0.0	21.542552947998047	0.035595649315446905
3740.0	38824.0	699.0	4.0	3.0	4,4	0,6	1.0	21.542552947998047	0.03275578750365837
3810.0	38825.0	682.0	1.0	3.0	4,1	0,11	0.0	21.542552947998047	0.035595649315446905
312.0	38827.0	682.0	2.0	5.0	1,2,4,1	0,8,4,22	1.0	21.542552947998047	0.035595649315446905
359.0	38829.0	699.0	1.0	3.0	4,4	0,6	0.0	21.542552947998047	0.03275578750365837
3773.0	38830.0	695.0	4.0	3.0	4,4	0,4	1.0	21.542552947998047	0.03340290595525046
7136.0	38831.0	741.0	1.0	4.0	2,4,4	0,5,17	0.0	21.542552947998047	0.026673369714056445
3699.0	38833.0	708.0	2.0	3.0	4,4	0,8	1.0	21.542552947998047	0.03134523875003789
276.0	38835.0	682.0	1.0	4.0	1,4,1	0,8,34	0.0	21.542552947998047	0.035595649315446905
3606.0	38836.0	716.0	2.0	4.0	4,4,4	0,3,11	1.0	21.542552947998047	0.030142493131013456
3724.0	38838.0	682.0	1.0	4.0	4,4,1	0,4,22	0.0	21.542552947998047	0.035595649315446905
433.0	38841.0	682.0	1.0	3.0	1,1	0,11	0.0	21.542552947998047	0.035595649315446905
3771.0	38842.0	694.0	4.0	3.0	4,4	0,5	1.0	21.542552947998047	0.03356667334532475
3777.0	38843.0	694.0	4.0	3.0	4,4	0,4	1.0	21.542552947998047	0.03356667334532475
345.0	38844.0	682.0	1.0	6.0	1,1,1,4,1	0,4,2,3,17	0.0	21.542552947998047	0.035595649315446905
3790.0	38846.0	692.0	2.0	3.0	4,4	0,4	1.0	21.542552947998047	0.033896620812736866
356.0	38847.0	699.0	4.0	3.0	4,4	0,6	1.0	21.542552947998047	0.03275578750365837
7079.0	38848.0	742.0	4.0	4.0	3,4,4	0,5,18	1.0	21.542552947998047	0.02654323384692361
169.0	38849.0	721.0	1.0	4.0	4,4,4	0,4,12	0.0	21.542552947998047	0.029414326813755526
3632.0	38850.0	714.0	4.0	4.0	4,4,4	0,3,11	1.0	21.542552947998047	0.03043878222608549
7163.0	38851.0	739.0	1.0	4.0	1,4,4	0,5,17	0.0	21.542552947998047	0.02693555866242078
7424.0	38852.0	728.0	4.0	4.0	4,4,4	0,5,14	1.0	21.542552947998047	0.02842435073387904
7145.0	38855.0	731.0	4.0	7.0	1,1,1,4,4,4	0,3,2,2,6,18	1.0	21.542552947998047	0.02801034119737538
3498.0	38857.0	724.0	4.0	4.0	4,4,4	0,4,14	1.0	21.542552947998047	0.028985897966787518
3761.0	38858.0	682.0	1.0	5.0	1,1,2,1	0,6,3,11	0.0	21.542552947998047	0.035595649315446905
3801.0	38859.0	682.0	4.0	3.0	4,1	0,13	1.0	21.542552947998047	0.035595649315446905
329.0	38860.0	705.0	4.0	3.0	4,4	0,9	1.0	21.542552947998047	0.03180854005990252
389.0	38861.0	694.0	4.0	3.0	4,4	0,5	1.0	21.542552947998047	0.03356667334532475
7240.0	38863.0	736.0	2.0	4.0	4,4,4	0,5,16	1.0	21.542552947998047	0.027333682272508767
3739.0	38865.0	699.0	4.0	3.0	4,4	0,6	1.0	21.542552947998047	0.03275578750365837
7256.0	38866.0	735.0	4.0	4.0	4,4,4	0,5,17	1.0	21.542552947998047	0.027467693541255455
3779.0	38868.0	693.0	4.0	3.0	4,4	0,5	1.0	21.542552947998047	0.03373124365230958
247.0	38870.0	714.0	3.0	4.0	4,4,4	0,3,11	1.0	21.542552947998047	0.03043878222608549
354.0	38871.0	699.0	1.0	3.0	4,4	0,6	0.0	21.542552947998047	0.03275578750365837
7245.0	38872.0	696.0	1.0	15.0	1,1,4,1,4,1,1,1,1,4,4,1,4,4	0,5,2,7,2,6,2,2,2,2,5,14,4,8	0.0	21.542552947998047	0.03323993756476051
7151.0	38874.0	741.0	4.0	4.0	4,4,4	0,4,17	1.0	21.542552947998047	0.026673369714056445
223.0	38875.0	716.0	2.0	4.0	1,4,4	0,3,11	1.0	21.542552947998047	0.030142493131013456
446.0	38876.0	682.0	2.0	2.0	1	0	1.0	21.542552947998047	0.035595649315446905
328.0	38879.0	705.0	2.0	3.0	4,4	0,9	1.0	21.542552947998047	0.03180854005990252
7250.0	38881.0	736.0	3.0	4.0	4,4,4	0,5,16	1.0	21.542552947998047	0.027333682272508767
3710.0	38882.0	705.0	1.0	3.0	4,4	0,9	0.0	21.542552947998047	0.03180854005990252
7269.0	38883.0	735.0	1.0	4.0	1,4,4	0,5,16	0.0	21.542552947998047	0.027467693541255455
7076.0	38884.0	743.0	2.0	5.0	4,4,4,4	0,5,16,4	1.0	21.542552947998047	0.026413732895592436
3735.0	38886.0	699.0	4.0	3.0	4,4	0,6	1.0	21.542552947998047	0.03275578750365837
7104.0	38887.0	743.0	4.0	5.0	4,4,4,4	0,3,11,7	1.0	21.542552947998047	0.026413732895592436
7041.0	38888.0	747.0	2.0	4.0	4,4,4	0,7,21	1.0	21.542552947998047	0.025902016521123044
3610.0	38893.0	716.0	4.0	4.0	4,4,4	0,3,11	1.0	21.542552947998047	0.030142493131013456
3763.0	38895.0	696.0	4.0	3.0	4,4	0,6	1.0	21.542552947998047	0.03323993756476051
347.0	38896.0	696.0	4.0	5.0	4,1,4,4	0,4,2,6	1.0	21.542552947998047	0.03323993756476051
3759.0	38897.0	696.0	2.0	3.0	4,4	0,6	1.0	21.542552947998047	0.03323993756476051
3742.0	38898.0	699.0	4.0	3.0	4,4	0,6	1.0	21.542552947998047	0.03275578750365837
407.0	38899.0	692.0	2.0	3.0	4,4	0,4	1.0	21.542552947998047	0.033896620812736866
7085.0	38902.0	735.0	4.0	6.0	1,1,4,4,4	0,5,2,6,17	1.0	21.542552947998047	0.027467693541255455
129.0	38903.0	723.0	4.0	4.0	4,4,4	0,4,14	1.0	21.542552947998047	0.029128009699980455
3792.0	38904.0	692.0	2.0	3.0	4,4	0,4	1.0	21.542552947998047	0.033896620812736866
120.0	38905.0	725.0	2.0	4.0	4,4,4	0,4,13	1.0	21.542552947998047	0.02884447957807365
3780.0	38906.0	693.0	4.0	3.0	4,4	0,5	1.0	21.542552947998047	0.03373124365230958
6864.0	38908.0	696.0	2.0	11.0	2,2,1,1,1,4,4,1,4,4	0,1,1889,4,2,2,5,18,2,6	1.0	21.542552947998047	0.03323993756476051
3775.0	38909.0	693.0	4.0	3.0	4,4	0,5	1.0	21.542552947998047	0.03373124365230958
125.0	38910.0	722.0	4.0	4.0	4,4,4	0,5,14	1.0	21.542552947998047	0.029270818176973898
7105.0	38912.0	735.0	1.0	6.0	1,1,4,4,4	0,5,2,5,17	0.0	21.542552947998047	0.027467693541255455
7182.0	38914.0	738.0	4.0	4.0	4,4,4	0,5,17	1.0	21.542552947998047	0.027067618015228206
3757.0	38915.0	696.0	4.0	3.0	4,4	0,6	1.0	21.542552947998047	0.03323993756476051
394.0	38916.0	693.0	3.0	3.0	4,4	0,5	1.0	21.542552947998047	0.03373124365230958
3708.0	38918.0	705.0	2.0	3.0	4,4	0,9	1.0	21.542552947998047	0.03180854005990252
326.0	38920.0	705.0	2.0	3.0	4,4	0,9	1.0	21.542552947998047	0.03180854005990252
7088.0	38921.0	742.0	3.0	4.0	4,4,4	0,5,18	1.0	21.542552947998047	0.02654323384692361
358.0	38924.0	699.0	4.0	3.0	4,4	0,6	1.0	21.542552947998047	0.03275578750365837
7112.0	38927.0	741.0	2.0	4.0	4,4,4	0,5,18	1.0	21.542552947998047	0.026673369714056445
7135.0	38928.0	735.0	2.0	6.0	1,1,4,4,4	0,3,2,6,17	1.0	21.542552947998047	0.027467693541255455
410.0	38930.0	692.0	1.0	3.0	1,4	0,4	0.0	21.542552947998047	0.033896620812736866
447.0	38931.0	682.0	4.0	2.0	1	0	1.0	21.542552947998047	0.035595649315446905
3688.0	38934.0	710.0	2.0	3.0	4,4	0,11	1.0	21.542552947998047	0.03104012626705207
7090.0	38935.0	742.0	4.0	4.0	4,4,4	0,5,18	1.0	21.542552947998047	0.02654323384692361
453.0	38937.0	682.0	2.0	2.0	1	0	1.0	21.542552947998047	0.035595649315446905
7074.0	38938.0	743.0	4.0	5.0	3,4,4,4	0,5,14,6	1.0	21.542552947998047	0.026413732895592436
409.0	38939.0	692.0	4.0	3.0	4,4	0,4	1.0	21.542552947998047	0.033896620812736866
402.0	38941.0	692.0	4.0	3.0	4,4	0,4	1.0	21.542552947998047	0.033896620812736866
380.0	38942.0	696.0	1.0	3.0	4,4	0,6	0.0	21.542552947998047	0.03323993756476051
167.0	38945.0	721.0	1.0	4.0	4,4,4	0,4,12	0.0	21.542552947998047	0.029414326813755526
321.0	38947.0	705.0	2.0	3.0	1,4	0,9	1.0	21.542552947998047	0.03180854005990252
7043.0	38950.0	747.0	1.0	4.0	4,4,4	0,7,21	0.0	21.542552947998047	0.025902016521123044
7065.0	38951.0	743.0	1.0	5.0	1,4,4,4	0,5,16,4	0.0	21.542552947998047	0.026413732895592436
7081.0	38957.0	735.0	2.0	6.0	1,1,4,4,4	0,5,2,6,17	1.0	21.542552947998047	0.027467693541255455
3522.0	38959.0	723.0	4.0	4.0	4,4,4	0,4,13	1.0	21.542552947998047	0.029128009699980455
330.0	38960.0	705.0	1.0	3.0	1,4	0,9	0.0	21.542552947998047	0.03180854005990252
452.0	38961.0	682.0	1.0	2.0	1	0	0.0	21.542552947998047	0.035595649315446905
6943.0	38968.0	747.0	4.0	7.0	1,2,4,1,4,4	0,1,2,12,7,21	1.0	21.542552947998047	0.025902016521123044
3776.0	38969.0	693.0	4.0	3.0	4,4	0,5	1.0	21.542552947998047	0.03373124365230958
3778.0	38970.0	693.0	4.0	3.0	4,4	0,5	1.0	21.542552947998047	0.03373124365230958
7341.0	38971.0	710.0	1.0	5.0	1,4,4,2	0,5,3,33	0.0	21.542552947998047	0.03104012626705207
7459.0	38972.0	716.0	1.0	6.0	4,4,1,4,4	0,3,11,2,11	0.0	21.542552947998047	0.030142493131013456
3774.0	38973.0	693.0	4.0	3.0	4,4	0,5	1.0	21.542552947998047	0.03373124365230958
7191.0	38975.0	737.0	1.0	4.0	1,4,4	0,5,18	0.0	21.542552947998047	0.027200324827139154
7042.0	38976.0	748.0	4.0	4.0	4,4,4	0,7,20	1.0	21.542552947998047	0.02577564398489683
7068.0	38979.0	743.0	4.0	5.0	4,4,4,4	0,5,14,6	1.0	21.542552947998047	0.026413732895592436
3712.0	38980.0	705.0	4.0	3.0	4,4	0,9	1.0	21.542552947998047	0.03180854005990252
7251.0	38981.0	734.0	1.0	4.0	1,4,4	0,5,18	0.0	21.542552947998047	0.02760236183893705
7377.0	38982.0	708.0	4.0	4.0	1,4,2	0,8,34	1.0	21.542552947998047	0.03134523875003789
7317.0	38983.0	710.0	1.0	7.0	1,1,1,1,4,2	0,1,3,2,4,33	0.0	21.542552947998047	0.03104012626705207
296.0	38984.0	696.0	1.0	4.0	4,4,2	0,6,20	0.0	21.542552947998047	0.03323993756476051
3706.0	38986.0	705.0	1.0	3.0	4,4	0,9	0.0	21.542552947998047	0.03180854005990252
3782.0	38988.0	693.0	4.0	3.0	4,4	0,5	1.0	21.542552947998047	0.03373124365230958
174.0	38989.0	710.0	1.0	8.0	1,1,4,1,1,4,4	0,3,2,6,2,2,11	0.0	21.542552947998047	0.03104012626705207
3785.0	38990.0	692.0	4.0	3.0	4,4	0,4	1.0	21.542552947998047	0.033896620812736866
3793.0	38991.0	692.0	1.0	3.0	4,4	0,4	0.0	21.542552947998047	0.033896620812736866
445.0	38993.0	682.0	1.0	2.0	1	0	0.0	21.542552947998047	0.035595649315446905
449.0	38994.0	682.0	4.0	2.0	1	0	1.0	21.542552947998047	0.035595649315446905
325.0	38995.0	705.0	4.0	3.0	4,4	0,9	1.0	21.542552947998047	0.03180854005990252
179.0	38996.0	696.0	4.0	7.0	4,4,1,1,4,4	0,5,23,4,2,6	1.0	21.542552947998047	0.03323993756476051
7154.0	38997.0	739.0	4.0	4.0	4,4,4	0,5,18	1.0	21.542552947998047	0.02693555866242078
112.0	38998.0	725.0	1.0	4.0	1,4,4	0,4,14	0.0	21.542552947998047	0.02884447957807365
